9.366874703728713669e-01
8.414552453474872795e-01
9.291598833339711483e-01
1.163284931220446961e+00
9.280966222671425125e-01
8.810359939248354477e-01
9.105371990023920503e-01
1.039902090085128572e+00
1.165785595462138780e+00
9.590112886746084975e-01
1.090149000717443473e+00
1.051815793065324023e+00
1.183831582762942869e+00
9.750154689028738275e-01
8.417549496970828660e-01
1.148642811046136414e+00
1.120027001641779707e+00
9.089730993056511776e-01
1.186122272798051380e+00
1.004902219339685487e+00
8.911750335335615336e-01
1.056772702971521261e+00
1.070425337381048392e+00
1.015880472904955756e+00
1.068459266071325242e+00
1.167776878241417959e+00
9.499849704870965139e-01
1.057373345106340068e+00
1.064838862556688248e+00
9.091083695109531959e-01
1.212150785269705322e+00
8.713261999418173698e-01
9.323125132362861667e-01
8.951771264508958659e-01
8.530315511554080743e-01
8.607482565412902797e-01
8.821575417617619763e-01
1.077960127042763006e+00
8.533356710517425725e-01
8.074608280991013576e-01
1.057377945622343773e+00
1.139145297512091926e+00
1.195137919213207223e+00
1.011865336937433080e+00
9.836700158501209268e-01
1.165563615286212551e+00
8.965498577616118903e-01
8.996684622493076322e-01
1.009625788995583084e+00
1.071916274856435258e+00
9.966907274940626227e-01
9.478725234344969053e-01
1.090657367777643882e+00
1.039063197677601691e+00
8.129159004755499573e-01
9.713689820833489863e-01
9.357441743044343507e-01
1.079632309880043550e+00
1.069356444152172125e+00
9.419934733251746906e-01
8.368780707649965400e-01
1.077271770013670693e+00
9.881198885818440747e-01
8.124007365202238207e-01
9.881471782233748335e-01
8.411469355190860364e-01
8.697577248227454927e-01
1.132715309787064806e+00
1.151325219102683928e+00
9.846886739209969042e-01
9.754015106594046136e-01
8.648632342212556612e-01
9.815232489896442702e-01
8.095753040895397046e-01
9.151826080826611642e-01
8.666945676743764704e-01
1.141315518619018921e+00
1.167431217921933495e+00
1.170509900773326617e+00
1.120269952320792850e+00
1.035160830479542327e+00
1.031100026137441450e+00
1.004072126038006330e+00
1.021703941399480398e+00
9.882168105089601529e-01
1.138244101580659473e+00
1.064799432467573581e+00
1.029967032808961180e+00
8.768915245102959499e-01
9.451737128534394294e-01
9.783425416596980284e-01
1.029733484548125411e+00
8.114500349096095411e-01
1.026786573345309872e+00
1.123950639523560335e+00
1.208057828896158314e+00
9.959725686378841925e-01
8.748193345190276027e-01
1.008022113473601822e+00
9.924461452640067627e-01
1.184557924428489839e+00
1.135030511133824804e+00
1.150148831564022256e+00
9.096245834355292104e-01
9.123091405556074118e-01
1.037116976542712399e+00
9.732539888066352729e-01
8.159924631543711282e-01
1.119637567192517613e+00
1.085925104457289070e+00
1.176396012664822299e+00
1.048455739623395333e+00
9.111208986002271581e-01
9.734079970516382740e-01
1.046266506193617385e+00
9.753714358565670484e-01
9.219967616302505720e-01
9.973649407569229464e-01
9.501120842375165854e-01
1.159225184195574965e+00
9.808147687987031071e-01
1.086312470555375720e+00
9.654989938283314865e-01
1.008201879838809489e+00
1.018752522899538437e+00
9.455678236505528078e-01
9.670778333491122369e-01
9.307118398389828684e-01
7.945219947418284967e-01
9.217668339543346745e-01
1.130874135974148764e+00
1.090001884590526160e+00
8.473162531910656270e-01
1.223529240798759687e+00
9.989111752031571978e-01
9.218753886929833552e-01
1.058365010009795881e+00
1.172920949615305242e+00
1.089463383354204895e+00
1.051254808992033940e+00
9.643572390250293447e-01
1.119042131938752016e+00
7.935909262895683991e-01
1.108533416359619661e+00
9.296587499531172583e-01
9.771881986811155052e-01
1.211956013108382413e+00
9.188142605940280427e-01
1.144485555815036193e+00
9.445048365945956093e-01
1.064346102505639324e+00
1.061918841092866828e+00
9.624500500376430567e-01
9.253734070915754506e-01
1.080699298257551177e+00
9.182131886618700722e-01
8.677696592332625469e-01
9.681804528138269195e-01
1.114288057383840957e+00
1.196339813283883835e+00
9.506290881654608782e-01
1.045584511986610954e+00
8.884167608453057419e-01
9.617153131957283385e-01
8.148895520838618234e-01
9.528127138706048438e-01
1.203749201336746566e+00
1.161787004509898136e+00
1.038253392094637739e+00
9.505872869911530243e-01
8.803314895301661558e-01
9.997431182117995085e-01
1.033517706041707118e+00
1.007692096029852102e+00
1.094121514758699787e+00
1.021591358385038228e+00
1.080393304712465641e+00
7.996131213757597944e-01
1.003715002555773284e+00
8.998702405988758812e-01
9.693973534356321586e-01
9.327023758808496989e-01
9.005677379130206939e-01
9.516608783417346284e-01
1.017798140334124080e+00
1.063246649716007131e+00
1.014731383782459639e+00
8.473477885871893989e-01
1.072928632398010507e+00
1.097024338756170447e+00
1.126546069513257864e+00
1.170205503536375868e+00
1.160676560139235702e+00
8.929802224373231123e-01
9.125506057856674902e-01
1.113121992731142207e+00
1.039246073285822858e+00
9.417641729043408905e-01
9.105785742723527809e-01
1.111153758708784300e+00
8.316820492968638456e-01
7.981215635894793881e-01
9.923229250187519668e-01
1.109671309985806431e+00
9.703439838771565906e-01
1.080014161279065910e+00
1.087938972692364947e+00
9.692971711226967546e-01
9.664047154516007820e-01
9.196536540482438404e-01
1.096387427139972726e+00
1.025626809051436217e+00
9.052487840958696186e-01
9.009706605558192027e-01
8.986394512659111600e-01
1.032163373668063544e+00
9.883293503303913763e-01
9.804346718970657903e-01
1.069825754063784773e+00
1.061602565968617018e+00
9.760908870821831673e-01
9.883804689859951864e-01
1.171977010033879996e+00
8.627709815887254496e-01
1.019946842781109364e+00
8.989869198066744449e-01
1.127946312187898537e+00
1.064268075617782694e+00
9.483002431108910057e-01
9.255797904740279414e-01
1.056199530497383909e+00
9.824144861242758431e-01
8.609772483327580161e-01
9.635088967309736185e-01
9.573021732016022689e-01
1.021659037931448077e+00
1.171238590492267972e+00
1.035833750568931011e+00
1.071527025220585072e+00
9.071342835246285485e-01
9.068601014486468159e-01
1.160070853988183659e+00
1.089378694083805721e+00
8.565788143508934471e-01
7.762302120310462517e-01
8.970680030668106708e-01
1.129332356990579100e+00
8.535055166162444085e-01
1.168336592517484229e+00
1.047189487990799250e+00
9.792635449548835469e-01
1.014088308227430568e+00
1.087308140899654774e+00
1.069790677610033214e+00
1.081663047124804544e+00
1.201133758922603434e+00
1.127255036144850786e+00
9.711033875335408627e-01
8.024607094717721711e-01
9.479512009749606616e-01
1.082372857166626456e+00
1.060369792112171083e+00
9.825911969232949961e-01
1.104124538492411656e+00
1.012294518138786348e+00
1.067001726335904843e+00
1.156818891889884959e+00
9.545401730733793499e-01
9.051250510248367576e-01
1.172760743943637385e+00
1.000520747097749963e+00
9.842459596356327722e-01
8.352202352200734925e-01
1.126748894480030128e+00
1.210366099734080159e+00
9.835041852205417268e-01
9.047897034998453325e-01
1.178488089416920959e+00
1.135383859429835107e+00
1.085230944490428673e+00
9.651342101742486079e-01
1.091522716066454679e+00
1.184612004165259025e+00
1.078137519105629938e+00
8.834881141999944010e-01
8.134766683441412294e-01
9.472725149339927819e-01
1.134680732886043764e+00
1.089054602532430804e+00
9.196626385147841365e-01
8.956034085279795942e-01
9.230634563962301087e-01
8.988139536817338904e-01
1.201188608476079667e+00
9.592336684286411064e-01
1.085750591495940220e+00
8.562473315161767129e-01
1.068582036566751992e+00
9.175240094646237576e-01
8.436914868686283819e-01
8.812446957675910131e-01
1.006511130082827332e+00
8.125426208300160491e-01
1.203803368061790335e+00
1.081987632483118134e+00
1.103011089571012793e+00
1.026433085812189727e+00
1.096860875332417828e+00
9.653239518380276607e-01
1.041037989947438902e+00
1.106083855834007590e+00
9.951446647753945385e-01
1.087277677617871641e+00
1.106602581070870617e+00
1.025328088867965226e+00
9.965610485740568070e-01
9.595540887602539426e-01
9.933351758375463803e-01
9.254530645469962735e-01
1.056426791067494042e+00
9.769602343474557138e-01
8.582092406491284020e-01
1.126042272991461646e+00
9.297226394522679627e-01
1.132587954079913084e+00
1.109728407373113068e+00
9.544873752593971972e-01
8.370145995721811616e-01
1.133473026403964079e+00
1.164694109827828949e+00
9.823950560216643257e-01
9.730408833369208477e-01
1.088008518363022592e+00
1.182304017374627314e+00
1.004269528853384053e+00
8.849156824206603211e-01
1.151712582172321975e+00
8.245251134784743474e-01
9.997223756729649580e-01
1.035005423320064954e+00
9.055536247600277644e-01
9.456772479274184739e-01
9.394375305305906476e-01
8.441750821565623397e-01
1.122633356938823601e+00
1.100017058336648201e+00
9.444867733302859669e-01
1.044198471515022320e+00
1.005124126937567475e+00
8.301515011580837822e-01
1.035301166579874366e+00
9.696313829618053992e-01
9.862749981985788894e-01
1.174184435242502822e+00
1.020282076753393774e+00
9.835970853263028557e-01
8.854506045842438500e-01
1.124640171615927775e+00
1.058850894659912667e+00
1.039963704083271878e+00
9.299653693979288427e-01
9.948690505618118518e-01
7.969314224533221580e-01
9.665382527508508126e-01
1.022650155508233460e+00
8.247182574567915037e-01
9.705685014132288124e-01
9.670677557634947963e-01
9.203390939449063168e-01
9.521102637963136939e-01
9.747424118052909758e-01
9.040707204398266139e-01
1.088695919811731638e+00
1.104082417830818397e+00
9.666969437876364868e-01
1.216381954418562117e+00
8.644983164993058633e-01
8.997172524384267067e-01
1.215341389851550380e+00
1.124874192830176867e+00
8.506478705961393327e-01
1.138497882444335030e+00
1.084522199191505720e+00
9.462318615989548931e-01
9.791929761097625251e-01
1.165575500855143387e+00
1.061239481359722570e+00
1.111813425259762012e+00
1.031610645042220664e+00
1.054874031242311272e+00
1.016231672922579099e+00
1.086150878726741542e+00
1.040707513810914309e+00
1.038122065204211131e+00
8.649346540729406785e-01
9.715139259450712439e-01
1.161307355435609701e+00
1.094643702171681721e+00
1.059424015569351729e+00
9.176873380324810370e-01
1.088979300943831552e+00
1.066326114651658497e+00
9.010453561105906672e-01
1.009276996526146331e+00
1.181760005583523343e+00
1.168700375365417710e+00
1.141611193299160831e+00
1.022226657777472569e+00
8.621585398655454702e-01
1.025142218143297201e+00
1.119177822638471431e+00
8.760286247999923281e-01
1.079693567266519549e+00
9.967614151792404398e-01
9.331919403081387898e-01
8.559729911287914383e-01
1.023280893382837453e+00
9.801394687322144694e-01
1.063683228453051299e+00
9.804780354023789890e-01
9.694229788406885095e-01
1.166703759366183535e+00
8.594844065872317973e-01
1.117918897164480008e+00
9.807143772125024306e-01
1.199763030940682818e+00
1.186955367885993651e+00
1.147115180304739246e+00
1.078185960893883522e+00
1.072240898395291353e+00
1.122985431481716256e+00
9.516608147957020813e-01
9.510489537736896981e-01
9.773208089157154888e-01
1.115198202195239574e+00
8.932080504860178127e-01
9.635297699248183134e-01
1.019584805047616172e+00
1.113974151616811792e+00
8.506725436410842445e-01
1.130619558689713644e+00
1.048949865235315748e+00
9.101830651134368289e-01
1.152648741639008989e+00
1.075262440473179426e+00
8.529326382322180988e-01
8.023200599783337772e-01
1.037462802613128510e+00
1.109516354283358819e+00
8.107104854728486298e-01
9.252602008959833757e-01
1.027920371506698904e+00
8.165281394408345772e-01
9.392175435187316568e-01
9.147898561072067558e-01
1.173056064850096947e+00
9.866029300422353154e-01
1.123703294353296966e+00
9.089495061013557198e-01
1.199667458228259598e+00
8.755264240709770274e-01
9.712393284602709453e-01
1.071981431120732298e+00
1.092913806106703634e+00
9.366149096000428997e-01
1.032709135616773688e+00
8.359289290491507263e-01
1.013471343963630478e+00
1.157717114319363416e+00
1.084234150017975740e+00
1.138225032260328895e+00
1.082272747167162708e+00
9.662482114958546031e-01
1.150712773987927484e+00
8.892435176754123205e-01
9.384451939116442709e-01
9.571165983481033646e-01
8.028737384642008479e-01
1.050189345008236463e+00
1.214509046125132441e+00
7.845017012367556664e-01
1.035848049973905782e+00
1.000325094364017620e+00
1.106757656400506384e+00
1.171426691593336233e+00
9.148107186893175147e-01
9.201849528362042729e-01
9.568047559829249149e-01
8.838989276515160087e-01
8.929529574744768938e-01
1.172960120664782835e+00
1.035368460775839550e+00
1.084231195581938145e+00
8.476617323132970006e-01
9.190608988954090952e-01
9.409421317215194147e-01
1.162560879383580881e+00
1.015839857735954865e+00
9.083818965116097210e-01
1.140016797271965476e+00
8.736502748545074137e-01
9.114306605592887855e-01
1.123700936369426584e+00
9.380371374513396532e-01
1.094722932261243953e+00
1.172330482001120888e+00
9.960004677486311575e-01
1.093510670177677335e+00
1.016233152231534653e+00
1.026361815877762318e+00
9.526736430564458624e-01
9.193185443152869230e-01
9.381011770362746027e-01
1.144441569665074931e+00
1.159685753505085737e+00
9.724861853780514265e-01
9.419781580166106671e-01
9.145796370019064758e-01
9.259653359479711465e-01
8.357199029692211623e-01
9.451151463972129463e-01
9.097503719540266376e-01
1.054919013581142817e+00
1.068132117378584711e+00
8.049801173222417283e-01
9.114895970008982662e-01
1.158983266608426987e+00
8.786979815693521934e-01
9.702238531293009283e-01
9.179165333618334310e-01
8.125870878810484976e-01
1.204408003569830354e+00
8.425424787877360266e-01
1.041336886292536734e+00
8.310604611817489218e-01
8.588510872455014100e-01
1.090994946825649237e+00
1.031177990839580172e+00
1.112548599256252047e+00
9.061358403341424061e-01
8.019389902737569242e-01
1.074073586765363686e+00
1.093547418407174954e+00
1.038517945517353658e+00
1.050065394741874325e+00
1.005954160350527982e+00
1.013627034889990730e+00
1.136548505636283402e+00
1.110099767229697942e+00
8.665047609192327860e-01
9.261440870038386564e-01
1.009680599515040189e+00
8.952270776812898401e-01
1.045697157600700589e+00
1.013327360330776195e+00
1.061525118672948631e+00
8.880294015502072646e-01
1.088323868673721107e+00
9.991228888911287687e-01
9.496483903158683404e-01
8.896335660446678117e-01
1.130427396862726530e+00
1.040888078046507736e+00
1.013462156207671994e+00
8.286606743926656637e-01
1.180235741181153930e+00
1.137114435519353206e+00
