9.731982818619375752e-01
1.075725568864163817e+00
8.275616663601468304e-01
8.302638148775862703e-01
1.054695228897883919e+00
1.057865329747783578e+00
1.046732039563868399e+00
9.462436652119622371e-01
9.646383913517608821e-01
8.206797850802729499e-01
1.013105109886911714e+00
1.222844321655833788e+00
9.170097075793781638e-01
1.007489538508884008e+00
1.174334411745742157e+00
8.592678836824652056e-01
1.164468890488787878e+00
1.010841534988771606e+00
8.874080899023437663e-01
1.223308471433430800e+00
9.759470689601426052e-01
9.728547920328726173e-01
1.106508387291289752e+00
9.824933704686542590e-01
1.136908383718056026e+00
8.639944781650734651e-01
8.227581366147220798e-01
1.172245326186155401e+00
1.151147589458215714e+00
9.242900983514397151e-01
9.743571531001598007e-01
8.411961295592134125e-01
1.071942224309896607e+00
1.111291229914395107e+00
7.677188726758752413e-01
9.532276672587298716e-01
1.160650973476151870e+00
1.197161759323806640e+00
1.052194047821684908e+00
1.016991692477736464e+00
1.054297855758403513e+00
1.049971441446595044e+00
9.537804306893427064e-01
1.005704876274504445e+00
9.283866497076513902e-01
1.118122704208494023e+00
1.017491147045584299e+00
1.095880396823159408e+00
9.323823226220618876e-01
1.066092998971550188e+00
1.115288619701900075e+00
9.692565705345290716e-01
9.114681550217645922e-01
1.135704731052073813e+00
9.704206452344360523e-01
1.191635368867521638e+00
9.154579912606912728e-01
1.193564594672045898e+00
9.585621190039226303e-01
1.162283022485947059e+00
9.793604793167509648e-01
9.893687228656594668e-01
1.069759733114838740e+00
1.084104105478913338e+00
1.152917252098852652e+00
1.017547868253368293e+00
1.010622028374113635e+00
1.027015447884645827e+00
9.625496444261137929e-01
9.078438666242776289e-01
8.496290657322447260e-01
1.144241934272357764e+00
9.646395770110580692e-01
1.131971399788876731e+00
9.308463819968098019e-01
1.011685373052402248e+00
8.134618577411536489e-01
1.029596305761180330e+00
1.027747561214795269e+00
1.140081952895820372e+00
9.639787123634396826e-01
8.336036630846022089e-01
8.833757951866197944e-01
1.185340349303444007e+00
1.078802850364160237e+00
1.049982081766650754e+00
9.203763360780208291e-01
1.018805888356116851e+00
8.773963532253208353e-01
1.142815726689048628e+00
9.142290048722083728e-01
7.903288412944771135e-01
9.885775716128890611e-01
1.081794604682015493e+00
8.220702599805578270e-01
8.036186131788215503e-01
1.092036417627052725e+00
1.035935176700720550e+00
8.737253509912232818e-01
8.773029969813295192e-01
1.112424892075661198e+00
8.610967153174622357e-01
1.053546399591239524e+00
9.534089225974036186e-01
1.048231773183637694e+00
1.003747020943348334e+00
1.066151366768105957e+00
1.126908721214793241e+00
8.878200857933524759e-01
1.119450471710976558e+00
9.050627324210334113e-01
1.043385619717202006e+00
1.001864087837586847e+00
9.949601979734090662e-01
9.254988172825278081e-01
1.006286189937376063e+00
1.065804214026154106e+00
9.881645862884962384e-01
9.698030724269754987e-01
8.323981131573132686e-01
1.133429481026867691e+00
9.987715646482098197e-01
9.059092373643509166e-01
8.202284761029134952e-01
8.324707710988840104e-01
9.326654581217088680e-01
9.072283371392801943e-01
8.300655903007269076e-01
1.068342681635026103e+00
1.061195073493777397e+00
1.142141913537066955e+00
9.960099340402015500e-01
9.996106975419715157e-01
1.005623439215604265e+00
8.548805125854390674e-01
9.379144131287175945e-01
9.572481185771173351e-01
1.188412127460534151e+00
1.129212300254009538e+00
1.005079808148278575e+00
1.020974720878371489e+00
1.038137035385279239e+00
1.062876869105885413e+00
1.207287411419120993e+00
8.873182721624814917e-01
9.325244506047837278e-01
1.002914145327866935e+00
1.139125246063160235e+00
9.558097051332316019e-01
9.049396348330077666e-01
8.746321017241325269e-01
9.907486074060356529e-01
1.000288301819429515e+00
9.567797556314201479e-01
9.540788104370259148e-01
8.526947230577057724e-01
1.078287711127858373e+00
1.043074337771790594e+00
1.010177863770515883e+00
1.180743769595392623e+00
9.298540024489175826e-01
1.104455607123015382e+00
1.024593051526132337e+00
9.448726904619385580e-01
8.433777733405820598e-01
9.509925152951705929e-01
8.463465755576783378e-01
1.111863317624596004e+00
1.014867026575495990e+00
1.021192235957137262e+00
1.080161406870742802e+00
9.984364519421754514e-01
1.022205365040606440e+00
1.054197670342345017e+00
1.019826585669853625e+00
1.060974918144432344e+00
9.286207043282768137e-01
9.078810532514691722e-01
8.860149072405683057e-01
9.115761469113905502e-01
8.359601970293342177e-01
1.102409269769052846e+00
1.098071714493097817e+00
9.339191231704969676e-01
1.055704056536679758e+00
8.462257559748767033e-01
1.166581654687636416e+00
9.499561204609632270e-01
1.035674707175561204e+00
9.565379884832174717e-01
1.060198068291300810e+00
9.519356380435870513e-01
8.946108639647033511e-01
1.020694714845634454e+00
1.087012164351489396e+00
1.053469079818916798e+00
1.018199107102544243e+00
9.801613201367498363e-01
1.138851349008416447e+00
1.145105593298340496e+00
8.513417126753211051e-01
9.109824348873161171e-01
1.132682139733844018e+00
9.455487565098701364e-01
8.888345446225509594e-01
8.579571838325922295e-01
1.216106414531882063e+00
1.096552932676434056e+00
1.190615623356277464e+00
1.090769757193615686e+00
1.153153826922342473e+00
9.118002432894125597e-01
8.521990632127136589e-01
1.097039207874935141e+00
8.973477383011161379e-01
9.303800923120149058e-01
1.020711355006748811e+00
8.750960581454623188e-01
1.115418017655529948e+00
1.008892115643792886e+00
9.489992551035677515e-01
9.688104336048077858e-01
1.110674497885836054e+00
1.086220393982463728e+00
1.094453361773773281e+00
8.198884635422432066e-01
1.050224548516931700e+00
1.006291762237894627e+00
1.133108346422472046e+00
1.139508603455685609e+00
1.026073180628725767e+00
1.026128745520801466e+00
9.416445546990361848e-01
9.213688933614155863e-01
8.086454852163365015e-01
8.472729094764600566e-01
1.044569127322456215e+00
1.070296264789324159e+00
1.054637178873627290e+00
9.417393511544200901e-01
1.000475507441999312e+00
9.934966476574833560e-01
1.098088446576132027e+00
1.126430610215431338e+00
1.107126991519823189e+00
9.000460797181120132e-01
1.130070014032107828e+00
1.055768868487141798e+00
8.968342437747918172e-01
1.135302116715158016e+00
9.100125199147391930e-01
7.965016986488997475e-01
1.009487869642611946e+00
8.323088155064135574e-01
1.071745397240081665e+00
1.056990787727806858e+00
1.085288911142406665e+00
1.075022173260300917e+00
1.126641667356446330e+00
9.940747561519502895e-01
9.585033880021165409e-01
1.227576091072544839e+00
9.533103692468248846e-01
8.437587298609682263e-01
1.154141977952520159e+00
1.177718319802943059e+00
1.066790192675612037e+00
8.624045792510444119e-01
1.133911794629203218e+00
8.565757629255098538e-01
8.490501564450421146e-01
1.049455304840269498e+00
1.209248864652243904e+00
1.192948482814758515e+00
1.076252798421746926e+00
1.170375043016639083e+00
1.067689034462060871e+00
1.022356793851929346e+00
9.171532417010755944e-01
1.226887726888272079e+00
9.299848271143780210e-01
8.779117977732664446e-01
1.103416962307020910e+00
1.045122531544890210e+00
1.093403361225605330e+00
1.042916403221051613e+00
9.012759440696652691e-01
9.428972011329368463e-01
1.083170292183081918e+00
1.003871600320164870e+00
7.959047509528520692e-01
1.025263626956694596e+00
8.994661610715382061e-01
8.617365226472347706e-01
1.020833235925539206e+00
1.215824511991710599e+00
9.087279296912704751e-01
9.408861208637644413e-01
1.052396927353266731e+00
9.952660890149281903e-01
1.004392061742344078e+00
1.053967612259103293e+00
8.257439082813355924e-01
8.441818454268492644e-01
1.217775820811538789e+00
1.075128506104708892e+00
8.545902823006268356e-01
9.711531943381030985e-01
1.091735014581064922e+00
1.023578504173767056e+00
1.028182752783746601e+00
1.015130766428455678e+00
9.558945541602050788e-01
8.547771646914469335e-01
1.029494215316962613e+00
1.111135617863844072e+00
8.585096501047502215e-01
9.799724833505516486e-01
1.027808812699179342e+00
9.295260140401997440e-01
1.226207221104280043e+00
9.763188545075291991e-01
7.927649600781232486e-01
1.068019661308356572e+00
8.346772666957020803e-01
9.696881279444473645e-01
1.043288241681475492e+00
1.091991779315285793e+00
9.461578566393034073e-01
1.050277352181794965e+00
9.142649159197739905e-01
9.845624151196417095e-01
1.010240816745597403e+00
8.529974587867155122e-01
9.002907707391276659e-01
9.161422415467730396e-01
9.523082253636716565e-01
1.005452839117711550e+00
1.102936849113616669e+00
9.918790393627705537e-01
8.564251513077112410e-01
9.915444226755087964e-01
1.126151344730994763e+00
1.127488855185387440e+00
1.060584220107287035e+00
9.311697888536231149e-01
9.269438740861973836e-01
1.100609364809483681e+00
9.259269342089913035e-01
8.915067362622706160e-01
9.941035573045339246e-01
9.977131393999257858e-01
9.006997471945052958e-01
8.960924809554305925e-01
9.335877814183151102e-01
8.685313250009301100e-01
8.459083621061543878e-01
8.966346715308466386e-01
8.923679351897202405e-01
8.410056771367360184e-01
8.732478832946078962e-01
1.172661453345176685e+00
9.644918003722191546e-01
8.415027165402109155e-01
1.007124622271610370e+00
9.612462012235287734e-01
1.065798579405486057e+00
9.190978031897909517e-01
9.243589446497180173e-01
1.125934035751894102e+00
1.074398389120273745e+00
1.032366894653699907e+00
1.087607751599221961e+00
1.068192700491092495e+00
1.017049448281424739e+00
9.254613198979108057e-01
1.084977627037477133e+00
9.826045233714799654e-01
9.173507830965954568e-01
9.288423099824985041e-01
9.398419483381563744e-01
8.998749663209355543e-01
9.846179079622101593e-01
8.050175947223388029e-01
1.099694790019431601e+00
9.922918585315020357e-01
1.051530105508854396e+00
1.064079805713614935e+00
9.338948103652904287e-01
8.154817705701398189e-01
9.781074063532740892e-01
8.662256004819997024e-01
8.017332286883519510e-01
1.102219091054511102e+00
1.049800013148563416e+00
1.082106897933141632e+00
1.033237439640521282e+00
8.661424927248841943e-01
8.632343053925477516e-01
8.775350789451121791e-01
1.069094197144557779e+00
1.095258526302739899e+00
9.649399706554839806e-01
1.084770608095089850e+00
9.125584024222391788e-01
9.948688150718432155e-01
9.554626165848525421e-01
1.034474928216557954e+00
1.130187393485545311e+00
1.058150932310139902e+00
8.918587754091580333e-01
1.113438490646148527e+00
1.051096762905653126e+00
9.907246283629931316e-01
9.324340136316233707e-01
9.513295153476659660e-01
1.115386511387938651e+00
9.434874105728022764e-01
1.087341935332160059e+00
1.008982461924124108e+00
9.752665117856025301e-01
9.717589297819702043e-01
9.065058013060448561e-01
8.692583309705153027e-01
9.811590167173773747e-01
9.711823017189278318e-01
1.140612913083675295e+00
8.621313363952616271e-01
1.112937933310977678e+00
1.113392002445340756e+00
9.882886744182668437e-01
8.343779004175458924e-01
1.154583768183554904e+00
9.671763891696634197e-01
1.070358380797150177e+00
1.178331185775773227e+00
1.027871272226528410e+00
9.225284241704649890e-01
1.073851632076882057e+00
1.065773638008048696e+00
9.491037633321365297e-01
8.756942107862888403e-01
1.054677954579906096e+00
9.405846612148542896e-01
1.123686818801952203e+00
1.058566626195397209e+00
1.143442669812724910e+00
9.282791444554309157e-01
1.145058374201125995e+00
1.032817065996849637e+00
1.027161600131774044e+00
8.965479088644034977e-01
1.021486623226700363e+00
8.266120892260520048e-01
9.886370273152178534e-01
1.088925200081202638e+00
1.070339422226297632e+00
9.934910751707997090e-01
1.000883847556999218e+00
1.003686103660783813e+00
1.053981729515961252e+00
1.169926397304133836e+00
1.120753979679900425e+00
8.489664160593950459e-01
1.075443756254449212e+00
1.037374102359345240e+00
1.064948993923416909e+00
1.110057393549506610e+00
1.159115788602883113e+00
9.937503730330816687e-01
8.486136562162986952e-01
8.800356486873386341e-01
7.924875284995149816e-01
1.108459035378184243e+00
1.050888840518834133e+00
9.613071629927969486e-01
8.726070687635847367e-01
1.040981069051388763e+00
1.085639511578073479e+00
1.068253410057655284e+00
1.157665357728574707e+00
9.782581074870145832e-01
8.646100811127603869e-01
9.056407809684292598e-01
9.688326870240948629e-01
8.605356540774780072e-01
9.681034735371238931e-01
1.226906152359784841e+00
1.097129967361125003e+00
8.511399758046538366e-01
1.125317816312837227e+00
1.142896319362071145e+00
1.047613977295740240e+00
1.030344419099006537e+00
9.836870587798307586e-01
1.011945652428821507e+00
8.887985565332645610e-01
9.894431549503638346e-01
9.018910746723944882e-01
1.044752964364589420e+00
1.108553870754664494e+00
9.417576849963351648e-01
1.021519172863904368e+00
8.722084521922137679e-01
1.046222239918117136e+00
1.121067219344382693e+00
8.538047405082797026e-01
1.091629369204680788e+00
1.057972275387341288e+00
1.134168256328299096e+00
9.118626811776997521e-01
1.026426255662256537e+00
9.252467787186291481e-01
9.496383392421587910e-01
8.934321918141490126e-01
1.011984515898378456e+00
1.043941941737526413e+00
9.559842000408065310e-01
8.473044701565517478e-01
1.035687431239680656e+00
9.542198223886124708e-01
8.121908225563688744e-01
9.359583801493654986e-01
9.603469953399756953e-01
9.174415677122512713e-01
1.126965875316528587e+00
9.404276286427244447e-01
9.860248703040261908e-01
9.541148143399929005e-01
8.662548639000589024e-01
1.089552165668600248e+00
9.606321614339615733e-01
1.140014446067489917e+00
9.867442479264492139e-01
1.111053240651340035e+00
1.114601667366036386e+00
1.078289178570839724e+00
1.116022845021151344e+00
8.661787751833760485e-01
9.993106042592089233e-01
8.576090105362724758e-01
9.947982117298299620e-01
9.872684523365435894e-01
9.796125533609192360e-01
9.431488230265776540e-01
1.024926247888835462e+00
1.135168975324745588e+00
9.747919142929143410e-01
1.014912536754630557e+00
9.694132999350174584e-01
1.093889556185534184e+00
1.025863429799522608e+00
1.115861962044077949e+00
9.388375477302857153e-01
8.348206221165723750e-01
9.674755370033298885e-01
9.756568525450244334e-01
1.143969202099225368e+00
1.066000408235916019e+00
8.797964949079197794e-01
1.203310992695015624e+00
8.736823273724099170e-01
8.474953245641738686e-01
1.151595812685072717e+00
9.623028152698220872e-01
9.061377380244534097e-01
9.502225028649200489e-01
