1.005274175183988650e+00
1.115282195912210339e+00
8.695563109039154970e-01
7.763745950443806665e-01
9.719740599328458019e-01
1.075810863624733660e+00
8.670816973987605092e-01
9.562349814019995842e-01
1.102539930921263345e+00
1.009225334092233695e+00
1.082703911682502351e+00
7.981318553401017812e-01
1.052484707260748831e+00
8.423608087645043652e-01
1.029810066737159691e+00
1.008417497849657840e+00
1.075351777066364534e+00
8.488965832298318581e-01
1.021644272356206473e+00
1.071176332776119233e+00
9.182146229240756297e-01
9.083876904875567426e-01
1.158795193323320705e+00
8.350823252573197353e-01
1.087061553733176922e+00
1.052054956940326802e+00
1.102150421476873365e+00
9.309347598196882068e-01
1.141191139172490265e+00
1.148709754054358045e+00
8.267996803662595040e-01
1.045181422644438252e+00
9.122397118982956687e-01
1.110049760126275098e+00
1.003424454194450588e+00
8.145733802491433861e-01
9.676798239601174245e-01
9.803280070239233090e-01
8.924658986155685758e-01
9.844093960545782229e-01
1.124531627981102178e+00
1.105961250065194967e+00
9.206689806233493423e-01
1.114865752731218684e+00
1.011452898477947615e+00
1.061679377998743012e+00
9.351993346092364323e-01
8.848279294056751176e-01
9.498434792379033542e-01
9.154432167041441915e-01
9.689569475190267234e-01
9.413179532941244876e-01
9.104440465519689774e-01
9.522570588046777029e-01
9.337907549702004761e-01
1.068336346328153663e+00
9.920443231894389147e-01
8.733031504655738297e-01
1.017712690009634935e+00
9.404598232329862695e-01
9.627521488896002566e-01
1.095313059894037711e+00
1.005216633028947149e+00
1.057754559815420770e+00
9.388407013092325837e-01
9.808457085967702271e-01
1.157899478554429207e+00
1.017148217093804430e+00
9.370796390146274302e-01
8.640808925332648105e-01
9.548927076747943943e-01
1.058099906799395917e+00
1.174675020336832798e+00
1.060967227582514605e+00
1.025370594836197524e+00
1.049183404987452439e+00
9.688952655726277285e-01
1.045543670430446381e+00
9.821104597136955938e-01
9.889132381281049433e-01
9.920594942575882147e-01
1.153141423956722589e+00
1.120739332466943683e+00
1.173333754755241598e+00
1.108214150314895008e+00
9.951929204094155379e-01
1.041740078703798034e+00
1.112248899331544028e+00
1.063456087568695807e+00
9.711463897821950297e-01
8.584541815864495939e-01
1.146175423598734922e+00
8.506986227796418110e-01
1.158687996310029611e+00
1.064276540519166092e+00
1.169370085199053166e+00
1.078198297860135213e+00
8.652528017620105816e-01
1.019277435595355330e+00
9.234697242641942694e-01
9.941226182764416608e-01
9.388023341977100866e-01
1.011507667700306090e+00
8.988697459133014878e-01
1.171490846669878350e+00
9.569032264788195352e-01
1.010016766413693867e+00
9.660170683318111129e-01
8.989880788136547229e-01
1.049067989394104172e+00
8.395832334790191975e-01
9.477445526042100887e-01
1.120459440322243427e+00
9.649394260050958572e-01
9.177460887688466684e-01
1.085723074771223207e+00
9.685541611080900060e-01
9.370041364129984007e-01
7.878248782034710240e-01
1.062492724947844192e+00
9.537443000902907642e-01
1.123659902307256431e+00
1.142195633106519947e+00
1.183815805565766377e+00
8.266509952350955537e-01
9.232944886291405417e-01
8.958562152186873018e-01
1.045812834634403110e+00
9.313927650906870248e-01
1.077827615684945339e+00
8.613665924497402315e-01
9.994241417776774661e-01
1.009401814650601859e+00
8.977758635948649424e-01
9.406901313220434879e-01
1.126183285934420963e+00
1.140295298590787487e+00
1.034212433283016708e+00
1.179881077934187061e+00
1.084140227474553964e+00
1.039743695304682136e+00
1.085059368593086049e+00
9.751607813399721936e-01
9.776625390949182925e-01
1.097974414852478819e+00
1.136750061069385698e+00
1.095459046561233052e+00
9.592512569606197470e-01
1.125352957479289762e+00
1.098120347350407311e+00
1.148727001715722507e+00
1.090376245199531802e+00
1.023501685599054634e+00
9.305910388880105355e-01
1.125374068040438269e+00
8.260826536159295852e-01
9.696144774131207900e-01
1.073766350699862704e+00
9.086066817476816659e-01
1.143943230114014220e+00
1.051261392439850173e+00
1.076299128693789742e+00
1.047038348664909302e+00
9.984441472978103915e-01
1.086321540709075384e+00
9.055161515706771080e-01
1.060194104892254074e+00
9.746166116093086806e-01
8.869977583233060736e-01
1.172987539556373360e+00
9.594206701487792976e-01
8.164488700372640739e-01
8.169307713989835129e-01
1.025565097195329622e+00
1.048754362226946180e+00
8.052118242103221135e-01
9.616013817822219867e-01
9.882903542018971477e-01
9.616411384576111221e-01
1.035396872973441074e+00
9.182995059752140365e-01
9.246582017334581405e-01
1.006518015884818151e+00
1.210189754414140895e+00
1.106399829476563790e+00
8.558606716106125223e-01
1.102872337475008901e+00
1.071394030701423805e+00
8.433300997242616504e-01
9.980453145596452913e-01
9.848746132099992501e-01
1.124284897263246430e+00
8.456682681993821227e-01
1.051930757210616241e+00
1.009529318830995059e+00
1.019470896045950203e+00
8.766201769706657432e-01
8.856731287861350221e-01
1.029949184610865487e+00
1.094723835437441783e+00
8.553377091551224165e-01
1.095659918664548815e+00
8.064227466120732490e-01
1.002245243673196340e+00
1.087273303763485854e+00
9.690606295314345697e-01
1.051124084427654592e+00
9.773138214682651759e-01
1.018636573026497238e+00
8.289111865652066813e-01
1.067301102345899366e+00
9.912448352176255195e-01
9.771208388565540970e-01
8.458243244185588150e-01
1.016580686973235892e+00
1.012006215034057632e+00
1.021457663675702232e+00
1.064449293206353619e+00
9.495835938163054157e-01
1.084644470413357542e+00
8.795179734730336207e-01
9.492993746023873358e-01
1.031379169111202865e+00
8.603343259370861418e-01
9.337668803933061312e-01
1.050692587073634110e+00
9.034512251420212525e-01
8.434690241462060589e-01
1.020945679511809034e+00
1.145543617801225933e+00
1.013563735891420015e+00
9.047825190075851065e-01
9.648004118045971911e-01
1.156110363143563191e+00
9.698902481428930411e-01
9.989978958577769852e-01
9.186633680628688570e-01
9.959310543822998962e-01
8.922952599169000631e-01
1.161686452105360701e+00
1.082718899324836892e+00
9.376641996698016346e-01
8.434645334530630478e-01
9.022543338563924209e-01
7.932902799140456596e-01
1.119509309080383375e+00
1.120134557878403214e+00
1.186182455613125075e+00
8.699419115896624977e-01
1.059836100633274603e+00
8.898494219880487277e-01
1.041443481600366594e+00
9.884104859467812698e-01
9.612585414631757974e-01
9.849349932367903460e-01
1.041378992385578517e+00
9.259711206745424583e-01
8.443084515468886053e-01
1.084410937419956200e+00
1.091648674607231362e+00
1.150482471916620897e+00
9.504167314300224767e-01
9.719553398020293056e-01
1.112370079304461079e+00
1.173495271082463987e+00
9.165586436710204676e-01
9.514405078272557548e-01
1.099362391429867580e+00
1.107052229514948083e+00
9.504939148737920895e-01
1.163089072313313599e+00
1.156217382793760073e+00
1.048912026861990698e+00
1.082391402387556489e+00
9.160843162468815803e-01
9.222215317843212024e-01
1.075738612392259208e+00
9.251365069183172807e-01
9.058129467510948052e-01
7.628986204283549899e-01
1.016447083757243242e+00
9.875169003087688191e-01
8.633166296957734964e-01
1.031525011325838292e+00
9.157489006054053693e-01
8.697510792761558029e-01
9.997760424910568933e-01
9.529263526955471519e-01
1.158823628999031685e+00
1.071883812102365496e+00
1.044282631956839236e+00
8.597640179475107836e-01
1.149721614414472404e+00
1.057408136078319849e+00
1.093199402473786330e+00
1.066288737513066520e+00
1.070687584859911556e+00
1.097879226581236711e+00
1.087769006929017568e+00
9.355651881105271350e-01
8.857545393228980490e-01
9.966398635619848623e-01
9.914213620485071710e-01
9.176796758583651847e-01
9.393069350376258564e-01
9.199829190831335657e-01
9.694385006822554551e-01
9.155736257335580497e-01
9.276441057411417557e-01
1.004401518081325717e+00
1.093038763186487738e+00
1.097798835944235663e+00
9.837860329825627304e-01
1.144166064621354284e+00
8.173761489811390835e-01
1.168811859632473249e+00
1.039552951716315565e+00
9.948054855645007688e-01
1.007845692019161410e+00
8.613209730438299294e-01
1.107284608516518221e+00
7.770555386034607714e-01
9.649387051457827269e-01
9.364890481567196279e-01
9.242214729041027255e-01
1.120641705825896395e+00
1.179256476862988734e+00
1.168078962145966848e+00
1.047442395417325312e+00
8.906828365866513719e-01
9.433033053928674416e-01
1.028000032956448706e+00
1.109287797098113870e+00
9.352295126479353016e-01
8.322099408188290415e-01
1.146956678231320303e+00
8.383447365051677203e-01
9.933322002577773535e-01
1.091220429951594406e+00
8.990557288302988281e-01
8.550771591099423086e-01
9.909571842930187113e-01
8.971207829772043230e-01
8.909259585804065740e-01
1.082457371991963013e+00
1.098181119054972621e+00
8.894625627202202844e-01
9.548770517000753077e-01
1.006995625931690785e+00
1.029970064631003934e+00
8.770898109578224577e-01
8.777136006484957953e-01
9.182082002285336664e-01
9.771268591740989162e-01
8.499509057064906781e-01
9.557299066607449767e-01
1.034669574873387399e+00
1.079210479254109512e+00
7.922795606750524522e-01
9.564020855019261802e-01
1.019050485744973589e+00
9.219830285670931325e-01
9.529814250005813614e-01
1.045081289193863006e+00
9.570511626500233238e-01
1.197751311538469254e+00
1.034013327840900942e+00
1.166845487928303227e+00
1.059972778317037179e+00
9.789526161538613103e-01
8.425558021128357611e-01
1.083299252657895062e+00
1.154880591824264391e+00
9.751589808703327034e-01
1.066208440491294818e+00
9.142232523258349008e-01
8.576236908098361367e-01
1.157751468464661704e+00
8.864505060754173105e-01
9.169727032311207893e-01
9.658237044734596655e-01
7.674954591854989960e-01
9.592536359854614281e-01
9.037172277088034722e-01
1.129541034572444591e+00
1.100508462821940148e+00
9.050935854092783117e-01
9.183778053872999614e-01
9.332739044326954225e-01
1.100783547864929046e+00
1.058915111203469817e+00
1.001053372131303298e+00
1.175782108102184420e+00
1.072505548374252271e+00
8.616922325535989469e-01
1.061922573563637062e+00
9.223915413318179990e-01
8.716539981371085322e-01
1.047651719248314572e+00
9.845913339506354722e-01
1.038073857247870935e+00
1.191679209018869923e+00
9.275156549808611928e-01
9.768747048633983354e-01
1.024403157425918032e+00
8.712255156939311407e-01
1.128636621572375764e+00
1.074642618166081753e+00
1.065683633845267320e+00
8.505317671773404697e-01
8.568056033532187588e-01
9.870129168570525025e-01
8.663766153295557881e-01
1.115425534305858557e+00
9.257642784449264806e-01
8.351160401928585664e-01
8.219993392425293255e-01
9.589568615701817844e-01
1.049402719264866946e+00
8.361785399514197747e-01
9.865162736016278577e-01
9.504998422636128375e-01
9.384722772021829584e-01
1.161628924741679336e+00
1.134498575613435811e+00
1.076892852455657357e+00
1.060620359099515797e+00
1.048354599358172656e+00
9.787355415308418571e-01
9.780841054417201974e-01
1.098504807355288104e+00
1.103150278562604392e+00
8.862323929172115644e-01
1.008530113589856336e+00
1.069912070511207514e+00
9.004881159593807194e-01
1.147725202035287939e+00
9.851516895943435159e-01
8.694299231032982522e-01
9.266254942496446878e-01
1.118151172146610861e+00
1.080554645178337436e+00
9.796477291465316428e-01
1.031419701874663586e+00
8.910059488583930154e-01
8.667817651962794745e-01
1.043833789047624805e+00
1.090007712208404644e+00
9.889898933024079408e-01
9.215581975041531315e-01
1.083914649510151262e+00
9.606407560784240296e-01
8.748890085022136276e-01
1.092743990499205120e+00
1.128075243385634474e+00
1.070981220721831217e+00
1.004272340832348176e+00
9.247852741500597329e-01
1.166662443558475815e+00
8.725842460091025599e-01
9.704814930354749292e-01
1.044037023502077499e+00
9.038690921583205640e-01
9.560210365313710490e-01
1.005746379689474335e+00
1.059061814037064675e+00
8.717813761730743849e-01
1.207435203192027240e+00
1.071031420741787699e+00
1.098847097842009513e+00
9.926882561781900094e-01
8.781872833071735496e-01
9.861562353986230711e-01
1.012918294543582842e+00
9.213416477006698413e-01
1.070631781620833722e+00
9.144579345615784227e-01
1.140474106953141664e+00
1.121685900004740777e+00
8.120811006069484916e-01
9.013142588638622943e-01
7.634669167728416195e-01
1.079723441800539252e+00
9.768273290564668532e-01
9.482771907948257528e-01
1.083823080136618211e+00
1.080238689847329292e+00
9.885335123386680412e-01
1.014923340402355434e+00
9.263516058533012298e-01
8.875591940029829985e-01
1.177263513739319700e+00
1.072729430423129182e+00
9.553445715995154686e-01
9.314494495458429668e-01
9.820072343506718315e-01
1.118867282094608395e+00
1.058000589343799147e+00
8.359736116228977387e-01
1.141475032549521540e+00
1.149892159670511838e+00
9.164823680050915300e-01
1.016790044864306797e+00
9.802123656438048727e-01
9.068891363850687393e-01
1.069598153683958497e+00
1.179013967114008299e+00
1.087838776351197190e+00
7.638669042834167477e-01
8.147299194654271659e-01
1.159644593388563738e+00
8.121607762582241374e-01
9.994996126296360472e-01
1.057082106763111762e+00
1.028042070876413305e+00
9.562047500285603130e-01
8.700454671637378734e-01
8.625006558094552300e-01
8.058198568492822567e-01
9.057759839126557910e-01
8.340473185715582272e-01
9.802474586727625283e-01
8.333402875991655634e-01
9.300906244650049004e-01
8.284626421562198972e-01
8.112841020245094015e-01
9.193887563816893760e-01
8.479647537892842646e-01
1.065918602917852231e+00
9.191800613041748447e-01
1.085721181024542403e+00
9.532456392344428320e-01
1.153369138497387425e+00
1.134754262719020357e+00
1.058319712059061057e+00
1.046548798538618374e+00
8.622998808116442149e-01
1.015851092322104021e+00
9.342886244038175469e-01
1.010579015247295986e+00
1.105042693689383348e+00
1.086926261184925968e+00
8.322190441068411104e-01
1.011645125991655014e+00
1.160720790250415968e+00
1.123960771857246854e+00
9.610869958776020461e-01
9.563218499398103978e-01
1.006523506573173687e+00
9.721757997973510257e-01
8.885375008359817084e-01
9.040477201194402346e-01
9.542204431246777974e-01
9.810941890557949296e-01
9.831513296359402077e-01
9.957654501158870186e-01
1.187842402715616696e+00
1.042512246134372100e+00
1.127472874903026279e+00
9.141874154080353865e-01
1.194805900128611098e+00
9.860184767110733439e-01
1.058651593943339630e+00
1.004784946044081417e+00
9.352871102502249290e-01
8.601101360233285309e-01
1.095940561809866542e+00
