1.018764972814275360e+00
8.313908281082602603e-01
8.782625545440079229e-01
9.105764163789353827e-01
1.043396675769656001e+00
9.174489417822688786e-01
9.892903851503680457e-01
8.582776688497028017e-01
8.272219371397820931e-01
8.966234309365609390e-01
1.015908121307247169e+00
1.034944365725446902e+00
1.150034319368218760e+00
1.119085121253091453e+00
9.635687720642143184e-01
1.080973137803381334e+00
1.056484712820441541e+00
1.144813805423143815e+00
1.022899463507750184e+00
1.121660725419361793e+00
1.101750434002057855e+00
9.423402538801527450e-01
9.766971473081627053e-01
1.072294004561255898e+00
9.839333064458841704e-01
1.042322416863500800e+00
1.000866257626502609e+00
1.039353662005911394e+00
9.497270676489778518e-01
9.387865242686808109e-01
9.670223169561149579e-01
1.115437178908158078e+00
1.058936330264730330e+00
8.804630809176723361e-01
8.915527750077085756e-01
1.095796784757541609e+00
9.648958575906322332e-01
9.024199735884088636e-01
1.001864156295684483e+00
1.090635943016641907e+00
9.716886255573444764e-01
1.132158661034595504e+00
1.125353259419510810e+00
9.682716528481247753e-01
1.136270518553825992e+00
9.902248057438090001e-01
8.097016675630994698e-01
9.841152241915800403e-01
1.021625547462333028e+00
9.764229903702017488e-01
9.536412077137335075e-01
9.267865605749038282e-01
9.209676026233162283e-01
8.291835738231858599e-01
1.044890442061560121e+00
9.525824713641802832e-01
8.311478018863683870e-01
1.101069603470924863e+00
8.869477052545620133e-01
1.099974537216417136e+00
9.531681690261166739e-01
1.115748477897433144e+00
1.092984317068014910e+00
1.136175283488736198e+00
1.138602177890595479e+00
1.066205731221786523e+00
1.112056145639714222e+00
1.046550017762214901e+00
9.412787203488972576e-01
1.047784600144459066e+00
1.192561799936463274e+00
1.048252024188336851e+00
9.227871899197173100e-01
9.162461033079296602e-01
1.028484507782086999e+00
1.009661734420541856e+00
9.731222867861524239e-01
9.135601341608399206e-01
1.004784048183392731e+00
1.153617468374842359e+00
1.075338159311413078e+00
9.776671658420557076e-01
1.041285106091035972e+00
1.056840599455814544e+00
1.155972724157311227e+00
9.717262068434662226e-01
9.306365257081561371e-01
1.066433390038154183e+00
1.104959936086282735e+00
8.255727180589853553e-01
8.652017447947846218e-01
1.206066918368775776e+00
9.389741570038638852e-01
9.480813810852848356e-01
1.113266789712395788e+00
1.101885255099096295e+00
1.164313427244981769e+00
9.704982045815464531e-01
1.070894257041319353e+00
9.423829792190407950e-01
1.036295871196731389e+00
9.512069304784097623e-01
9.831305987275842373e-01
9.464736832827798096e-01
9.124143576320824511e-01
1.199867635145651201e+00
8.039972553067811223e-01
1.038914853181357678e+00
1.118861910477970456e+00
9.444047555668169114e-01
1.151024447172051657e+00
1.145094957804435376e+00
1.056745603253908428e+00
1.141175832704905302e+00
8.731118266241560955e-01
1.075305601390880605e+00
1.006787914733128897e+00
9.426025349024169664e-01
1.205398697941840291e+00
9.720708521042599193e-01
9.365574694195355487e-01
1.066697721152384259e+00
1.103361021945306053e+00
1.212191587853187036e+00
1.061217320095283911e+00
1.097241486907162278e+00
9.712416224156029676e-01
9.643387963490981374e-01
1.040510704238858164e+00
1.058666792355831054e+00
1.015284475462794544e+00
9.556481966964931463e-01
9.606551084384515882e-01
9.210759625674629358e-01
8.866687221438092070e-01
1.099941489549295381e+00
8.738860571146043199e-01
9.774100866821797684e-01
1.097241489989349894e+00
8.290083216073348416e-01
1.041188786276910028e+00
9.824268093820350822e-01
9.243798412665537034e-01
1.089465742114582580e+00
9.858909493087200104e-01
1.094074322336363148e+00
9.425563670334953237e-01
1.009468868197425540e+00
1.186649035482048697e+00
1.148292467616349732e+00
1.167046110868491748e+00
1.000508308392243251e+00
9.905981676007530323e-01
1.155490719695067670e+00
9.992438294562192569e-01
9.879534431483560919e-01
8.272869612145006268e-01
1.039718560182471663e+00
1.083132565193312136e+00
9.993086963387327604e-01
1.019234205752237665e+00
1.054249501788943943e+00
9.170152896415750821e-01
1.022611014680986807e+00
9.953577414380050392e-01
8.441878388306850445e-01
1.126070563965711147e+00
8.578110215671144179e-01
1.133112201070590741e+00
1.095957791505749901e+00
1.081265582021109450e+00
7.855750276029378476e-01
8.750416560106895059e-01
1.032372797997990865e+00
1.040509618860155028e+00
8.247806308425571498e-01
1.087395857968829205e+00
1.175320106607990800e+00
9.805839923667600821e-01
8.233503454551299727e-01
1.130218240311352540e+00
9.832664539223729960e-01
9.979598673275136278e-01
9.155510320430413351e-01
1.060113636151098992e+00
1.060894601341232146e+00
1.153982407625573137e+00
9.471061954358668267e-01
1.107254273761497876e+00
8.896423428845975367e-01
9.458554802561496277e-01
8.996802001154573514e-01
1.115683276844509519e+00
8.067005553136964435e-01
9.046307708336450704e-01
8.903465286931830924e-01
9.105728937834036696e-01
1.066124571369303942e+00
8.225208696617715143e-01
9.072868763617811805e-01
9.000001716012071551e-01
9.876669371249908735e-01
9.045357305119879898e-01
8.716853461471816278e-01
1.121149103350273402e+00
1.135842676383707062e+00
1.193417084902459901e+00
1.189612980909901863e+00
9.743675853863316139e-01
1.030932441041240155e+00
1.061852393373420300e+00
1.102437465827843521e+00
1.175705580061048305e+00
1.107181527032172763e+00
1.108432260788347667e+00
9.717141445358054019e-01
9.013995675262964635e-01
8.824528832985040205e-01
8.452233209034747397e-01
1.012843124659531080e+00
1.225674954755304080e+00
1.015601141806978136e+00
9.285718813452933373e-01
1.041152373848184709e+00
9.303401418098986575e-01
1.077919750329541682e+00
9.767914432328355101e-01
9.544855280045596579e-01
1.161384629031624094e+00
9.105997751907295434e-01
1.097548614945783596e+00
9.236959729275733277e-01
9.944110601614899458e-01
1.083733415453522086e+00
1.074744274449002779e+00
1.068370389578143564e+00
1.067091126317336824e+00
9.564823189262394720e-01
1.135984830051708583e+00
1.186820831797612774e+00
9.503964384962872991e-01
1.126990864454339603e+00
1.158529591658340685e+00
9.246346368195901277e-01
9.739218614100413340e-01
9.771209186739870933e-01
1.067725611342827507e+00
9.329061004608928398e-01
8.887559203249428830e-01
1.075494066805215976e+00
1.087544066683073130e+00
1.080557077691992163e+00
8.452826159566444453e-01
8.708864198505219534e-01
1.020574775719010452e+00
8.700289380105657999e-01
8.421496872986613536e-01
1.045581722952621861e+00
1.196343797701674205e+00
1.043229677816059020e+00
9.482860748632899739e-01
9.878495131398167262e-01
1.031964578505030428e+00
9.259658498736774712e-01
9.563152253474664910e-01
1.109123014519773465e+00
1.072187422466069684e+00
1.117371531256623030e+00
1.117893166448521214e+00
1.061669422609649249e+00
8.353701672990014870e-01
8.451731336831533881e-01
9.832506678575343440e-01
9.916281775388501307e-01
1.185687934355434514e+00
1.111335970301659870e+00
9.361194676894490918e-01
9.743093044594919316e-01
1.022980062452521599e+00
1.074899769406358452e+00
9.201227317482414403e-01
1.200785895225264133e+00
8.257362504179635021e-01
1.040709096626285302e+00
1.122939077021409826e+00
1.036565453318207375e+00
8.922788557646554874e-01
8.654322703635080050e-01
1.227492888279840155e+00
1.065955444639673066e+00
1.013684334447395585e+00
8.558281309184313512e-01
9.694283815862840825e-01
1.117450068878343306e+00
1.012114382374634358e+00
9.539459013168267720e-01
9.689978687437970084e-01
1.096004287268007360e+00
9.918603434080437431e-01
9.931170975992504868e-01
1.053953368855623296e+00
9.768291510517701504e-01
1.105971703215061552e+00
9.066547334761243526e-01
9.776131432490342554e-01
1.079241768102724208e+00
1.154855246422616055e+00
1.161559410435049733e+00
1.093063774869833749e+00
9.316492704700878313e-01
9.434255055533661283e-01
9.479746454885045193e-01
8.941799311308016307e-01
1.163356054709917098e+00
1.007251745448056734e+00
9.075141477530921374e-01
1.161265647905674658e+00
8.107919469168523019e-01
1.018504648880927732e+00
1.066183988647299463e+00
1.162883070889916493e+00
1.042784525309536914e+00
9.851459456663811398e-01
9.880856049263538887e-01
1.038826487774052065e+00
1.021046022697651878e+00
8.898844759727502218e-01
9.220803517222186940e-01
1.138467942739666228e+00
1.075034795618038830e+00
1.180076936533269727e+00
1.117246807039351530e+00
9.999979230531975682e-01
9.480594422826231771e-01
9.458434603027510157e-01
9.616121303451470315e-01
1.059269721295728939e+00
1.060359195955120848e+00
9.270063124467413651e-01
9.677641648601642554e-01
9.743682051765851782e-01
9.860036204267002002e-01
9.147684357986515247e-01
9.828646662856597160e-01
9.842485049559089871e-01
8.158244269828920370e-01
9.156013349492292397e-01
8.524198979739117110e-01
9.418131398738487370e-01
1.057603059480670682e+00
1.177096804558010357e+00
9.468433915794964850e-01
8.803605023476558378e-01
1.146994578733315562e+00
1.065928294928139231e+00
1.019483809288282306e+00
1.114432757958816689e+00
1.054927032002498599e+00
1.133832830587981455e+00
8.227456007030757856e-01
1.051156889612294032e+00
1.134497494513413640e+00
9.708300563273002393e-01
1.071879864607721888e+00
1.019056685711598798e+00
8.521005494746614062e-01
8.459002510524553653e-01
9.310624308500414781e-01
8.629157387959578429e-01
1.002946796291811937e+00
8.255382399268137439e-01
1.104097977744764592e+00
9.283009958446822862e-01
1.158358542408937542e+00
9.261458453955779824e-01
8.714003055777580498e-01
9.370666381544953127e-01
1.031742100866776424e+00
1.019971323161006804e+00
8.568288170955873362e-01
9.069891116818403765e-01
9.681567888465705263e-01
9.413415991707771990e-01
8.502535857495219229e-01
1.142854650655888538e+00
1.148453096188154721e+00
1.102195921415329849e+00
8.361032115463673531e-01
8.687091685904688720e-01
8.167969460355106737e-01
1.229259782590320205e+00
9.470252318431757743e-01
1.157740939217424048e+00
8.245739758865153757e-01
1.069872243226645647e+00
9.448926853178829521e-01
8.963921604179820868e-01
9.264273898747683589e-01
8.759896999770070414e-01
9.475353801205688153e-01
9.590203498200908783e-01
8.613241700304655746e-01
8.257992808689902375e-01
1.086221636810055680e+00
1.103166878702192877e+00
7.670288114835510651e-01
9.714564975032535799e-01
1.034348530249330045e+00
8.891344141950758839e-01
1.023182968842057505e+00
8.687804810574131231e-01
1.137372771139873118e+00
1.106047896989420520e+00
1.188774602757598720e+00
1.024210966172708126e+00
9.561088967455055876e-01
9.732689482997839425e-01
1.017943679615439301e+00
1.034397414829124173e+00
1.135300964190518958e+00
8.791084886981315183e-01
8.662188162788017065e-01
9.399499835331404096e-01
1.187487187949636258e+00
9.220097271195832889e-01
1.058772630301560325e+00
1.153034691566073633e+00
1.094215355887967256e+00
1.140939697432854727e+00
8.913229912108178166e-01
1.061595514651340055e+00
1.115750642337389298e+00
8.372733925277437983e-01
1.168585614573369069e+00
9.953791038289665494e-01
8.996870029820098758e-01
1.011157788968207294e+00
1.029677940618121568e+00
8.411406217780965644e-01
8.974443080230164460e-01
1.120699022693981473e+00
1.039453357331815209e+00
1.116750808003927009e+00
1.143659026799274780e+00
1.108982436004458672e+00
1.129856342978974748e+00
1.061371668378690458e+00
9.839809000458462629e-01
9.561664627782449077e-01
9.371156658300459075e-01
1.019376052730619930e+00
9.034221827158686047e-01
9.026432451235008037e-01
9.340418907140635163e-01
7.791668549326817850e-01
9.139560497125549521e-01
8.554669372854293297e-01
9.685389610660963822e-01
9.120459555482167691e-01
1.064943786080742694e+00
8.937810245719537416e-01
1.105585275263791134e+00
1.069469172969021775e+00
1.035191658758848110e+00
8.590772551019483227e-01
1.001234080947527083e+00
9.829592853342909997e-01
9.649439424825508871e-01
8.553443786089947043e-01
9.038643917086051083e-01
8.999168312741763209e-01
1.054304407417818279e+00
1.004243179507863459e+00
1.010056842801871468e+00
8.046200853421467958e-01
9.532849948052604105e-01
1.124657122787765084e+00
1.075498730653626778e+00
9.160875766216973748e-01
9.840545037333079392e-01
1.093924493581376778e+00
9.851882280784214352e-01
9.380666473500119951e-01
9.396302300459755674e-01
9.681343042653856035e-01
1.073381134440010598e+00
8.007509863129209648e-01
9.569369510822571812e-01
1.031305508354311229e+00
1.023228786278405300e+00
9.860465461880262295e-01
1.183098423855216463e+00
1.027407587385733567e+00
9.447471427284985790e-01
1.083994279546979245e+00
1.099273740901317797e+00
1.188829157956744043e+00
1.011477508235619993e+00
1.157519807482744412e+00
1.000102040687639082e+00
1.117934534390926826e+00
1.013088865881048184e+00
8.507963324390503956e-01
1.045286504178537079e+00
1.144654717909289632e+00
1.193824111131865928e+00
1.102818788127045480e+00
9.714442966548160197e-01
1.100973966769178913e+00
1.028712814697771316e+00
1.118146992147978080e+00
8.686267597531234230e-01
9.362927663416081847e-01
9.096160558229804405e-01
8.110592922364578961e-01
1.081324437937075444e+00
8.724658487453175182e-01
9.714698298598896109e-01
8.232730076626439963e-01
8.890862102486090102e-01
9.621481585684489302e-01
1.120730792406860132e+00
1.139528468425692109e+00
7.960430636690023487e-01
9.219662568186899332e-01
9.575579721095777153e-01
9.021038825128293581e-01
1.053409739757291685e+00
1.117594800197354354e+00
1.205673832218845831e+00
9.643167681508599820e-01
9.049300053875464211e-01
1.082240618246470554e+00
8.850764171327867302e-01
1.080586780715690587e+00
1.136594606317922862e+00
1.091415200583925937e+00
1.162718795848655784e+00
8.598104322744946071e-01
1.058282555011551995e+00
9.356083637055516711e-01
9.928613067873710563e-01
8.846500291191266019e-01
9.949617263400366562e-01
8.185901965381252587e-01
1.108114418663348699e+00
9.377121412116784516e-01
8.785278723546231516e-01
1.002035657022499748e+00
9.966840108457031278e-01
9.823854256899693382e-01
1.058715340291161100e+00
1.010567196881192897e+00
8.934870886759379571e-01
1.210947407333801129e+00
9.975968495596492236e-01
1.087008585278950834e+00
9.409646909396626180e-01
9.431682926484690199e-01
9.659007394051983830e-01
1.180740407021371174e+00
8.910376800280683796e-01
1.067804649644859438e+00
1.016222713483219575e+00
1.048367769405405436e+00
1.014689405615366802e+00
1.034259668948540600e+00
