1.078776734591479380e+00
1.051968048691354962e+00
1.029886211505016913e+00
1.022570653964803400e+00
1.033628405157494434e+00
9.906932034798463516e-01
9.929836679721817383e-01
7.866541432867324435e-01
8.863065821054817439e-01
9.081550673076019820e-01
8.606576175500084691e-01
9.206315406980711824e-01
1.020566895877092817e+00
9.581630042763967792e-01
1.094023162141904759e+00
1.059512807040003501e+00
1.023067328659372777e+00
9.801377234801764704e-01
1.027091908766342376e+00
1.061257986049364499e+00
8.973116771976861195e-01
1.218508922255020721e+00
8.675590011213439867e-01
1.111740660443233386e+00
8.299992433768117461e-01
1.100553436855433054e+00
1.039038231297241488e+00
1.113197099332119411e+00
1.152921071212591908e+00
8.120968692510504017e-01
9.215581081559665044e-01
9.733004733419707843e-01
1.146308416025078936e+00
1.067445990891564112e+00
9.493495316650519822e-01
9.166838403644722577e-01
1.119393728875418992e+00
1.029368953437137524e+00
9.635421292274835015e-01
9.683638430795501462e-01
1.142118463756037539e+00
1.000526330416376730e+00
8.680654508273080161e-01
1.199842279612797435e+00
9.100547076533611612e-01
8.681613349633336973e-01
1.070587063497849378e+00
1.215703312941440295e+00
9.220066211953241719e-01
1.094851861277130523e+00
1.023022318514162698e+00
8.797456131043799310e-01
1.078559883608547931e+00
9.553953556874339448e-01
1.158330688707484013e+00
8.950372231341084950e-01
9.749980082303524309e-01
1.084555904415097638e+00
1.070366836587578252e+00
8.790837000228072240e-01
9.859461846947186192e-01
1.087208770272122038e+00
1.132868860694050905e+00
1.140106115864355285e+00
1.022887089793703019e+00
9.371728328571017341e-01
1.160319033760793372e+00
9.935033767320415876e-01
9.860248032190224166e-01
8.381360665710921865e-01
1.029636576464154851e+00
1.017676686825687904e+00
8.491341803405501043e-01
1.034546153436000981e+00
9.343724799626645927e-01
8.060775316584748440e-01
9.787801229434570649e-01
1.047070227359252925e+00
1.001529409334637410e+00
1.040816418467054749e+00
9.336507578779720262e-01
9.055904025097356591e-01
1.034104393104700037e+00
8.736637134229050528e-01
9.831364303783853842e-01
1.055270309656518579e+00
1.084845265473216358e+00
8.893464284793588526e-01
9.871296376680461782e-01
1.122325701134619491e+00
1.191099150523089012e+00
1.066129667535973935e+00
1.110767511321141487e+00
1.058924571370472245e+00
1.022085511939929026e+00
9.220941573203225161e-01
1.014231761195069081e+00
1.053088389420596460e+00
7.867286971144464847e-01
1.039454060839716254e+00
9.902249769250903721e-01
9.158991014095043681e-01
1.106178076066132387e+00
1.066153247987410957e+00
1.208322091563704070e+00
9.939678726914639162e-01
8.270175940864270547e-01
1.075162163339874466e+00
1.140394268244101950e+00
1.092344479527765033e+00
1.034807686810542915e+00
1.059418417745559671e+00
9.587362099126380821e-01
8.527587012104749231e-01
1.152709286055541682e+00
8.444001802899488984e-01
9.866589405125449908e-01
1.083870005688886140e+00
9.496201018815262351e-01
1.008994046015347479e+00
1.182697795717266187e+00
8.717678233917676156e-01
1.043952669887936224e+00
8.131739449701034239e-01
9.603201606755423780e-01
1.107472326091227810e+00
1.059181175930977270e+00
1.042869688784022530e+00
9.143966249686192871e-01
9.990271732837243679e-01
1.110952044953958717e+00
1.075614716201043874e+00
9.519263290575071812e-01
1.074055680001091639e+00
1.003439141447665772e+00
8.446321218168879597e-01
1.127188626960676787e+00
9.555073159800555604e-01
9.470277776727638042e-01
1.082330722187426542e+00
1.001585357370817553e+00
1.092535926798605006e+00
8.157804897862375171e-01
1.023989554333559981e+00
1.118204531594616968e+00
8.561836022608100283e-01
1.174905657728825048e+00
1.009796151632295302e+00
9.713030120621530816e-01
8.808828369212613474e-01
9.399558627965471924e-01
9.996087140200236032e-01
1.077689733743592893e+00
8.564457396719222793e-01
1.215628744410449436e+00
1.052350956605352827e+00
1.202584145752546574e+00
1.087852974426590347e+00
1.095772433160649983e+00
1.150150482972414290e+00
1.078329009064578958e+00
1.002748605104775148e+00
1.038257021359494159e+00
9.790543699024516489e-01
9.513812536670493980e-01
1.029372134474469069e+00
9.837759389348686989e-01
9.829785622237228182e-01
9.813812640660661835e-01
8.734169705943529705e-01
1.118220375706166836e+00
1.059010501432697815e+00
1.190146703378810900e+00
1.067908209250900242e+00
1.013947299961778459e+00
1.210616448568431425e+00
1.043715065061130431e+00
1.028843204444850779e+00
9.154815938545453058e-01
8.781014780267668574e-01
9.598982356970884311e-01
1.193975279911408505e+00
9.653710081458839465e-01
9.826695145557036160e-01
1.061431040500739886e+00
8.737811368644043952e-01
9.649329785583784513e-01
9.591333403520438949e-01
1.057003260971618230e+00
1.031808725749743472e+00
9.254865645568197685e-01
1.042142272307429396e+00
1.183817217722703097e+00
9.555959296709803930e-01
1.112845624601911165e+00
1.042717182392288944e+00
9.390192096083281870e-01
9.495771185267412040e-01
1.113225234993078683e+00
1.175585572268310175e+00
9.132594252122838707e-01
9.402287159159865571e-01
9.941675832815103364e-01
9.433157046483329200e-01
9.212344372537485393e-01
1.039959198642373961e+00
1.140885148411363792e+00
9.507011725196157226e-01
1.029546684614572216e+00
1.094225552871767260e+00
1.049868577664620162e+00
9.785328840021756402e-01
9.226110467266714910e-01
8.813025369280866883e-01
1.032668765708165459e+00
1.145911570997004691e+00
9.229301094802464522e-01
9.748433461547212353e-01
9.561868041853782696e-01
1.113002103657721564e+00
9.280906848355363614e-01
1.074145508593707055e+00
1.005553474142021786e+00
8.619478154612765231e-01
8.860242405860354609e-01
9.812853379476917937e-01
1.175174382091529912e+00
1.078059877959231638e+00
9.694889336127689994e-01
1.012405982781619640e+00
1.104750406380925476e+00
1.104310526615450705e+00
9.359841203139547261e-01
1.103030656520132435e+00
8.816160535543745569e-01
8.721985692022704573e-01
8.069934468697524954e-01
7.940356241739827681e-01
7.853802893758679016e-01
8.601128749654683991e-01
9.496947042484784607e-01
8.979654020297658246e-01
8.908189978900483696e-01
9.479507031118696858e-01
9.498937539203327063e-01
1.078392676996418054e+00
9.616550409904758290e-01
9.847100018780452491e-01
1.066991770701351205e+00
1.096746256522373564e+00
9.178889959771865392e-01
9.398019081810118358e-01
9.966065256924498961e-01
8.945284563644169129e-01
1.016903271436795153e+00
9.375309842381563952e-01
7.999869689776433201e-01
9.190021298049506626e-01
1.237405997783555422e+00
9.658690447551718794e-01
1.131423500768293566e+00
1.088733342621127420e+00
9.949260332361240522e-01
9.801423506707855893e-01
9.517976697696888255e-01
8.864094991803199708e-01
9.830115218204724670e-01
9.970970109088339584e-01
1.054894975274392799e+00
9.467665298944004659e-01
9.112479975334243365e-01
1.138425818865199890e+00
9.647233525762497486e-01
9.015350851515564479e-01
1.097598274913382355e+00
8.334532801328101703e-01
1.083979498483771176e+00
9.741488788623262618e-01
8.475339404702741941e-01
7.759143219018734827e-01
1.078919540453359804e+00
1.082685655320069440e+00
1.052178327573100702e+00
1.043818082801354796e+00
1.104505697904287098e+00
8.012690734696759076e-01
1.026450081890648791e+00
1.092904753681331220e+00
9.267593865371672734e-01
9.900003964875240259e-01
1.131920176895180763e+00
8.712557372048657101e-01
1.135070394549929418e+00
9.171994984647402482e-01
1.016014309963707118e+00
1.131420765424100860e+00
9.446524419109657567e-01
8.702196452693666817e-01
9.117633810912222359e-01
9.086425319053242911e-01
8.376465827548535970e-01
9.779468007712013300e-01
1.120044377055930962e+00
8.881587234318698565e-01
7.957530951441262879e-01
9.850789739257701516e-01
9.321581652615725799e-01
9.216063498556883449e-01
1.017215269869192751e+00
8.974467021184162618e-01
1.027827909674075002e+00
7.763264234408095987e-01
1.071973961036165379e+00
1.124048465077946979e+00
8.997844239449348525e-01
8.792901732613721544e-01
1.117362703778053579e+00
1.130528603918157682e+00
1.090534195737806300e+00
1.067106787968132853e+00
9.353501205382315220e-01
9.669307993432285642e-01
1.045517173475876582e+00
1.016468938854181436e+00
1.121223426551047231e+00
9.030182328230811351e-01
8.698145084538594363e-01
9.895148668820461513e-01
1.126118590705349254e+00
9.197991766995671226e-01
1.176890930339620445e+00
1.019451832537154656e+00
9.091121255672227619e-01
1.047911166715823850e+00
1.144820612611935573e+00
9.722068008127635608e-01
8.453563184481642789e-01
1.092572935486014307e+00
9.030401529419066486e-01
1.097690827547526782e+00
8.857076097987423013e-01
9.918015203571644012e-01
9.131106838892319999e-01
8.708145763408265960e-01
1.019077946929777934e+00
8.487999026356927157e-01
1.057711527619133118e+00
1.024609918939106468e+00
1.003566575337405453e+00
1.037808749526066165e+00
8.291539106374363755e-01
8.406310598038924109e-01
1.002144959122909906e+00
8.651884959870541625e-01
1.203945493848260773e+00
1.010418586676134822e+00
1.039100628839540352e+00
8.390773737557577494e-01
9.638064534958841190e-01
9.317550140306947171e-01
1.118700508690252615e+00
7.900629550599922446e-01
1.049405229584781107e+00
1.111491172130091076e+00
9.755557911334706844e-01
9.674705634535812893e-01
8.870731574938204300e-01
9.138592943695752480e-01
9.534454810501153954e-01
1.179220361424297092e+00
8.567016178795316961e-01
1.111609790347660498e+00
1.178811710778597366e+00
9.232177406494408434e-01
8.516054479459054249e-01
1.128767979902059126e+00
1.029281211153494802e+00
8.451029141342798479e-01
9.739324657693516629e-01
1.080903465436951816e+00
1.171911203323317885e+00
1.112949278549481891e+00
9.048235836752906991e-01
9.424466082115621202e-01
1.030321166780847175e+00
9.236357083987143390e-01
9.116719899119076764e-01
1.041881282204925929e+00
1.134844294507695528e+00
9.710313151653278130e-01
1.133626918290741914e+00
9.053255142701059910e-01
1.077428771413480035e+00
9.165232310391857595e-01
9.685807492754541226e-01
1.047389023385881801e+00
1.032667129692778074e+00
9.688273977827216443e-01
9.868479995511616476e-01
1.100820577171000902e+00
1.121915264870193996e+00
8.579482417103908576e-01
9.019098186595888578e-01
7.903455174100730840e-01
1.070467720634738829e+00
1.110930872933824087e+00
9.600578874308176580e-01
9.618615569603751192e-01
7.930547559143450442e-01
1.077470835616172629e+00
9.614618454323546892e-01
9.796219871990621275e-01
1.073186025464766269e+00
1.044658567975718322e+00
9.754888738106519686e-01
9.216148757261878322e-01
1.084714600336879942e+00
9.406101779758775372e-01
9.913360897562059071e-01
1.182647544003774476e+00
9.045341365991697025e-01
1.034631927082438008e+00
9.997031851165303351e-01
1.131602388988705687e+00
1.165761800287450578e+00
9.859241727775153175e-01
8.389538364266349024e-01
1.103006828389338390e+00
1.078591234759374240e+00
8.289941590239038316e-01
1.025375485828811328e+00
1.113876932023502464e+00
9.456710732009623310e-01
1.011099243919675317e+00
9.670046324312974173e-01
1.119745286999476619e+00
8.606729529262965306e-01
9.190937311741760318e-01
9.485145302891977437e-01
1.072054526093987992e+00
9.264556043814802244e-01
9.036517366299404719e-01
1.042773241928641514e+00
1.015398369176603310e+00
9.063731966979005072e-01
9.394412360911794657e-01
9.827091564022287784e-01
1.036468457824516465e+00
1.075806933445066615e+00
9.755511366483349267e-01
9.866405867691856457e-01
1.028008427896941246e+00
1.185757125504525611e+00
8.847939938538917914e-01
9.148075771610966189e-01
9.066221258615716483e-01
1.198118087338969628e+00
9.822781754657157194e-01
1.100497945189437887e+00
7.958401697572703437e-01
9.394278346313086336e-01
1.018499961943587051e+00
1.022331482265697478e+00
1.092667937756565788e+00
9.429310342207670725e-01
1.033399261229593469e+00
1.003536306089700680e+00
9.967673469874801517e-01
1.069903113400301864e+00
9.548635946806887098e-01
9.266633071883285666e-01
8.874867411289565355e-01
9.811086637453836357e-01
8.382251217615119820e-01
8.908545931036451204e-01
7.802423539406087016e-01
1.051492865537110299e+00
1.170671240065364938e+00
8.972591119875055199e-01
1.076343916108889021e+00
8.669147991957588673e-01
8.785567113920822457e-01
1.141122547410410526e+00
9.839219155472729295e-01
1.160305824562527288e+00
1.043997462548645672e+00
9.931290059137999338e-01
8.509848360168001946e-01
1.126327069355351762e+00
9.815709156526095658e-01
9.145869809884563661e-01
1.138893207554908527e+00
1.056570742586537381e+00
1.092395411089393198e+00
9.771814442441593140e-01
9.239761389352831866e-01
8.154541101568190120e-01
1.058636741274955551e+00
9.964571376236088796e-01
1.094790481404306126e+00
8.105570089715427029e-01
8.426099688725761094e-01
9.806905202928719589e-01
9.023068246283429961e-01
1.032991516827514555e+00
9.883309761495278067e-01
8.094580906931889697e-01
1.152590458801287410e+00
8.639913582079659093e-01
9.830141055819375806e-01
1.103321445285471825e+00
9.669421429533662238e-01
1.076041740646936473e+00
8.932034763332481475e-01
9.830440894888134995e-01
1.045072255943888750e+00
1.052168143696522895e+00
1.096120619269781882e+00
1.046276422830151320e+00
1.014897212987006636e+00
1.156492272896810558e+00
1.114867696383529561e+00
1.010383272111280650e+00
9.235299002664263401e-01
9.506225607216860496e-01
9.443463607806379390e-01
9.236554902661977540e-01
9.706499957812989576e-01
8.618324189735130370e-01
9.862168050379829243e-01
9.522943081637536000e-01
9.579997525719616824e-01
1.004650445182895924e+00
1.117190793833543694e+00
1.089001261338021553e+00
9.970310570124474303e-01
1.093898414302360234e+00
1.014829122966289576e+00
1.082125524104544656e+00
9.440623154980941623e-01
9.415565687201854495e-01
1.044433240392064866e+00
1.146502843220852830e+00
9.116536548457889744e-01
9.664726497337008393e-01
8.455994737655194715e-01
9.740555228033482837e-01
8.394269697536838049e-01
1.088214728364404582e+00
9.963157101740454102e-01
8.337266129346520005e-01
1.003935304332687295e+00
8.192517416309900158e-01
1.185842970227222404e+00
1.014354861518005357e+00
8.758050467201674572e-01
8.955200857744463061e-01
9.105694735073801560e-01
8.963151838989119602e-01
1.003491784470912584e+00
1.033670105799322503e+00
8.157863173850095073e-01
1.111609505923389030e+00
1.149106491837347921e+00
1.003257243418120392e+00
1.075948632675546968e+00
1.067139300618457298e+00
