1.073244955378125809e+00
1.109219787015809144e+00
1.023961454175612795e+00
8.873630903927349767e-01
1.174294188954615237e+00
1.003704151737538908e+00
9.214971568233788490e-01
1.080478854265885857e+00
1.080732258235467036e+00
1.068390384657309511e+00
8.701265218858718065e-01
1.227386026463842539e+00
8.554014994481753398e-01
1.091743572100334791e+00
9.356505083801829326e-01
1.084291068399564129e+00
1.178390852307405812e+00
9.943189847240712087e-01
8.533168504485419970e-01
9.749308330139223600e-01
8.512033999758596980e-01
9.703872515806797328e-01
1.027128049663037723e+00
8.611894566569187059e-01
1.139291329129699992e+00
1.053681952368580310e+00
1.047531292726411323e+00
8.352186937956691537e-01
9.872246655743570631e-01
1.076860784238124369e+00
1.086560905513015873e+00
9.197185018669418177e-01
9.681362190002842372e-01
9.557020739298840439e-01
1.061985000033886184e+00
1.077454088754726147e+00
1.056553189001395499e+00
9.880183851330257561e-01
1.160407587538797580e+00
1.017208073925756961e+00
1.096277650096040945e+00
8.968974318767102272e-01
9.006596700002624800e-01
9.889278904010466720e-01
1.184264625286922001e+00
1.095500598111208479e+00
1.011228747354224744e+00
1.085397017865483038e+00
1.011116035848465655e+00
1.036665333660007127e+00
9.924279650779963546e-01
1.034630261232682313e+00
9.467659023208545577e-01
1.139235594430868082e+00
9.042596463376346705e-01
9.261561131932182223e-01
9.276922637803566296e-01
9.680208588037398920e-01
9.215520515766433274e-01
9.767542852306396739e-01
1.089094041331812646e+00
9.928830372861602305e-01
9.330570286689336967e-01
8.613217731264435351e-01
1.012541703023192907e+00
9.039293098177099139e-01
9.581349089275640329e-01
8.918674396910785118e-01
1.031998486227956757e+00
1.140706817281319285e+00
1.148095591641080881e+00
1.087667393548976236e+00
1.008560611956130559e+00
8.740971431972774930e-01
1.184283524904659046e+00
9.170918657512104888e-01
1.010085620064661516e+00
1.172317230834215129e+00
9.132947437944889391e-01
1.021825327528723459e+00
1.037576281581417348e+00
8.969341710143734492e-01
9.662271285395178655e-01
1.133300825546774693e+00
1.046763328164467932e+00
1.031867136848418021e+00
8.777893478191864940e-01
1.034269910784280100e+00
1.051513948991352976e+00
1.004154574676360712e+00
1.094084753141306265e+00
1.014026906507613957e+00
9.449945977268455755e-01
8.731964783746193337e-01
9.873448752692121078e-01
8.113604165808225854e-01
8.519300398346281167e-01
8.855053219771720219e-01
1.145968696679387389e+00
1.124062559148309770e+00
9.564963438498166326e-01
1.089892387609842972e+00
1.035426897851239536e+00
1.074521456283810128e+00
1.062224727645624700e+00
1.123852319135377531e+00
9.113395001807089724e-01
9.092723446141204313e-01
1.134778194104348437e+00
1.060794261449316211e+00
1.104032402058545914e+00
9.607636035879951741e-01
9.833241752497582366e-01
8.742233527504709167e-01
8.941676807285638962e-01
1.120979569095632344e+00
8.553764115014867997e-01
1.120546801298432538e+00
9.504783978125626032e-01
8.344969184142170260e-01
1.051014984645927797e+00
1.012330962817490798e+00
1.170478205110893510e+00
8.711379279863857850e-01
8.360374958159849657e-01
9.800747936508795721e-01
8.715684977980213688e-01
1.139864918080300438e+00
1.090602514052291472e+00
8.893625549593868751e-01
8.565198431255970357e-01
1.209974214201068543e+00
9.169041464685686593e-01
1.054833899343243564e+00
1.131406436131868753e+00
1.203285403519138264e+00
1.121701886234968359e+00
1.052553347394986627e+00
1.075064985695677100e+00
1.089335494136078664e+00
1.056855351722971514e+00
8.863977792908346309e-01
9.683735124124741578e-01
1.169592840356715513e+00
8.945080338953376176e-01
1.025475216081638052e+00
1.124962533134015619e+00
9.251346621257323655e-01
1.000126299498118820e+00
9.369801803182176148e-01
1.002710167958896781e+00
1.068695845898154140e+00
9.628475356938779317e-01
9.061121026430143388e-01
1.139078148131784207e+00
9.522539040850731551e-01
1.121675625783853825e+00
1.167155973742870501e+00
1.056093737147223877e+00
8.796681753122284064e-01
9.000198835611441517e-01
8.359317940499575439e-01
8.428935298860331660e-01
8.382430150482753639e-01
9.670540056764542758e-01
1.061657741438647884e+00
1.138346034154844144e+00
1.067715733337173845e+00
9.134896974763719868e-01
9.848400115941201571e-01
1.089929649320245719e+00
1.123899364994072725e+00
1.058214178573621433e+00
9.537940941599546418e-01
9.544354825684938648e-01
9.532320070458101258e-01
1.119888854917147958e+00
9.480403919516237066e-01
1.187293900247718748e+00
1.117260366753952683e+00
9.651268511650983317e-01
9.562949345327148576e-01
9.881956048674357396e-01
1.140192756506623217e+00
1.103274107037968577e+00
8.280176478492278225e-01
8.876701406874017986e-01
1.111001161394209236e+00
8.665977706621394994e-01
1.175310095011277367e+00
1.138797757324871984e+00
1.012009883281760780e+00
1.030463330820043932e+00
9.089040593119319666e-01
1.058135595291637809e+00
8.299285424887050677e-01
8.611991201824094055e-01
8.708664068498056521e-01
1.076988459152026900e+00
1.027692808299119243e+00
1.047264162434511148e+00
8.814927564375505398e-01
9.996632264023666004e-01
1.102373172543732682e+00
1.106557229123542374e+00
9.098575754267405058e-01
8.779732827379724824e-01
1.121122994651119420e+00
1.132378102314423263e+00
8.730364832545117748e-01
1.071426208649611134e+00
9.215594882377773356e-01
1.014573792837033972e+00
1.176991304927851756e+00
8.946291531211483239e-01
1.198683472546091755e+00
9.381698431802178995e-01
1.041838025364525633e+00
8.921540529074385439e-01
9.114902189378488728e-01
1.001719591357921990e+00
1.020104177925526656e+00
9.241780257454932368e-01
9.124452581814053165e-01
9.614916941877240664e-01
8.586031704606156278e-01
1.032669242117742137e+00
1.053078577374277236e+00
1.107230693605363747e+00
9.640991342691263011e-01
8.910441258249066632e-01
9.806167072067035750e-01
1.101416313779430389e+00
7.801160675990814752e-01
1.163498938163686214e+00
7.928588896460018187e-01
8.170976217955714382e-01
8.880515920686875564e-01
1.050505788937511120e+00
9.921423849602817313e-01
1.022620828981791519e+00
1.198990664553797769e+00
1.164128113422977062e+00
1.049963896080606585e+00
1.161269986561024314e+00
1.000544990472704621e+00
9.940797026623728883e-01
9.166518766522062656e-01
1.114572413815681395e+00
8.691988776151595708e-01
9.944326124899861563e-01
1.035182862424747885e+00
9.616628139124554497e-01
8.608169022613114674e-01
8.568714192308390931e-01
9.552130603487339888e-01
1.117393097375436017e+00
9.189774462094444374e-01
8.853608735149840481e-01
1.146447428454579809e+00
1.150582062414604589e+00
9.894416991465699862e-01
9.147545556573936087e-01
9.929543732887868845e-01
1.224593918165159057e+00
9.752321442065332580e-01
1.123824964838288754e+00
1.032776722652908319e+00
1.098616062229996526e+00
1.097291303578320276e+00
8.857687820105093479e-01
8.585217509891885923e-01
8.431595425597353533e-01
1.027407035164878080e+00
1.135378220813570760e+00
1.088737420773127962e+00
1.044424566311919156e+00
8.375512221872444263e-01
8.159443214716244341e-01
1.032798696435347496e+00
1.083815057501121171e+00
1.059214419973316001e+00
8.218205371273110682e-01
1.018965175868454143e+00
1.135266539747227910e+00
1.128178102134108407e+00
1.032614384436116417e+00
1.124804935533014971e+00
8.768289197404064428e-01
9.383052414757167004e-01
1.095819861746567314e+00
8.659540540663961394e-01
1.061684435206055044e+00
1.103829256227470523e+00
9.485364983029964669e-01
1.050904889947817278e+00
1.067696328454133425e+00
8.165728815052950562e-01
9.112439251761754733e-01
1.050419302653269771e+00
1.006813965167693503e+00
1.038408612580752122e+00
1.119194461091286064e+00
9.641513197301203597e-01
9.491687026415681627e-01
1.011037150656406869e+00
9.229535763869081144e-01
1.076258901610978036e+00
1.114845220655420688e+00
1.030628812708567432e+00
9.066821781797747004e-01
1.075209757783909259e+00
8.884979891744506642e-01
1.017960631505499203e+00
9.158629055660849616e-01
1.077512682206125838e+00
1.062316543760132959e+00
8.329117624601134473e-01
9.157949091139496733e-01
9.833285223255885388e-01
9.884620036669236054e-01
1.083052987521399224e+00
8.123142129206875062e-01
9.047813604585908109e-01
8.674018021807560208e-01
1.079881955638878566e+00
9.222222292450457104e-01
1.081920614926851876e+00
9.806838232918194675e-01
1.045203240004656697e+00
9.985850860773558546e-01
1.006728219473482344e+00
9.757297092773786762e-01
9.531937386696278658e-01
1.088452302967506169e+00
8.918292731309354071e-01
1.179270424037467180e+00
1.075335245968118691e+00
1.038165690713112932e+00
1.117505374415474817e+00
1.029477312129531530e+00
8.214928397595099296e-01
9.666994069775109999e-01
9.576213904358225060e-01
1.043023809890208708e+00
9.566024686077132522e-01
1.003603912860099090e+00
9.916421047907377773e-01
7.671735511598625212e-01
1.033636352626218446e+00
9.996287678041265723e-01
9.715567818231933828e-01
1.069207551250465738e+00
9.378038594523677718e-01
1.141832797621243234e+00
9.991929530595602404e-01
8.487896835817982932e-01
8.682608282122421528e-01
1.091550887572678263e+00
8.874935972738772216e-01
9.469105943792319735e-01
8.856060952782078832e-01
1.014547433889024575e+00
8.971580170164876744e-01
1.217157665624117202e+00
7.712000133492562526e-01
1.097321612968513493e+00
1.186867708047349534e+00
8.960143361376011750e-01
1.072137671449174157e+00
1.103386674912207210e+00
1.016669431809861912e+00
1.187849571501978563e+00
9.394827596974322237e-01
1.086244284592160714e+00
9.868957760815550984e-01
8.361545938682429790e-01
1.052499367961789556e+00
9.861293362237527615e-01
9.680970822075740667e-01
9.866632749486726750e-01
1.068824505506642319e+00
9.657337482301477927e-01
8.915185676214426591e-01
1.164702766972751435e+00
1.060636749470020845e+00
1.115369962860014663e+00
8.847173142979076754e-01
1.002131632646796167e+00
8.192918693168862454e-01
1.147475986911324464e+00
9.555633785232496846e-01
1.041677324403836868e+00
9.689652195286551084e-01
1.108629501832570696e+00
8.325050800834801201e-01
1.008637644024731106e+00
1.147545179879357891e+00
1.003719897873835754e+00
1.073502265362477726e+00
9.733675492185420719e-01
9.308253411731417515e-01
1.033179816729449474e+00
1.029083164951670515e+00
8.016338785295873404e-01
1.083419853273614564e+00
9.781970591465181109e-01
1.008970252885077690e+00
1.169066603693432738e+00
8.812660224396464681e-01
9.700496495081207815e-01
9.848166523236829839e-01
1.172418240165180814e+00
1.045443277231066892e+00
1.127902271906991105e+00
1.160802123664730123e+00
8.953305383409593254e-01
1.019607961096149262e+00
9.439221918039599757e-01
1.183322293183698415e+00
1.022470707690425584e+00
1.024616756481983915e+00
9.483906655907203831e-01
1.149438149677267207e+00
1.155444016131841334e+00
1.052733202833244786e+00
1.079047095339712437e+00
1.050213077949941454e+00
9.578007400044310504e-01
1.045828520124363781e+00
1.066237935301493467e+00
1.122862350608353932e+00
1.058928700697317815e+00
1.034948424661690680e+00
1.115518540239779144e+00
8.856098900030210386e-01
8.156949662315844396e-01
8.724025694009962528e-01
1.073432256005985019e+00
1.082234035130239524e+00
9.657095953624943441e-01
8.273715607138509842e-01
9.478156705435254459e-01
8.538011108605132460e-01
1.083548659571372585e+00
1.032386214182095419e+00
1.025098282853039056e+00
9.895642427316848622e-01
1.044974321284315666e+00
1.146353227053627855e+00
9.598355507267241071e-01
9.568677560415286276e-01
1.110337723652306430e+00
1.155727673745713169e+00
1.043303478578246235e+00
8.862113700523466253e-01
9.067959694845934004e-01
8.543917921231409807e-01
1.170988888371317982e+00
9.093118143669742803e-01
1.013810610305670323e+00
9.554970099585630150e-01
1.045798735529292145e+00
1.209540641480183920e+00
1.054152395816367438e+00
9.316642602270620577e-01
1.069088182270351295e+00
9.471889453556786576e-01
9.017730255830178621e-01
8.457256522221101580e-01
1.025670662915161513e+00
8.523611539369948531e-01
1.144370591306810736e+00
1.095604271321327650e+00
1.049188830660231719e+00
1.091690913249694805e+00
1.140410154975989299e+00
1.101406253545040848e+00
8.713673016826948281e-01
1.055253106405094288e+00
1.049398081032465457e+00
9.180438482022197366e-01
1.049051603028294588e+00
1.164473630343150656e+00
9.014058485526590392e-01
1.158015175183843004e+00
1.148844658799922147e+00
9.517982845195418484e-01
1.232036950426729893e+00
1.014456279343600276e+00
9.267447604162252217e-01
9.255678269257066049e-01
1.152676404638329100e+00
1.050511296165021591e+00
1.176247625419714504e+00
8.979410564666516770e-01
1.009390942669235125e+00
9.651314760919493807e-01
9.805630787225456668e-01
1.030859179984935370e+00
8.965558340829011819e-01
1.060262759965249657e+00
9.501600900560250862e-01
8.601506768262510150e-01
1.161517227432407484e+00
9.907896894424370604e-01
9.523001362100161904e-01
9.184680621241876342e-01
1.100811544524972652e+00
1.114586348094612545e+00
9.618708531374630111e-01
8.907257255155544007e-01
1.051309922077296122e+00
9.901113716798632947e-01
1.007418823408415598e+00
1.119386208209664613e+00
9.068780730892518349e-01
8.810407271959186382e-01
9.163603833225432149e-01
9.021266042698670162e-01
1.000738935279226860e+00
1.012459653938819537e+00
1.042987510908330417e+00
8.283906365652031756e-01
9.507327960448239690e-01
1.050821449499891092e+00
1.089586828768471127e+00
9.122492553101355650e-01
9.856063270914505736e-01
8.812262731765657664e-01
9.161125396407221455e-01
9.088019086694753002e-01
1.069264793478685416e+00
8.272975988603090691e-01
1.042864809165975570e+00
9.064877209347724785e-01
8.988043314303086895e-01
1.026988413458164162e+00
1.083920407879009229e+00
1.115277575356953710e+00
1.140388242070583980e+00
9.969353928079727201e-01
9.510126373549860901e-01
9.595981409125852180e-01
1.077538458106076735e+00
9.191621511305658743e-01
8.987116751311188256e-01
8.417389340035050793e-01
9.498779579081683133e-01
9.588897924242967274e-01
9.078532314277620863e-01
1.070807124997879889e+00
9.820438364810608611e-01
8.663176625944212228e-01
1.057848404034394285e+00
9.441723961349290928e-01
1.068222495197479471e+00
1.105850796319928664e+00
1.021007556136356520e+00
1.173764939163018495e+00
1.240244245494224629e+00
9.252226097915086100e-01
9.673962660683776971e-01
9.117840131700298834e-01
1.126619401007422194e+00
9.946754418813431586e-01
1.185473365621174890e+00
