1.011899620002661315e+00
1.114336187277759960e+00
1.055135436888488210e+00
1.056871710298822542e+00
9.445020322476779251e-01
1.066158935621975612e+00
1.121314006917714545e+00
1.109359279775508966e+00
8.690105124934375258e-01
1.222062533456841349e+00
9.840754013901876762e-01
1.137485111899728674e+00
9.971674578588356486e-01
9.500352366437723184e-01
8.937199009890770540e-01
1.143201317681781459e+00
1.132650410567736632e+00
9.862225460823612622e-01
1.058717456518265987e+00
1.194632081100361010e+00
8.421284331350801233e-01
1.069423967804437714e+00
9.895912124550063638e-01
9.579481958860831536e-01
1.008165517068983164e+00
9.078431559174831023e-01
1.126890407857358500e+00
1.142346557114469530e+00
1.062360186510768578e+00
1.041079647769992178e+00
7.917670861955052874e-01
1.074344787709298421e+00
9.209831735772973094e-01
9.466487495793580731e-01
7.877958584850219825e-01
9.987993995195638686e-01
8.245232453322415278e-01
9.623376662641102142e-01
1.188709921467398845e+00
1.013210285042853265e+00
1.074175966665917414e+00
1.009089484712644813e+00
1.155595293801606305e+00
1.018290450074103015e+00
1.061934444520376442e+00
9.678041742920077128e-01
1.005987057039376742e+00
8.154062511410933300e-01
9.613583995298335960e-01
9.292205696702384721e-01
1.066349412878409231e+00
1.186450935619974389e+00
9.351163367071259058e-01
1.079646621758175273e+00
7.636928707286055884e-01
9.819006150362378227e-01
1.083587373237036022e+00
1.114531984658135633e+00
8.495244387561387001e-01
9.808910986140995103e-01
9.890357758481242989e-01
1.118481387167013841e+00
9.414729875563674355e-01
1.074833641765319481e+00
7.669405144860619306e-01
9.774935520568589498e-01
8.619969497723170004e-01
9.474495142415322313e-01
1.161404346757507922e+00
9.206565109757195442e-01
1.059400430388217629e+00
1.065628873329326654e+00
1.174534354862710739e+00
1.012797587781321118e+00
1.116600211759132932e+00
1.201718703871296201e+00
1.112479617336624704e+00
1.068477478490006405e+00
1.189040116768545596e+00
8.608081602334813898e-01
9.436478072874601164e-01
9.058038711192962777e-01
1.163636771806548342e+00
1.033949075103696824e+00
9.829624748455748628e-01
1.084600439890716528e+00
1.050096380222401038e+00
1.066034568481072808e+00
9.622271290899111484e-01
1.164387596920051449e+00
9.709799727809793612e-01
1.002726629902387145e+00
9.862372174468545527e-01
1.033188123161678185e+00
1.042751021100839726e+00
8.839583444847148863e-01
1.097911287563878124e+00
1.065198850033938660e+00
1.003364252852492200e+00
8.902483680593609172e-01
1.141697807788903729e+00
8.785567164546548291e-01
8.512861351284870537e-01
8.031752181583327044e-01
8.834496819870558681e-01
1.091628419276702511e+00
1.027949964881520906e+00
1.058570576318634604e+00
9.519338720848280477e-01
1.142984275038091413e+00
1.050894490697100281e+00
9.897298214434149255e-01
1.109066664691830573e+00
9.486172743573431099e-01
9.996949732311959380e-01
8.864622891729331267e-01
9.674957145612301801e-01
9.407786532739337293e-01
1.036611402822230410e+00
9.000752285849702439e-01
1.097146207511247695e+00
9.028382656421960473e-01
9.592560463933760273e-01
9.309474587318176120e-01
8.826352963479766611e-01
1.123343669013428192e+00
1.060116719828837040e+00
8.833766215287396362e-01
8.750545387132977471e-01
1.227723610896788831e+00
9.920076501699635063e-01
9.971482637120210324e-01
9.689658467026877053e-01
1.071087493699824034e+00
1.136103419890005739e+00
1.146027548747404090e+00
9.557324137969632760e-01
9.673947789052806945e-01
1.005276048669467626e+00
1.020739210567335409e+00
8.391096048880171132e-01
1.116531984777073827e+00
1.126126020055039145e+00
1.034907990862686367e+00
9.036604472124289966e-01
9.297755552422579672e-01
1.119189388341122360e+00
1.050796323737300586e+00
9.814888983266587541e-01
1.040713871190391604e+00
9.807491036452367084e-01
9.868413879932800281e-01
9.511126525800572828e-01
8.814533480882531524e-01
1.065774866282382494e+00
1.083351630734366244e+00
9.945419374675733559e-01
1.145958643924915643e+00
1.085992240229237904e+00
9.864058768616638107e-01
8.076046395841900427e-01
8.378299191256706191e-01
1.059430512149137193e+00
1.147816310964925091e+00
9.000690701883234945e-01
8.072167279124980999e-01
1.004900091190453759e+00
8.969323872899501726e-01
1.211205908532028142e+00
8.372718282060477302e-01
1.031691908545640857e+00
8.374646192692913882e-01
9.719785310329529526e-01
8.352974726186275234e-01
1.145748347937357359e+00
1.128329091451320210e+00
9.713842030154691276e-01
9.830903783692339637e-01
8.230842012466925706e-01
9.004283154554943991e-01
9.387400287108416119e-01
9.984954895301689781e-01
1.008578087095351128e+00
9.096303969684688129e-01
1.025372860594927715e+00
9.609594782285745262e-01
9.752168718461838859e-01
1.044412239924051855e+00
9.452616515706634415e-01
9.708412950465765690e-01
9.900673423681554119e-01
1.093268524327861035e+00
1.059777582703932852e+00
9.178322268129093242e-01
9.307637284177168180e-01
9.806019107163674864e-01
9.801361199889859765e-01
8.178491910735483650e-01
9.655178525407415169e-01
1.152033797311648788e+00
8.891985009610716695e-01
1.008079917097739253e+00
8.409853707517697119e-01
1.173635107603670624e+00
9.645966371182949084e-01
9.631328325565977622e-01
9.670474697698820954e-01
9.686802460648874513e-01
9.369749288394193520e-01
1.041416362768103010e+00
8.346440753396275891e-01
8.930167464633940178e-01
1.110197549849681220e+00
1.003317767777859082e+00
1.026465092123721723e+00
1.005210210748052502e+00
9.829425698052516314e-01
1.155466333290344538e+00
1.126542243633227969e+00
1.128996404326086500e+00
9.219787608574016025e-01
8.906928840921279900e-01
9.058147069789922456e-01
9.661166251149420070e-01
9.694901145636809492e-01
1.140058089602629998e+00
1.075216059033527127e+00
1.122861738193694947e+00
1.080843806216368774e+00
8.626646663869095288e-01
7.929403131397084747e-01
9.707775911086400367e-01
1.104731608048655556e+00
1.053120815951747113e+00
1.126371831799354295e+00
1.150068808842498846e+00
1.092562346751666080e+00
1.172234051699346802e+00
1.077166852992849089e+00
1.033716116738055302e+00
1.004792012642434562e+00
1.076838919543483764e+00
1.034732402437541499e+00
8.283176324969137028e-01
1.112227690294478988e+00
9.939417061387754160e-01
9.302557248806437862e-01
8.845888016317375868e-01
1.176803239217386388e+00
1.066099606588937654e+00
1.103072252765611827e+00
1.173046281764163368e+00
1.080282060522636423e+00
1.160194317879972514e+00
1.045394880304820528e+00
1.072904500151582896e+00
8.098221478116334193e-01
1.077505305790534829e+00
1.192590960778468157e+00
9.100822410873576906e-01
1.040194793660029982e+00
9.004527631058695247e-01
9.396572590822538373e-01
1.005843925415569107e+00
1.040614173043218793e+00
1.040882916668909530e+00
1.174450714667951701e+00
8.695727011780360893e-01
9.514950676191269441e-01
9.495934391330285163e-01
1.013909467944090093e+00
9.092338787153910751e-01
1.144997265871178227e+00
1.103858250535997287e+00
1.036908060085012684e+00
7.981426049963646907e-01
8.442306318783593388e-01
9.123020665089283110e-01
1.058547051009047113e+00
8.827896338194940462e-01
8.577149836009277939e-01
9.995613164670132944e-01
7.982322334175329104e-01
1.224238544146039054e+00
1.120383096035252768e+00
1.215531328924237986e+00
9.602026004915875657e-01
8.709829052737825261e-01
1.173629777883636205e+00
1.025656989469512226e+00
9.037789500694671796e-01
9.355988875105742952e-01
1.061797034781064797e+00
8.735307813620714068e-01
9.268958767030979207e-01
1.047368070235149329e+00
9.550734263963777115e-01
1.110821106813303372e+00
1.053319374734393854e+00
9.155144295101504959e-01
7.964422875394073786e-01
1.126339170024685421e+00
1.077037420662066536e+00
1.060171311890323764e+00
7.750634210192333118e-01
1.092740705521037858e+00
8.726863106571706163e-01
9.247351035024029553e-01
9.416638336350209304e-01
1.080046065571491187e+00
1.017203201036728899e+00
9.356671746039553206e-01
1.007044281230023763e+00
1.132688867204302063e+00
1.027144633613435776e+00
1.066521003428634096e+00
8.587557290089589124e-01
1.071701678631347354e+00
9.257722575018201283e-01
9.302822730898181458e-01
1.086355840340740730e+00
1.212000264202520272e+00
8.874109143840120950e-01
1.037625338476719339e+00
9.438395722113865904e-01
1.003247431771925768e+00
1.040372252689400145e+00
9.594062227694728495e-01
9.933245674183575069e-01
1.023365972348001307e+00
9.673095033896733641e-01
1.168319434746809105e+00
1.058542420951088969e+00
1.081705660775454048e+00
1.095673849087796414e+00
1.037709974487204478e+00
1.011023072644561482e+00
9.114314904300487852e-01
9.079586176693900113e-01
1.073743408700993607e+00
9.465641896010561496e-01
9.913313382698381027e-01
8.812472558142990797e-01
1.012486547911921164e+00
8.677464066568809642e-01
9.165877070295631590e-01
9.173003745753000038e-01
1.058896861033294501e+00
9.281954174697176763e-01
9.343823546843885719e-01
1.135227084133116682e+00
9.879620344408623911e-01
9.256740399251760509e-01
9.994046993893996866e-01
9.793022769250803172e-01
9.752162764669675132e-01
1.053884915409861289e+00
1.140625990063682815e+00
8.899736589296027844e-01
8.852966690327668253e-01
1.048077387503126845e+00
1.078016961750364322e+00
1.098814807227340262e+00
9.158672400631638899e-01
7.868293407951976182e-01
9.587258362581428939e-01
7.952351771506229738e-01
9.221413468138334180e-01
8.846085032058685904e-01
9.206812452681520931e-01
1.032227809561754528e+00
9.271730109614587656e-01
9.484350820694075201e-01
9.147215546058272695e-01
9.474397103662111075e-01
1.099381166853544478e+00
9.068925505494477290e-01
1.032538163029939948e+00
1.081170009243543007e+00
8.676302008718267400e-01
1.093084578036155552e+00
1.197611346844599911e+00
1.072566408130963378e+00
1.017067682462869493e+00
9.983249098767714713e-01
1.175184734120993335e+00
9.638935726465749365e-01
1.119713826776224552e+00
1.147531937775859268e+00
1.039281886261429255e+00
9.329754690466162126e-01
9.657160612372159836e-01
8.664580867326996394e-01
1.079706667224975547e+00
8.683525904797159134e-01
1.049543894993323567e+00
1.049404456092159599e+00
1.127057048330991851e+00
8.349175200595515545e-01
1.043141708651012189e+00
1.009479664998587101e+00
1.100003621989094960e+00
1.072250746226807383e+00
1.044706851885453425e+00
9.585818360706044317e-01
8.203534457327600338e-01
9.562557663406452413e-01
8.558840155396354454e-01
9.981715197325988775e-01
9.920143390214305468e-01
9.805218100611885479e-01
9.614923373493255987e-01
1.026079804833838871e+00
8.580648462732651804e-01
1.161967666577210956e+00
9.630060100907236187e-01
1.163311061567178228e+00
8.717924761808022449e-01
1.152336444044312458e+00
9.188702561348847109e-01
1.113776860647209377e+00
8.585219742424626821e-01
1.040686642625984648e+00
1.032677552307853519e+00
9.708681146605391277e-01
1.185150672734049060e+00
1.171471656760032953e+00
9.158075545099552128e-01
9.188368723987246911e-01
1.017982145703892671e+00
9.968827444795547166e-01
8.740817011590882313e-01
1.118670235028246696e+00
1.091613913178362205e+00
1.018046547126984391e+00
1.020842385383479378e+00
8.981375240638094226e-01
1.229482946776722319e+00
9.638520709734066383e-01
9.706822978390370338e-01
1.082542406918245437e+00
1.035087123406140286e+00
9.349278685189785776e-01
1.093273591643173281e+00
1.018748079561035524e+00
1.101297646063749136e+00
1.115799596477079492e+00
1.120059573563512823e+00
9.959535734127624718e-01
1.059229106783405872e+00
8.754495034960864119e-01
1.034792964050848196e+00
9.290196475779545215e-01
1.108461001832543591e+00
9.815818573799061086e-01
1.025095565684638776e+00
1.132173180655108968e+00
1.016925441295096544e+00
1.072084224784151552e+00
1.010370607037669011e+00
9.848928836106123352e-01
1.077599616831722562e+00
8.481600406717322294e-01
9.582570028953181218e-01
9.409170943451053981e-01
9.550643029791278105e-01
1.006584285902963671e+00
9.259889251935476961e-01
9.564144626585289188e-01
1.021592905836558263e+00
1.076345998064952347e+00
8.322332964113660081e-01
1.177364198476690049e+00
1.050985953705687592e+00
9.712684981878176860e-01
1.024327975194808671e+00
1.080398375164196123e+00
9.545910284412414404e-01
8.786212377091870973e-01
1.026620138441090679e+00
1.033153308613315113e+00
9.708569728722618031e-01
9.491704326919541135e-01
9.697800982494857447e-01
1.045586091320251265e+00
1.043343567730498300e+00
1.046714245385715003e+00
8.176525247939243624e-01
9.736708208338089587e-01
8.589971876030320086e-01
8.946955840075789812e-01
1.162803044293854171e+00
1.118395203552945638e+00
9.863420772121829216e-01
1.061254241716356406e+00
9.509715075786780991e-01
1.039259699824505168e+00
1.068823976929536457e+00
8.414187247839987061e-01
8.974505309965941091e-01
9.488982829207532887e-01
9.514641479902400389e-01
1.018624762248908633e+00
1.133547770443447789e+00
9.713575603545399062e-01
8.521475168381580367e-01
9.975737834484278421e-01
8.669654269119642098e-01
1.069164771802934233e+00
1.034355610831516614e+00
9.310096983467095466e-01
1.101769752592067331e+00
9.015288609954474897e-01
9.749398288534489865e-01
1.056406346119656448e+00
8.539667190403321673e-01
9.570442324320524996e-01
9.837423090159524985e-01
1.078700845427203570e+00
9.951422616342887606e-01
1.152696749619131600e+00
1.137693221167085156e+00
9.341260637392279076e-01
8.207756623741645496e-01
1.110079267957622573e+00
1.131483577859613288e+00
1.091848387009547450e+00
9.093494362964258393e-01
9.056551229283872351e-01
1.179213137989452376e+00
9.769251695512695122e-01
1.014651138513406270e+00
9.937166327121879084e-01
1.070767158810560948e+00
1.085050365173440001e+00
1.106335094970729793e+00
9.234173097305957700e-01
1.086732756829413837e+00
1.161382549250992158e+00
1.120448776450250650e+00
8.958810898379772070e-01
9.552482054720542459e-01
9.521021545411303411e-01
1.012045740764769830e+00
1.128283908330603325e+00
1.115292180616621387e+00
9.708797219270437484e-01
1.080335707850591298e+00
1.144268619852529811e+00
9.292360050029309093e-01
9.842339694616802914e-01
9.782961658052946596e-01
9.826156642777827965e-01
1.047032999483989091e+00
1.115649119820860902e+00
1.025244222018552254e+00
1.173795137475973638e+00
1.074718801400988077e+00
1.148060024699647075e+00
1.189671191024219921e+00
9.555162027685992765e-01
9.486151468789750796e-01
1.088603273528448323e+00
1.072006327877979892e+00
8.686682630338169453e-01
1.103510817672839872e+00
1.115656802092347855e+00
