1.166811887148931248e+00
9.776880346544301048e-01
9.394374497669473190e-01
1.044422752821936529e+00
9.650974019801419335e-01
1.060976108702667897e+00
8.945361294694373910e-01
1.077524614001734271e+00
8.224074156292378035e-01
1.021551645864489322e+00
1.047763574565376610e+00
1.168393654151189232e+00
9.977788789616648391e-01
8.944881578164431968e-01
9.913028243744526069e-01
1.164568024424720738e+00
1.179721773979244714e+00
1.032122882259883578e+00
1.135353787613138543e+00
1.037442933346838903e+00
1.135045967693386393e+00
1.091168696559041695e+00
1.059114910068241766e+00
9.883239474147160752e-01
9.098942130365839098e-01
8.902676074216192559e-01
1.026317518258018868e+00
9.541545471822929780e-01
9.450826218815580049e-01
1.091078544224737490e+00
9.128583560428678023e-01
1.188020457371297356e+00
8.562157163604140475e-01
1.089025310718130912e+00
1.019152031161820293e+00
8.160384305672141458e-01
1.022554709505775206e+00
9.507339834074099993e-01
9.780439648279531939e-01
8.148287752381518922e-01
1.223884487967539458e+00
8.457290925133803539e-01
9.832717396801954335e-01
8.694801840929535786e-01
8.170708211080635053e-01
9.615135658644839989e-01
8.627626220259401180e-01
9.837388508737876514e-01
9.580749438632416570e-01
1.055521635899842270e+00
1.096338775365038209e+00
8.269305045898849293e-01
9.272192333104873896e-01
8.121556504336663318e-01
9.366702426759301314e-01
9.081052851323654362e-01
9.128852053693249369e-01
9.751541005166308729e-01
8.692516305871814675e-01
8.301671245638658769e-01
1.084278346725456865e+00
9.360869577578544432e-01
8.530368581172470543e-01
8.630537031195840703e-01
9.214023940550402081e-01
9.848801447589287106e-01
1.075651016782507519e+00
1.121224960644663593e+00
9.711205626832302151e-01
9.963977916453965467e-01
1.066652497900966390e+00
1.026465375323430074e+00
1.000408082525214182e+00
8.506430653734047276e-01
1.003540750447610153e+00
1.076427804650999187e+00
1.095275346827646157e+00
1.043109124250488406e+00
9.587559657492383813e-01
8.978309182325776572e-01
9.415372959496957073e-01
1.033247209736390060e+00
1.040254760684717450e+00
1.012953779232909302e+00
9.201555934797533975e-01
8.814872183611615064e-01
1.171994592496358845e+00
8.180256224844166812e-01
9.947700443057565511e-01
1.040396925143889373e+00
1.006533380007686773e+00
1.040792374690311384e+00
8.745859985056395614e-01
1.005531608620131134e+00
1.090712549819234489e+00
1.159007318452233815e+00
1.086850047808421760e+00
9.514847048764396575e-01
1.061235114217112363e+00
8.584102235503796585e-01
1.173878106184761627e+00
9.227730288911279999e-01
1.056608468866960138e+00
9.318703102311503006e-01
9.553038450311308605e-01
8.784185726422617524e-01
9.036012408090812187e-01
8.577789124091700357e-01
1.117728982392601100e+00
8.523472536453049475e-01
1.007600148135001650e+00
9.469835421752661464e-01
9.148269138114522026e-01
1.058377991099987536e+00
8.179168606078819348e-01
9.937970234012929449e-01
8.475096070132333015e-01
1.022485124885267327e+00
1.090345829633329267e+00
8.601230879527326234e-01
1.211067406425589077e+00
9.005956200554121605e-01
9.166549848521854393e-01
7.942854463948840760e-01
1.177052852084693235e+00
9.445386738361067902e-01
1.056690997360131945e+00
9.781460712016525338e-01
1.027175039124510469e+00
1.068902531558648450e+00
9.687551700395016230e-01
1.178222233105800765e+00
8.692315334445055441e-01
9.204175413765562919e-01
9.183948950416532808e-01
8.474622401283916640e-01
1.054404207699756846e+00
1.018029956070405584e+00
9.876913568675430577e-01
1.058877197754495070e+00
8.881048909484938747e-01
1.105627123650728683e+00
1.017961505942015288e+00
1.008132017866026242e+00
1.066671162059433131e+00
1.044475494308285679e+00
1.029448949847627581e+00
9.782202513435055424e-01
9.627708080378805100e-01
9.951899964323491776e-01
1.005864342706622505e+00
9.347103582988579573e-01
1.204166025624409331e+00
1.063072290574631262e+00
1.024289283769749259e+00
1.063642402891179284e+00
1.024252414449869475e+00
9.373827638269870421e-01
9.560174953072244630e-01
1.043090149720478532e+00
1.065992780914353899e+00
1.144384051775025224e+00
9.597961280905838999e-01
9.873023432627354712e-01
9.743932013796668956e-01
1.086899913052933764e+00
1.004845716373951037e+00
9.162916156564555603e-01
8.322384111253449124e-01
9.109662927481909644e-01
1.172155474458593361e+00
9.853239631709675983e-01
9.256821593683257632e-01
8.178180154551060177e-01
9.656627759718000581e-01
1.063695780460452545e+00
9.943373963077177802e-01
9.994115399904666130e-01
8.214419595367941085e-01
9.848383510377164418e-01
1.074230645746295565e+00
9.020651320877576262e-01
9.584453122642622169e-01
1.065800915465317189e+00
1.011385984255418258e+00
8.280051085743086459e-01
8.980082140056265816e-01
8.192651297813650091e-01
1.031595593942812306e+00
8.046968387603802286e-01
1.041919383219677142e+00
8.614567285912591021e-01
1.038216098337528814e+00
1.112172216561471361e+00
9.249214077718403981e-01
1.104219664473998996e+00
1.071453862407280466e+00
1.118439375582621187e+00
1.028994658017906128e+00
1.035299629994348436e+00
1.028361885284873045e+00
9.113258980082317162e-01
1.090131181259225812e+00
1.210174648312969392e+00
9.487603200026077932e-01
9.095496239535818539e-01
1.041879102792921508e+00
1.051513613854094809e+00
1.187990825931515282e+00
9.439671162890475031e-01
9.799635965433042273e-01
1.033372653530892027e+00
1.135490210693067326e+00
1.063552569304637263e+00
8.727356871830612706e-01
9.577015477380643738e-01
8.760705592198014813e-01
1.219883954980041318e+00
9.711763207229131556e-01
1.108251699160214265e+00
1.184037959259240935e+00
8.624129760102360320e-01
1.076493806781648077e+00
1.148910383698181104e+00
9.523808644617898223e-01
1.201049250237061328e+00
1.129547889376425251e+00
8.229509835153436814e-01
8.986117597425804515e-01
8.438394013284371553e-01
1.172550055991924856e+00
9.741147798113352074e-01
1.195695575062044824e+00
1.105545568259542089e+00
1.035780851210988729e+00
8.239622701235806979e-01
1.192066385320797339e+00
8.121063659323514150e-01
8.899855220576435855e-01
9.351377751630158830e-01
9.479387393901604897e-01
1.113110643718392856e+00
1.084429893157053293e+00
8.306880539860058699e-01
1.178886732113745728e+00
1.006241995487113128e+00
1.018585741288202673e+00
1.065137114756645298e+00
1.062122755994324041e+00
8.364911616358565727e-01
8.067436746264262659e-01
1.010133199802440762e+00
1.151388300877320914e+00
9.764928701963238034e-01
1.038270284854194703e+00
8.315875443186157012e-01
1.059691157106284365e+00
8.690928387674028421e-01
8.944810434824439493e-01
9.449680977501517809e-01
1.136944984133481551e+00
9.482520851133404705e-01
1.022017862234406937e+00
8.557864962879722093e-01
9.314732497784379284e-01
1.058597857348312132e+00
1.038572246193063098e+00
9.124616079022432880e-01
1.057478887790412436e+00
1.016208172386212194e+00
1.114138913285847021e+00
9.700428012582800186e-01
1.041231579628133286e+00
1.117542504155036198e+00
9.155708323278541894e-01
1.118388632663465110e+00
1.045486752129769492e+00
1.100427010748928902e+00
1.191025800503995979e+00
1.040447718448078707e+00
8.790808813059957094e-01
8.311168278177978319e-01
1.178684992169666268e+00
9.289441053939507809e-01
8.154176072666210473e-01
1.124134419426247034e+00
8.543223186264585767e-01
9.606510533824019760e-01
1.056622249238172273e+00
9.249229355135518693e-01
9.624428204566232159e-01
1.070080612133895492e+00
9.851844996355465511e-01
8.299082819105821907e-01
9.333249216225717459e-01
1.014116818587991187e+00
1.020264749066965848e+00
9.410276680878358890e-01
8.475232575022589865e-01
1.004109415280813211e+00
8.134920253278324909e-01
1.006101656561344537e+00
1.132589233285590025e+00
1.030452526507578126e+00
1.034819518110855707e+00
8.932044057817443150e-01
9.688475022862633734e-01
9.723046231169693021e-01
1.078515606298421137e+00
9.580793945305767778e-01
9.315411229401486803e-01
1.073125023389567056e+00
8.304579667600240356e-01
1.036108805767877339e+00
1.150151270367764322e+00
1.162697181220039289e+00
9.654596335662938289e-01
1.096717238016160945e+00
9.731963024719780808e-01
1.080402488501869041e+00
1.077390823139352749e+00
1.158708007105117455e+00
1.190946013958133376e+00
9.216589400714518820e-01
1.056629868200441802e+00
1.000437267511165462e+00
1.075658567818723155e+00
9.895266704014613612e-01
8.515701387278047374e-01
1.011572225519389523e+00
1.002769114865581512e+00
8.668674613572597831e-01
1.169097281116538767e+00
9.297215749171032773e-01
8.568763871530677978e-01
1.107388527867582795e+00
1.038039605297183421e+00
1.196363930553244748e+00
1.090871987149558020e+00
9.351568779600298864e-01
1.062501930338551892e+00
1.008491049166227560e+00
1.176838012620975427e+00
1.107713875634160017e+00
1.023861611287790518e+00
9.571312534560696417e-01
1.057688525115709544e+00
1.002395270712860942e+00
1.038410617722398399e+00
1.070300284301302751e+00
9.605675833222389048e-01
9.303834903543858337e-01
9.010332357558561434e-01
1.023660590109736424e+00
9.856000153832449318e-01
1.051855943511391889e+00
8.982818843287450061e-01
1.047885690000463610e+00
9.040851475508722146e-01
1.132166431513335958e+00
1.004687584401151579e+00
1.001790506448924534e+00
1.065230800820778256e+00
9.462469494638356959e-01
8.457726973819749139e-01
9.029762272237980003e-01
8.169621665851007908e-01
9.091902166419711939e-01
1.038743179697176444e+00
8.083246921549493980e-01
1.047465101678203947e+00
8.245897709228953154e-01
9.870129237996909666e-01
1.113031081584966442e+00
1.211676070580704145e+00
1.139673728083564042e+00
1.014442284924790494e+00
1.113516921006582949e+00
1.138171033340013238e+00
1.023541735297582411e+00
8.110244279430965930e-01
1.056684625731902916e+00
1.094602934787245685e+00
7.519892018825893309e-01
9.968242006007281830e-01
1.032346559425113774e+00
1.011707847019742257e+00
9.194963475385582452e-01
9.078012305456195641e-01
1.008690535739878547e+00
1.091960526181675162e+00
1.032281134231807229e+00
9.416469018852495765e-01
1.061717408328227252e+00
1.105105778355473412e+00
8.752665726939081736e-01
1.194215442121239423e+00
9.739619271153348024e-01
1.021438621717511097e+00
9.725923922108320463e-01
1.068705587494177101e+00
1.118149074912774488e+00
9.359611079238737696e-01
1.038517670037120588e+00
9.980176110502536613e-01
1.097289564644212234e+00
1.183537043798282618e+00
1.083898210177625554e+00
9.444712438281577249e-01
1.027565972574412401e+00
1.195652714486344248e+00
9.890743169077605979e-01
1.068411720078802807e+00
1.033105348465570561e+00
9.045166436149436606e-01
9.146306081848911695e-01
9.253904797279608463e-01
9.229165698514836258e-01
1.104840590018342894e+00
1.037868507390304007e+00
1.004618575855870777e+00
1.011272989851409010e+00
8.517191350700923369e-01
9.710561266569441852e-01
1.219682650279722891e+00
1.121762289757029629e+00
1.026286949819053884e+00
1.035995736079489804e+00
9.690093380894395647e-01
1.021852779703417591e+00
1.093831321961335146e+00
1.060726595485773416e+00
9.531961569038907012e-01
9.713868708062965984e-01
1.053357818431513326e+00
8.832393003532876818e-01
9.749740321429664069e-01
8.884893931106461196e-01
9.420037826600220487e-01
9.748957739827364133e-01
9.805821651466175570e-01
1.086122349510523222e+00
1.054135082393057976e+00
1.146730459189726936e+00
9.342363424739377198e-01
1.125331917712546259e+00
1.109636159631458341e+00
8.344959045038941037e-01
1.033417305097485750e+00
9.883096259356081159e-01
1.125235051780214102e+00
9.445209796115854317e-01
1.048998757706726348e+00
9.760350607083885244e-01
1.076824309944977465e+00
1.089240979096903539e+00
8.045676962454826331e-01
8.783268551842048355e-01
1.039898470415870024e+00
1.003266528490187826e+00
8.977504425207187833e-01
9.157020322042700444e-01
1.062013538647924804e+00
1.031502624087461850e+00
8.633146264171227546e-01
9.487861158743073897e-01
1.102564588065366946e+00
9.773595087071261789e-01
1.032157329061209605e+00
9.758009126400029043e-01
9.877003710162428618e-01
8.438630411624485905e-01
9.836936803411747698e-01
1.071754977619754801e+00
9.690883785707502529e-01
9.683208496109585450e-01
1.188800213441721709e+00
9.073704109931173267e-01
8.986719852976110534e-01
8.757200577154550247e-01
9.560734352116772028e-01
1.089412309393260392e+00
1.028430683676426094e+00
9.653260398171958911e-01
1.089102665209589649e+00
1.002238234167155628e+00
1.048096817955180837e+00
1.167897534579389829e+00
8.285510716085289218e-01
8.964707580506557916e-01
9.585574312114271134e-01
1.056849118140272603e+00
1.135099825262330553e+00
1.017205179491952993e+00
1.148862615938949006e+00
1.053185681115202499e+00
1.069732556019216130e+00
9.711493932870156609e-01
9.801599628729871228e-01
1.097199843616940784e+00
9.616886595463453036e-01
1.021467686015205878e+00
1.067078816678350695e+00
1.062960255893520500e+00
1.068384822767149078e+00
9.906963221559403898e-01
1.099776611240220969e+00
9.714214757836143743e-01
8.149776336768339569e-01
1.006965505665019078e+00
1.108210491910254669e+00
9.547293985770879399e-01
1.037882629289414549e+00
9.709482027596177955e-01
1.054269355866308322e+00
1.060351301466908147e+00
1.196010811720933820e+00
9.804113718668129307e-01
1.151435307396584395e+00
1.016377157582448953e+00
8.768312213178888204e-01
9.511276294529852349e-01
1.021035205644020838e+00
1.119601166192307540e+00
1.116826487103522059e+00
1.099487376245912085e+00
9.041164333600399949e-01
8.786251540534991689e-01
1.125066942453214036e+00
8.967063435913591452e-01
1.030469388394183561e+00
1.165094201559257359e+00
1.049445129535626631e+00
1.033612226614375684e+00
8.486632166830445634e-01
1.165000740554357650e+00
7.990721349379082961e-01
1.188278654050663352e+00
1.111668087415222717e+00
1.039994453191753321e+00
9.569750365685953941e-01
8.868671032748220995e-01
1.131408623898723542e+00
1.080386043937229035e+00
7.942642649263176313e-01
1.083974371270419734e+00
9.605625788081546546e-01
1.074637858881692942e+00
9.017370194873683964e-01
8.988142965625326442e-01
1.117595192101524137e+00
1.061107951856705034e+00
1.029897975291492740e+00
9.551655216276822014e-01
9.429988127793585972e-01
1.121458197564611625e+00
8.825906411084691872e-01
9.800264122587101223e-01
1.000864678551075970e+00
9.733802580342632016e-01
1.052388947575466194e+00
1.021143287764516128e+00
1.033555214118236254e+00
9.973463892886711424e-01
9.441756940298611234e-01
1.220518145082037931e+00
9.606273635085810225e-01
