9.512786335719652930e-01
8.361352361774385678e-01
1.051141488799981261e+00
1.011707080133092296e+00
1.146881654655686589e+00
1.148817920432781303e+00
1.023659197957836220e+00
1.200653888779060319e+00
8.544945210451424522e-01
9.147264812076847385e-01
1.051677713602491293e+00
8.920706088893213259e-01
8.861991788664529413e-01
9.032153854105812174e-01
9.922607094358233404e-01
8.819083711439255069e-01
9.035446690857091845e-01
1.003245569335161180e+00
9.451882576777914657e-01
8.742371184766708492e-01
9.538251289224285445e-01
1.145880378978089587e+00
1.060054845644456734e+00
1.081800229513079303e+00
9.494324112755094802e-01
1.179310482700736351e+00
9.729959543909787456e-01
8.846037237976587253e-01
9.761886015344907186e-01
1.065843718516402916e+00
1.094747085384839336e+00
1.066024118576475388e+00
1.140769422223643081e+00
9.342754890713745874e-01
8.935335303442992760e-01
1.047222126756542249e+00
1.079498736985072149e+00
1.091873821155055824e+00
1.118540622140982599e+00
1.043892000496294159e+00
1.014776185281244691e+00
1.052418777694552610e+00
9.228006790827310013e-01
1.126221670703963618e+00
9.569833572659272036e-01
1.214031925086648922e+00
1.065155031871198865e+00
9.166973210114970350e-01
8.607396098514003002e-01
8.801419469641251769e-01
8.984913681936244068e-01
9.989168994124517642e-01
9.578264293966021192e-01
1.017626308826592885e+00
8.481074768894230065e-01
1.118030852511004314e+00
8.767701174194288960e-01
8.695064058624237813e-01
1.080568461034706829e+00
9.235427700387723871e-01
1.097390862388576416e+00
8.615955709694120834e-01
9.403863218264219004e-01
9.826067922828933821e-01
9.189045971846063754e-01
9.968658865447124207e-01
1.162426360807168990e+00
8.450189112578074813e-01
1.057546216746809264e+00
9.802189259530120768e-01
1.116016958932599668e+00
1.006914035426328624e+00
9.486982112488409058e-01
8.893680763476791151e-01
1.044758484508859775e+00
8.863269328273311043e-01
9.388911042938967721e-01
1.012884629130458292e+00
1.055533285648320607e+00
1.159751582404819681e+00
8.991013235770581868e-01
9.691885604062839832e-01
1.054616263809901699e+00
1.062450918241243825e+00
9.831420999289124385e-01
9.742077813839042921e-01
1.192123819316226685e+00
1.069140010257858764e+00
1.165923354094089870e+00
1.063591170588222168e+00
9.487396218391627167e-01
9.147987306229827809e-01
1.055357469861612607e+00
1.182281610012126505e+00
1.158868853420353062e+00
9.139268949752246129e-01
1.129854302035397717e+00
9.661937197813668110e-01
1.002603569150798846e+00
8.435912828099201288e-01
1.197851551654566915e+00
1.086606181440664454e+00
9.335006377389698518e-01
8.651099943487616795e-01
9.715699747366915995e-01
1.018720032855232382e+00
9.976014689804060254e-01
9.275178656390404841e-01
9.036106136966640667e-01
1.215735760074760252e+00
1.132956377730665265e+00
8.214311135822646159e-01
9.806778225939412064e-01
1.014132583009102362e+00
9.387686255959324377e-01
1.071101309252676215e+00
9.605539964010111342e-01
9.209135725802590766e-01
9.008769826431070049e-01
1.062787213621545712e+00
1.211341711321026082e+00
8.585515976175364106e-01
1.001804352280098787e+00
1.190312253252556296e+00
1.031211563519436769e+00
9.559956695810233329e-01
1.168817081112455636e+00
1.165679422542004184e+00
1.047162066353726662e+00
1.050358819358659490e+00
1.084372557978889429e+00
8.605542017201475158e-01
1.056198559558709338e+00
9.301287215520747109e-01
9.285282807567665220e-01
1.005807355932729408e+00
1.087209180332258107e+00
8.812247100198247196e-01
8.650857482905889295e-01
8.593055990393243526e-01
9.362589152348899102e-01
8.502799894330829167e-01
1.068333219656765642e+00
1.050286760017542953e+00
1.075849680369644013e+00
9.291323582770859568e-01
1.185319206264561664e+00
1.008918741209173131e+00
9.635503577818496090e-01
1.188203439389884819e+00
9.137468841603066938e-01
1.020408084690735739e+00
8.933408260901170017e-01
1.055917611955863311e+00
8.304492201173698795e-01
1.001342088519532325e+00
1.085897687840749137e+00
1.124560710947192455e+00
9.313906290438762614e-01
9.725110040956725932e-01
9.452440403034108041e-01
8.139922510289947510e-01
1.065672777992591413e+00
9.665088157757562026e-01
1.023009336228858146e+00
1.172810952185851185e+00
1.001349654500053754e+00
8.581593972541136095e-01
8.813384914652053759e-01
9.720723295867248481e-01
9.572756820735763839e-01
1.154340030360752944e+00
9.016836087713104853e-01
9.698277417397815903e-01
9.991117738940550330e-01
9.088014011636149636e-01
1.103417001071094417e+00
1.070104791131726518e+00
1.007210135819941677e+00
1.066758088738335442e+00
8.376050714768219496e-01
1.074010521779416250e+00
7.923697892552548083e-01
1.154121241563903499e+00
9.690232798240807632e-01
8.782123798325573993e-01
1.046050012263929574e+00
9.933711410394746588e-01
1.029042016354932532e+00
8.887460133831006637e-01
9.954239940629159289e-01
1.083016609750209636e+00
8.428191373306042067e-01
1.033760369186961681e+00
9.465925058417676841e-01
1.108043049862885265e+00
1.101766575114675240e+00
1.072326175132162218e+00
8.900195372912022007e-01
1.098044715407963112e+00
1.157294874548409513e+00
1.019557971022983622e+00
8.477130301324622419e-01
1.103523785475272412e+00
9.827802192102061962e-01
9.564472323654564789e-01
9.453029011488436328e-01
1.029465483417570937e+00
1.106604316689871803e+00
1.079272898839107153e+00
1.138623779763639154e+00
8.842545962907668589e-01
9.144024610174411594e-01
1.076228149506227361e+00
1.114268085574314782e+00
9.111434373454019298e-01
1.075682125546856049e+00
1.045851154733801414e+00
1.014991378546851175e+00
8.354234348026057244e-01
9.570978454156773285e-01
9.271634908288287624e-01
1.117756018916302940e+00
1.141099002937686402e+00
9.161240898217304363e-01
9.709641551066070519e-01
1.071469364846733718e+00
8.019178342656261282e-01
9.281290559571437893e-01
1.075344859491859983e+00
1.064237904189360373e+00
8.466993165878450300e-01
8.525819178428115652e-01
1.006546330839007242e+00
1.077159784357751171e+00
8.934161117470094116e-01
8.936888529153275140e-01
8.354519807737459391e-01
9.855487258518533800e-01
9.737369656244703187e-01
1.186666873026261282e+00
1.188315310101597078e+00
1.196189402108948530e+00
1.083216857348414441e+00
9.825480454856282408e-01
9.016085019190605010e-01
7.961806034446232694e-01
1.006813750659748985e+00
1.178082746647057144e+00
9.686508496822850978e-01
8.989975208540038620e-01
9.518630768053596425e-01
1.083245151362456138e+00
1.125041838049459786e+00
8.631384894106439720e-01
9.093503160162103027e-01
7.961635445000042610e-01
1.048276524709418123e+00
9.796818958860781246e-01
1.165458190232880220e+00
1.096482565962310751e+00
1.160558181027390834e+00
1.099073502786262813e+00
1.045098558441198922e+00
1.205758963164355491e+00
9.610072074307007828e-01
9.122027238724288445e-01
1.022541956695089294e+00
1.054150594633801008e+00
9.891493829257778092e-01
1.181805662990613515e+00
9.976980427567030407e-01
9.681753476726129293e-01
8.401470219014053331e-01
1.074829452325855028e+00
9.756061157024726871e-01
1.122834446409172848e+00
9.370968832859114528e-01
7.930877231100010860e-01
1.107192886021613143e+00
1.104567680209044056e+00
9.353611194591839872e-01
9.122390891093637988e-01
1.153216551779934873e+00
8.664247765915522592e-01
9.892513462899185095e-01
8.917891664982979805e-01
9.491853797349496524e-01
9.416861814617492055e-01
1.008247795511296507e+00
1.101550205445159136e+00
1.031042298735337592e+00
9.399047509387423727e-01
8.490875499424264117e-01
9.269344592747004175e-01
9.681637333393180445e-01
9.684913442266920303e-01
8.894906065880321400e-01
1.050921217027051879e+00
8.290805598338524263e-01
9.877441938457646176e-01
9.920053421374004365e-01
1.082319527765628120e+00
9.901639279317434594e-01
9.812463468776675413e-01
1.200460049507960703e+00
9.576489883985987994e-01
1.128936591117639443e+00
1.115997972892319501e+00
1.167196559733076677e+00
9.697256517344117199e-01
1.135181215839951241e+00
8.777264855848156966e-01
1.138659217469748075e+00
1.121422336698689071e+00
1.058477799864073976e+00
8.045806536166627554e-01
9.108626844781240184e-01
1.106708138060308322e+00
9.846336741021797234e-01
8.571823280426660308e-01
9.268409373748097702e-01
1.090431342090977695e+00
9.838346053864507335e-01
1.094585447445614035e+00
9.575458024019867231e-01
1.142338348309050344e+00
9.692090023786685826e-01
7.998433781006255572e-01
1.022482920773409409e+00
8.500647075931122565e-01
1.021660159458169126e+00
9.496367614820400149e-01
8.745634147646473844e-01
1.048803018796771402e+00
1.035867492361413289e+00
9.875032732979700523e-01
1.080763002469325773e+00
1.069497698749424686e+00
8.861809763266734752e-01
8.251057840054315529e-01
1.006568132248661485e+00
9.321889758002582793e-01
1.090475519840207408e+00
1.051266683417651615e+00
9.386941098584113963e-01
1.052963600333575167e+00
1.034437614254988258e+00
1.056324766961830308e+00
1.067076365601759669e+00
9.129576309562240644e-01
9.923558086711778969e-01
1.052632074845532895e+00
9.698900734856419348e-01
1.048437914987181196e+00
1.039998641921406453e+00
1.202648854543678647e+00
1.106760128422269451e+00
1.111263837813677879e+00
9.684005276745065727e-01
9.989524064965580319e-01
9.433346570048084523e-01
1.050289787209364611e+00
1.124997308130235352e+00
7.926720524383983335e-01
9.457863242358508504e-01
1.043583002237008506e+00
1.081922134860205720e+00
1.001253976608872387e+00
8.945248123932467710e-01
1.138982497254099169e+00
9.081654493864617095e-01
1.099017245457075909e+00
8.609422859361031133e-01
9.168822833101341052e-01
1.108258834893809608e+00
1.214247538300811113e+00
8.864087595709149170e-01
1.154875409583452583e+00
9.433094976642399931e-01
1.173016192620241815e+00
1.149723876512797283e+00
9.433629316470609760e-01
8.766345981532212006e-01
8.848937459944221651e-01
9.912909669647219646e-01
9.535730237588042613e-01
1.083593617177512680e+00
1.109258934228568805e+00
9.125162015600980503e-01
1.117094570732553915e+00
8.240110887485896374e-01
9.033430744414294722e-01
8.574481194930674288e-01
8.746804908953300650e-01
9.555026661800578580e-01
9.179661639702383358e-01
8.220407568071756987e-01
9.507308616909593280e-01
1.110117423013961657e+00
8.178214715213190100e-01
1.070121804627278239e+00
1.039629688533583618e+00
1.113711564709414459e+00
9.075493776050871375e-01
8.437916357604637874e-01
8.487034990198483175e-01
1.127961035714576177e+00
9.327557634109027163e-01
7.852931473383206740e-01
1.014079149027104831e+00
1.138133961411996520e+00
1.039391519175235645e+00
1.123800789642325437e+00
1.052132318977695213e+00
8.950548651902006103e-01
1.102056231941159758e+00
9.794601048587618930e-01
8.315132420938977642e-01
1.058417418296371926e+00
9.195068413593556755e-01
1.059177062289654137e+00
1.068314537594848623e+00
1.028946843855137461e+00
8.725610982544058647e-01
1.105291710710649689e+00
1.112997700442665661e+00
9.440765415463110433e-01
8.239047191750983323e-01
8.891542044008580170e-01
9.226125794304212979e-01
9.826294622364811771e-01
9.443025150288892888e-01
8.502600562846729382e-01
1.031635418293458839e+00
8.846706718468014818e-01
8.719120276558588456e-01
8.891829384445137929e-01
9.283795936526078041e-01
1.241355030637992796e+00
1.199138795777118682e+00
9.153174528267037369e-01
1.200366819266701413e+00
9.803132424297518188e-01
1.166684158699518470e+00
9.254047076113944836e-01
8.469749040248737426e-01
9.461847355993635578e-01
8.248562030459699601e-01
9.020367980147239173e-01
9.530743815422364484e-01
1.003704429504232110e+00
8.099736980490290783e-01
1.086646088962897716e+00
9.794446660558610018e-01
9.247809959070039110e-01
1.105033969966515262e+00
1.148749510761641002e+00
8.717750035074143256e-01
8.656833736572544513e-01
1.130798558497760897e+00
1.069096877826472669e+00
8.674642895509270257e-01
9.268905070352376763e-01
9.622972629212254159e-01
1.061096943525655645e+00
1.045218980811602805e+00
1.001622266040880227e+00
9.341238358319663426e-01
8.106078863154733138e-01
1.193619781680895331e+00
8.340144089638072966e-01
1.063971845880812284e+00
8.676941132853984717e-01
1.229082237231993613e+00
9.686761207094354287e-01
7.918463563719729814e-01
1.011072433149100114e+00
1.161769449505966278e+00
9.194388010396452593e-01
8.611216429727861499e-01
9.725299587576250460e-01
1.080406282340519386e+00
1.053049604544718854e+00
9.390027756206162923e-01
8.743194365133667434e-01
1.112413158799951063e+00
1.192412821410731461e+00
1.121044594758814128e+00
1.065926560145936897e+00
8.871346873947265621e-01
1.069312261788788909e+00
9.972713889360096395e-01
9.824267830730963880e-01
8.149772651246798283e-01
1.049450476688549294e+00
1.026084826830369501e+00
1.020419776013989699e+00
1.079029108213103827e+00
1.110923146266157069e+00
1.115809132426150097e+00
1.005199492989966137e+00
1.100657645816077057e+00
9.269871790086323671e-01
1.045047480791020389e+00
8.641535038394649870e-01
1.086987366930346477e+00
1.103863947637446330e+00
1.000715071024018021e+00
9.038005472231041004e-01
8.631919273628418932e-01
1.062549915110811982e+00
8.744866742991234121e-01
1.141920703433424666e+00
8.764941752681377762e-01
1.064088357904465987e+00
9.804095272428889896e-01
1.094010610479555501e+00
9.308492400011894041e-01
8.496456760660811014e-01
1.091459937709711614e+00
1.023270578695757660e+00
8.847891229194304596e-01
9.759248310045243180e-01
9.846490292401528510e-01
1.019172562218856326e+00
1.047417598377657466e+00
1.097837132739860388e+00
8.660363440251219735e-01
1.148604108225354192e+00
1.017117187129134237e+00
1.000912961654310207e+00
9.532851531205379647e-01
9.276333207301989958e-01
9.247951964218847909e-01
1.079416449893944030e+00
9.372409805381536341e-01
9.485362480770294091e-01
1.122464698654053628e+00
8.645686477620544430e-01
1.020195321020623158e+00
8.450200498907909363e-01
1.127985542633935356e+00
9.880213292573423178e-01
1.045523114384811381e+00
1.013054212452823455e+00
9.586072330723490742e-01
1.088963498033490573e+00
8.862545128377670167e-01
9.811465429895082080e-01
1.100776792979440311e+00
9.231512377199841968e-01
1.193568830465969732e+00
1.194505501526670566e+00
1.033445707315828521e+00
8.069401551282870955e-01
1.147277713841178937e+00
1.074143595313848731e+00
1.065387862993754320e+00
1.065433756543908261e+00
8.782020874395963794e-01
1.030578703251858741e+00
9.721262618111954357e-01
1.040241192533403636e+00
9.595045059633506845e-01
8.953431356293685139e-01
8.817006237225124554e-01
