8.799038805522385598e-01
1.164413169796009395e+00
9.345630416557755282e-01
9.419573218554102567e-01
8.672653340169970138e-01
9.324751697044063592e-01
9.269955010980079901e-01
8.727137568697058700e-01
9.528585646359717387e-01
8.045505771405490059e-01
9.370400352972083624e-01
1.002510141329680193e+00
1.052560598602096276e+00
9.544216708805441929e-01
9.239256634436042726e-01
1.113758304577635805e+00
1.105733348589905907e+00
8.863602521014690705e-01
1.009360395460846771e+00
1.018958949810302439e+00
9.239773199732375097e-01
1.105096907306153176e+00
1.075368386901443873e+00
1.042681183187802896e+00
9.801068538613139092e-01
1.041988966673212946e+00
1.100359948662256393e+00
9.639877200383187850e-01
1.029447879076492711e+00
1.038343967461619277e+00
8.920397963461321744e-01
1.041234344162233594e+00
1.083286639636182214e+00
1.082842299789529061e+00
1.009521229264455755e+00
1.140941710336232706e+00
9.671960391103502364e-01
1.092378152105074385e+00
8.174862941278383532e-01
9.960351755432532705e-01
1.076451089497128866e+00
1.144617103852315632e+00
9.308607459303993581e-01
1.071243060938214642e+00
1.153423787133216027e+00
1.156221989755699786e+00
9.301980865853385350e-01
9.039319047578078248e-01
1.010783376616758877e+00
1.030065214704028120e+00
1.081442833225024547e+00
1.061627517019842371e+00
9.453628109112591771e-01
9.780172394180477458e-01
8.959602757017608443e-01
8.303260354149994971e-01
9.210970160509178717e-01
9.145867983524054168e-01
8.594752396428626540e-01
8.534513731385777735e-01
7.822648423458495870e-01
9.736278900226067456e-01
1.123635480617441784e+00
9.921414563835100342e-01
1.087720323048292803e+00
1.059806463025986911e+00
9.734362885657681375e-01
1.077125630123463962e+00
1.115570911219228467e+00
1.066529595212880599e+00
8.750028187002885094e-01
9.202395152499402986e-01
1.066185339666794407e+00
9.343650226875315212e-01
1.177572678640023573e+00
1.073372795885982445e+00
9.088489291878727450e-01
1.209517900412481417e+00
8.422755421565153444e-01
1.032287137956418466e+00
9.802444598407105136e-01
1.115929901086118115e+00
1.101084210700031374e+00
9.321135422198901788e-01
9.111133026160540549e-01
1.139119509470043479e+00
9.678469629304148336e-01
1.134695199071522165e+00
1.052422642156287003e+00
1.110238311285933532e+00
1.108629573734226881e+00
1.175186922613794538e+00
8.164556261673034943e-01
1.118005317380097896e+00
7.910593530933462958e-01
1.093416108719055480e+00
8.671830837730958308e-01
8.517258831857235091e-01
9.748323390249883369e-01
1.133187816379439106e+00
1.059313696613392253e+00
1.001757820794896059e+00
1.052152077927078766e+00
1.083680939332755555e+00
1.131465622311518260e+00
8.479053950141545171e-01
8.002387406918258783e-01
1.136915879346326985e+00
8.415764227264935782e-01
1.062552649575321251e+00
1.213269833344740478e+00
9.064315101746850400e-01
1.063253769909517921e+00
9.142557799666021223e-01
9.028912898911606311e-01
1.002580072513495013e+00
9.851095503940235920e-01
1.005479258710088031e+00
1.020964457938487335e+00
9.477124523768662989e-01
1.180957553597026921e+00
1.046878280225941094e+00
9.533111596775480923e-01
9.960676108559891606e-01
9.540989092120344406e-01
1.094430494621665861e+00
1.042081393573810688e+00
8.810628719960640343e-01
8.158967218960937462e-01
9.840975458160523548e-01
8.069936795215344461e-01
8.518280457677462891e-01
8.734604875006675151e-01
1.088076914984706933e+00
1.016740658971823752e+00
9.162504280785643829e-01
1.026951910733477691e+00
1.015260152886429568e+00
9.612880359550159959e-01
9.838029380442573357e-01
1.163598109056400265e+00
9.481299930547189003e-01
9.656898493727748001e-01
8.383440229985302805e-01
1.140812424736536990e+00
1.155939426284881000e+00
8.036311884305299413e-01
1.094745721340014688e+00
7.877752779147620954e-01
9.858322062906901273e-01
9.951724885010566624e-01
1.090512035113383682e+00
8.547845505360982532e-01
9.970359961542976102e-01
1.053472997533332345e+00
1.048239940123069758e+00
1.021125139258038494e+00
9.538216900128937414e-01
1.107447342450162742e+00
1.085371452603890674e+00
1.001659568982232962e+00
9.225429536237692574e-01
8.168268926888717640e-01
9.552795646471161639e-01
1.197918622558443058e+00
1.176300747421199278e+00
8.877804745800532693e-01
1.048206502380019334e+00
9.833454411122066752e-01
1.076630538133211079e+00
9.161721004460661177e-01
1.136938215467849567e+00
1.045643754567993744e+00
9.001055704017379977e-01
8.582811736920532564e-01
1.020968645164645583e+00
9.693199061685524587e-01
1.166358471269550279e+00
1.027939559055164320e+00
9.423583867296274619e-01
9.450676726606481726e-01
1.045950554291923407e+00
8.489763063198674242e-01
1.084494672452903874e+00
1.195801929883270942e+00
9.733091510413909297e-01
1.065062741894039267e+00
1.091418016042717820e+00
9.759013971565340118e-01
8.785657970472106060e-01
9.155794957041674120e-01
1.138539027279531712e+00
1.032050746430696941e+00
1.131405300432605454e+00
1.032326602684222827e+00
1.063312466583343108e+00
1.050847202253124335e+00
7.959142730146959721e-01
1.048712579038485249e+00
1.013754744495997784e+00
9.887233561720984998e-01
9.848377217070647394e-01
8.198578458316505557e-01
1.031647459986183124e+00
1.202855505660616720e+00
1.193073978305708716e+00
1.197115468853759968e+00
9.810948251421931499e-01
1.070831389383817500e+00
1.052071468659589115e+00
9.079660759848880991e-01
1.009730690556306598e+00
8.462927794318959585e-01
9.560391903147045234e-01
1.087723450260581703e+00
8.426843077351422462e-01
1.001663118464838576e+00
9.902258548735810573e-01
1.035371156098005896e+00
1.097355112692495194e+00
9.509517893561960644e-01
1.140279379300922935e+00
1.028817153932833239e+00
9.046127041986782302e-01
1.071748812593852795e+00
8.944218089578406250e-01
9.990117464595640318e-01
9.336258815073931183e-01
9.644383546670007856e-01
9.748494239855769461e-01
1.036824010031944354e+00
7.824581370762849764e-01
9.997672954936769329e-01
8.765597451015976205e-01
9.711378341650077628e-01
9.733956145218665146e-01
8.118245546216922293e-01
1.023632435090791715e+00
8.118081821831963918e-01
1.069929061055798547e+00
1.053254941430021407e+00
1.168023279120461666e+00
1.088146789670591863e+00
9.154941290395327558e-01
1.152195708776587946e+00
1.007462146480367249e+00
8.887109096809528985e-01
8.577912139617942522e-01
1.170024284511422596e+00
8.631502885446673545e-01
1.074864715253448066e+00
8.191844183808798530e-01
8.853412047851150213e-01
9.049863568240397171e-01
1.108902302339015877e+00
8.249991077441101162e-01
9.326354846976496749e-01
1.034717367491163831e+00
8.827648587821409487e-01
9.413553576577725623e-01
9.417620964048238896e-01
8.772845663736021926e-01
9.866724506809687600e-01
1.080215252167175288e+00
8.899751455870933414e-01
9.952968388482900108e-01
1.031436823353161225e+00
9.393768821303889460e-01
1.002908345360303821e+00
1.001513016161307057e+00
1.057179038639979307e+00
1.154727083543822808e+00
8.533984852501925733e-01
1.186975045010221219e+00
9.673503011126877160e-01
9.084350033463628460e-01
8.674989801852504012e-01
1.005284632653739241e+00
9.878042844767571662e-01
1.159040364003636636e+00
1.003903618493973138e+00
1.061337801306578177e+00
9.193085829352765082e-01
8.390969610474505735e-01
1.115399299603455407e+00
9.949968728628468817e-01
1.115512121990180239e+00
1.106232076879028137e+00
9.566388794939619800e-01
9.377539763341057322e-01
8.790185064587929809e-01
8.924004098385160955e-01
9.561316529276717713e-01
7.970383974001956640e-01
9.592310619418884521e-01
9.549604553451076505e-01
7.786062398195173762e-01
1.060384584521626650e+00
8.914542064631114648e-01
8.496118409430055696e-01
1.019241138356984600e+00
9.995617116125463664e-01
1.152842689711391699e+00
1.024599213086445637e+00
9.436739075808950883e-01
1.109676078111212272e+00
8.548604805714887789e-01
1.094614585534972262e+00
1.053869957899625565e+00
9.796280954320584211e-01
1.047644041499678602e+00
9.101073554472633997e-01
1.046375644883382083e+00
9.852150452740355835e-01
9.606946129944662349e-01
1.027268972504973288e+00
9.671186161030913553e-01
9.939344308951845175e-01
8.824969135614362248e-01
1.013846295605304260e+00
1.073594462141654216e+00
1.166136500173968304e+00
9.397194769530841096e-01
1.054512221045641907e+00
7.972390210046793602e-01
9.147184133957735330e-01
8.954334620675860057e-01
9.432184518341686363e-01
1.059595286296411976e+00
1.013424880106991166e+00
9.361009617846631770e-01
9.310559111603713411e-01
1.041432102050089181e+00
1.063080964780657167e+00
1.094869440392055804e+00
1.065058988986453903e+00
9.842443949943127102e-01
9.826431598110111354e-01
1.014383860664658910e+00
1.169362260875053794e+00
1.010983857812529418e+00
1.167865204739967799e+00
9.060075707901654729e-01
1.086462579567305742e+00
1.106004819258159522e+00
1.081098100813270957e+00
9.340661443585719370e-01
1.007573010271610503e+00
1.097780515012217517e+00
8.867585561609900857e-01
9.094034774122748965e-01
8.329648049450927294e-01
8.935191233606241124e-01
1.000397014374559745e+00
9.415507753864665874e-01
9.370511698896539787e-01
8.860603655249759125e-01
8.331572805862351716e-01
9.375807173819707963e-01
8.346638389752184528e-01
9.272938583119739731e-01
8.325225028486136214e-01
8.941757035442452484e-01
1.075774597719714842e+00
9.847799646963864006e-01
1.026807181870478480e+00
1.034467276767746080e+00
9.460321882735329702e-01
9.524000067876706721e-01
1.108568086695948862e+00
9.883219152945443842e-01
9.736624078009503691e-01
1.106343958734180344e+00
9.681003089670014994e-01
9.188847421821134676e-01
7.794294913649616463e-01
1.033000576839317119e+00
8.750037278566387133e-01
9.991273802598765741e-01
1.148320032837769844e+00
1.193952999453698149e+00
1.174514547434312606e+00
1.014310773192762305e+00
9.558447938283280987e-01
8.750515154716977939e-01
8.932389144452816954e-01
1.014409775572776340e+00
1.171436942221772304e+00
9.656963048398925498e-01
7.979995747161823250e-01
1.121908406682353698e+00
8.228383555393152804e-01
9.283517000555832066e-01
1.126270214985842788e+00
1.075655468957585681e+00
9.961057577562931753e-01
9.459770955290027761e-01
9.965631090451219087e-01
1.137629068727951998e+00
1.066029560844632185e+00
8.447926624392870787e-01
9.905086485320352407e-01
1.135459474347234154e+00
1.108636270417146186e+00
9.584515846932694094e-01
1.065233214450590049e+00
1.112150594143946236e+00
8.687592235314729461e-01
8.507983928847102639e-01
1.025947506148642718e+00
1.123160290658674842e+00
9.389319208158984909e-01
9.682708340675962866e-01
1.208274534299321301e+00
9.211561828138572494e-01
1.106699690384887802e+00
9.783773070940713357e-01
9.920807763735097762e-01
1.002532527721445410e+00
1.017178456032653111e+00
9.670742969719970938e-01
1.067939177375379245e+00
1.152719610327623379e+00
1.092628219989482119e+00
9.622134725534936539e-01
1.059285245420491739e+00
9.076495119378773513e-01
9.377210017290658062e-01
1.216562674922315290e+00
1.007600519693730545e+00
8.287436831134202819e-01
8.599844852418917496e-01
9.306606884566328564e-01
1.147013697476730876e+00
1.106104970455850989e+00
1.025688889969818440e+00
1.182065344101070448e+00
9.155283592864562614e-01
9.254463459524437940e-01
1.194334922458337722e+00
1.089689731393310712e+00
8.864641822711889496e-01
8.729190755289880643e-01
9.666174673666080297e-01
7.828327301814890227e-01
8.738619319076508241e-01
1.130939886315711851e+00
9.941245426264453400e-01
9.512633774602847758e-01
8.404180873125424167e-01
1.038288423936980509e+00
7.869092276308669032e-01
1.168043017710403086e+00
9.758888868324053778e-01
9.936370924590355314e-01
1.056739982845483317e+00
1.014765350449434056e+00
9.962573574314248503e-01
1.030250618002428897e+00
9.784559362628928447e-01
9.041386336721977113e-01
1.084481579434806386e+00
8.250891389326739933e-01
1.101787082019083375e+00
1.001362843460361862e+00
1.043576488934695901e+00
1.117615468382382904e+00
9.710504383562001962e-01
9.692806878677150406e-01
9.525751750283071306e-01
1.037032406227680337e+00
9.165541355533383117e-01
8.730746718888244828e-01
9.825359511003362023e-01
1.095005239416036558e+00
9.689797305290965834e-01
1.026435277106661381e+00
1.137683545299469801e+00
8.661963351241368514e-01
8.148974670360547012e-01
1.102421053208521240e+00
1.131722754492011873e+00
1.135447130011780992e+00
1.000201174923386116e+00
8.700111795977343299e-01
8.154110092758957151e-01
1.137807141437349845e+00
9.004608578687125497e-01
9.337154385814923074e-01
9.761358504225065014e-01
1.143395286085237217e+00
1.099968388031321798e+00
9.375139100326381758e-01
1.005647765981884323e+00
9.267711662934465799e-01
9.962934049569573958e-01
1.140441132818772463e+00
8.587098496281118098e-01
8.716836949415859293e-01
1.007915137149381524e+00
9.020142869954999032e-01
1.014767656024373688e+00
1.171293856059721250e+00
9.847949117481127335e-01
1.035000750001440428e+00
1.073062579885484924e+00
1.039806830209812460e+00
8.567943235260688795e-01
1.096169462873081812e+00
1.084426205062952064e+00
8.370517960186725226e-01
8.405939489431469847e-01
1.002162919805606123e+00
1.038984636733824241e+00
9.425719874284663735e-01
1.133349090143139337e+00
9.596145778221329969e-01
9.628012616882176689e-01
1.100604289462130847e+00
1.041184194710705668e+00
1.035800332303437710e+00
1.068072916680883111e+00
8.327914368894802077e-01
9.492418043488335400e-01
1.066379129067896780e+00
9.264597806386788426e-01
8.941976152247135268e-01
1.183948883076510139e+00
1.075757508192697554e+00
8.990375848314072771e-01
1.054155291037744302e+00
1.086282041228246564e+00
1.136536192349707264e+00
1.155497686245613886e+00
1.007313644977641642e+00
1.045261576569171069e+00
9.094731616120516060e-01
9.005566611204278704e-01
9.468374297228565606e-01
9.564617662681129673e-01
1.141135452268793538e+00
8.766344748379213403e-01
8.991873644315678815e-01
9.618874339758961556e-01
1.156797471121380871e+00
9.894209439749901414e-01
9.014501744041075737e-01
8.711408919546090868e-01
1.196826961642274423e+00
1.130258622545169178e+00
9.413198721657456414e-01
9.235521310934570183e-01
8.923538779240580698e-01
8.277939160435858756e-01
9.851549797551415466e-01
1.028666066872431895e+00
8.363762439510386004e-01
1.099188897059472092e+00
1.111095400956395363e+00
8.599577476652501273e-01
8.907959832710322656e-01
9.774146956652618456e-01
9.830700777741805396e-01
9.140492363796268727e-01
1.064873513712512931e+00
9.160851636454580005e-01
8.571567203021595027e-01
