9.645263038030220670e-01
9.983122312004627519e-01
1.149765846188907981e+00
1.061564591806591462e+00
8.790771896102298477e-01
1.150823244216163443e+00
9.905658251712898821e-01
1.215814989885938724e+00
8.889326689975596274e-01
1.126650072639333366e+00
8.542365300339209711e-01
9.356445612976389548e-01
8.454120713687904853e-01
1.102855856535819967e+00
1.081314633384558688e+00
9.505339311204485941e-01
1.059647563865101283e+00
1.208175915122682298e+00
9.521115928457659638e-01
1.090036862143590302e+00
9.980832991424594125e-01
9.799443715261122456e-01
1.124157050766651622e+00
7.778085035684808579e-01
1.144209149825809346e+00
9.853097419483811681e-01
8.807447572861917262e-01
9.812061885806387940e-01
1.008683304985298346e+00
9.757411837658248599e-01
8.847827976108740833e-01
1.084838464270869052e+00
1.063387715401891587e+00
1.140349210912863676e+00
9.911517163412512099e-01
9.002200356881883136e-01
1.046763425734584807e+00
1.124119114698680200e+00
8.918347706928781982e-01
7.992011844015127764e-01
9.591909595832938118e-01
1.004887314822934696e+00
1.040894030871761577e+00
1.078911912781613136e+00
1.009278046523674588e+00
1.091526061585359031e+00
9.956103130625348907e-01
1.183873764232539871e+00
1.109837107351058227e+00
8.007411280637654061e-01
1.120032365635120986e+00
1.112798478757253573e+00
9.056147950196701268e-01
9.376908686612830390e-01
9.297161669823102992e-01
8.651822282005400266e-01
1.147391001864173532e+00
8.793112651906673793e-01
9.942479871245648582e-01
1.195353133266811918e+00
1.001953647919110679e+00
1.161780078606538424e+00
9.777112750823371279e-01
9.382074462273024551e-01
1.153589734310580983e+00
8.562677615183249547e-01
1.194569694693485173e+00
1.121411930633686715e+00
1.001246849843026476e+00
9.886186168643824601e-01
1.028344547005517473e+00
8.471999358985899953e-01
1.083996944763286008e+00
9.277929270565605790e-01
1.073215340626922032e+00
1.005753384237268566e+00
9.881038499346015413e-01
9.822400372681152625e-01
1.175455413742096056e+00
9.759237861072742604e-01
9.815594680916859271e-01
1.024012391673449596e+00
1.022603348264838896e+00
1.120113594860215223e+00
9.704369513893500443e-01
9.372634972041931078e-01
9.807150946661673530e-01
1.054606180364838774e+00
1.128554394565496777e+00
1.035693590967813105e+00
1.066182572482950341e+00
9.150157056752411533e-01
9.305088086215300702e-01
1.120706084618509069e+00
1.024292509574226795e+00
1.130727508064202080e+00
1.019731833931053488e+00
9.221826701178751362e-01
1.037537575750487662e+00
1.121173065034545724e+00
9.375416895107190340e-01
1.090384927653722524e+00
1.016416314335245819e+00
1.127761974864023298e+00
8.630522703171037424e-01
8.950039073035060966e-01
8.043362115217791430e-01
9.205528621138220347e-01
1.168085783612814232e+00
9.685494561567467020e-01
8.617093716927948233e-01
1.045135277119772166e+00
8.408249386378234824e-01
1.123803179273940245e+00
1.128961218813667955e+00
1.005607982249328680e+00
8.522767314546173534e-01
1.089419822148776085e+00
9.572318086498325940e-01
1.187784717544408730e+00
9.834537700091690038e-01
9.586924950478966645e-01
1.103674836927256209e+00
1.017810775988404304e+00
9.730622352691780108e-01
9.053095571158229493e-01
1.028095375963824276e+00
1.073694886439340301e+00
1.111934114396185169e+00
1.196977401111243289e+00
8.227660509268333033e-01
9.983563298901321215e-01
1.035342050548740511e+00
9.897663462727622763e-01
1.046298366413361158e+00
9.105812179719230404e-01
1.202249851989334539e+00
1.016340216453837986e+00
8.494881350293157496e-01
8.925887216600181251e-01
1.016560524396615595e+00
1.143816893295011905e+00
1.219137447512844918e+00
1.021445657681040231e+00
1.023866384842625710e+00
8.336678446652474594e-01
1.052851035626946263e+00
1.040459028847295908e+00
1.012998704783474091e+00
1.114417309328820771e+00
9.491672381413740478e-01
8.876530972061356106e-01
1.161786692983487690e+00
9.137610223957373101e-01
9.397570878059986477e-01
9.313669792068532960e-01
1.069075242861301511e+00
9.836183094574570962e-01
9.028198920423327056e-01
8.819920729521860681e-01
9.340693137041835570e-01
1.108913540353182681e+00
9.975329786291236012e-01
9.258502748383454772e-01
1.025255155954260422e+00
9.727562631766546453e-01
1.156433344283370523e+00
1.071646835211983451e+00
1.102447388136441830e+00
8.849767518054745263e-01
1.002255573959301316e+00
9.730072633549895489e-01
1.014299021262307088e+00
1.131288099482349319e+00
8.496449004971760033e-01
9.313606849167563873e-01
8.996848463812312513e-01
8.435853533770381052e-01
9.389407235696186627e-01
8.558087035547579102e-01
1.202429928950739857e+00
9.886337922832202363e-01
9.182348696397268917e-01
9.724944239861971207e-01
1.073847938782217071e+00
1.065629224340321812e+00
9.779589888584832025e-01
8.958686485067808292e-01
1.051835493154047674e+00
8.569658692590905735e-01
1.018925494711536706e+00
1.051648650632797111e+00
1.083443054577473141e+00
1.012796252592834678e+00
8.152129340369989041e-01
9.700698155222895469e-01
1.056567453186238792e+00
1.093470788088425794e+00
9.409144941871550039e-01
7.934346721154579285e-01
9.504527329968048832e-01
8.939132021300852937e-01
9.526273585401400235e-01
9.471754997467725090e-01
9.579763544230828209e-01
1.037814796713232735e+00
1.064923257107799115e+00
1.175301420736655222e+00
9.921686256016500893e-01
1.132252719447196965e+00
9.841990971141129085e-01
1.128788597278576944e+00
7.822320541207141709e-01
8.808028203317078697e-01
9.014271366944925923e-01
9.064777330211379880e-01
1.120635722420486147e+00
8.822206030055077530e-01
1.132817736187761382e+00
9.437971197268353318e-01
1.111109471108991720e+00
1.122263183285915344e+00
8.902720040813539848e-01
1.181234790821775515e+00
8.716239639744014500e-01
1.031442313802511945e+00
8.284975112220556159e-01
9.909288453284557097e-01
1.135119873002430557e+00
9.639735327634622042e-01
1.038592620800343980e+00
1.095153380291950196e+00
1.148903293630900491e+00
1.021425864591855692e+00
1.104973575744532255e+00
9.223685658744570359e-01
1.072699874361227490e+00
1.075475589905716234e+00
9.871397818353608855e-01
1.174377827413289888e+00
1.020353946148280455e+00
1.039674633535012660e+00
9.296848518657863103e-01
9.384289351891147435e-01
8.788345586607593241e-01
1.102056122895295198e+00
1.142644369356962120e+00
1.130444712218958925e+00
8.614312263101594480e-01
9.132387951275773297e-01
8.543395407700646871e-01
1.132081501214394992e+00
1.119833301873657261e+00
1.111127721620568165e+00
8.747785940235193181e-01
9.834475156369936188e-01
9.654330557988037853e-01
8.446419124019313163e-01
1.053805219869363485e+00
1.174277324816555890e+00
9.312199365711474330e-01
1.045970539790387566e+00
1.155745178266000428e+00
9.151727711353939698e-01
9.510478518757944366e-01
1.050822733371165052e+00
1.117205215575793886e+00
1.080021132774033887e+00
9.370616287438156000e-01
1.018376783729968871e+00
9.096220590363937042e-01
1.119053864852657565e+00
1.125492691195240980e+00
9.704068656642628188e-01
1.089334959822998661e+00
9.553440768173939723e-01
9.272198150387853666e-01
7.698370574715251990e-01
1.051912688604755619e+00
1.042576842981019603e+00
9.335860129307802513e-01
1.053255511783880438e+00
1.070038032861726052e+00
1.044617868058985932e+00
8.890737802153576563e-01
8.404326020126405838e-01
1.224594749829229778e+00
9.919515375053339357e-01
1.075831790210383776e+00
8.268272005259387214e-01
1.144570985992410916e+00
1.051139860286988137e+00
7.868576943750720254e-01
9.964084729431088583e-01
1.078554250093733291e+00
8.674077396555693875e-01
9.569524265420115139e-01
1.088135634946294505e+00
1.186292934402068511e+00
9.270500378212154224e-01
9.007763350854075535e-01
1.162537966319924232e+00
1.002098076651086078e+00
1.027399622216665254e+00
9.460555642008732224e-01
1.095752263427143491e+00
8.729771813790514479e-01
8.390473754739453671e-01
8.737493891416308056e-01
9.487624435222247188e-01
9.968789590557940450e-01
1.166502307733424892e+00
1.063829173075383938e+00
9.052383303370936662e-01
8.356258397358797829e-01
9.361886181492165004e-01
1.008484675760429994e+00
1.009577224275614027e+00
9.869353854369518064e-01
8.891623127949486172e-01
1.155043796531419087e+00
9.289987391224485691e-01
1.110358549703128972e+00
1.048357771119650339e+00
1.160794742520627976e+00
8.280815937587115982e-01
1.085555205470203788e+00
9.571568940894237265e-01
1.072838569129989095e+00
1.083069762120560497e+00
1.128105667222234043e+00
8.512814072847429969e-01
1.080016486215443106e+00
8.813820782727810332e-01
1.059051310987796146e+00
9.491463597807119346e-01
9.739752273319441933e-01
7.756867340524917775e-01
9.560624048518158169e-01
1.143361547987310489e+00
1.141590274985493814e+00
1.058124005206098950e+00
8.863385362348474850e-01
1.032582906241880094e+00
1.152900315926963959e+00
9.423903030904501321e-01
1.001630550192404545e+00
1.073898208967028145e+00
9.665803186257397872e-01
8.354966659175986354e-01
9.424942622263383640e-01
8.511610442422650191e-01
1.043730469081075807e+00
1.048827409799984789e+00
9.025484217266528386e-01
9.179712023058086423e-01
1.035167436905130689e+00
8.793352266820471108e-01
1.108854495302915133e+00
8.770369315357954276e-01
9.223067384490972742e-01
9.670794553384300940e-01
8.271971795501008584e-01
9.017285602019124990e-01
1.130599835463154124e+00
9.472552261234430393e-01
1.013573165731412429e+00
1.147825893238655581e+00
8.416496375926879603e-01
8.774398559626267469e-01
9.892652640611108161e-01
1.019851106575647925e+00
9.345714033860424985e-01
8.038852401582692320e-01
8.554454924253501735e-01
8.452850557867482850e-01
1.026142105418040407e+00
1.053076913266975945e+00
9.434602502327966711e-01
9.429364611511319438e-01
8.314574437568401644e-01
8.715465064484646529e-01
1.006401797167373324e+00
1.008051836936726842e+00
1.068149771777730184e+00
9.084538590053772289e-01
1.101047648329647410e+00
8.809843968873249942e-01
9.360011485555792543e-01
1.009310670257565157e+00
7.766268243603224875e-01
9.524808719219188813e-01
1.037862912976814433e+00
1.012703895552987676e+00
8.880169049356319011e-01
1.071054166692877230e+00
1.038462239077496907e+00
1.177129914452951454e+00
1.019465578120756000e+00
1.124495346586817490e+00
1.026799991900315678e+00
9.621839673912171431e-01
1.167701799595585399e+00
9.444181240304856395e-01
1.034777207865034132e+00
9.392200668220791471e-01
1.163416165565288818e+00
1.027628919312737255e+00
1.030802934847475205e+00
1.083182866132821331e+00
1.013966584651161851e+00
9.297569195838875089e-01
1.045866339432435010e+00
7.945930672312093712e-01
9.025315984777178002e-01
1.113850510636848590e+00
1.014613815361280924e+00
1.126793439362901772e+00
1.036351509492583700e+00
9.297702029190584305e-01
9.815476468798850496e-01
9.767211962323780750e-01
1.095162891394088289e+00
9.056848269972694876e-01
1.070256764842023145e+00
1.028256903318280013e+00
9.874059874793691405e-01
1.014917624125777129e+00
9.966537858110495751e-01
9.143502976760722323e-01
8.887527545137801077e-01
8.061149345867969496e-01
1.001303222647018432e+00
1.107505531685505584e+00
9.094879033858992434e-01
8.463455025873396487e-01
1.008643284590673206e+00
8.953351123207848872e-01
1.074274508068277845e+00
1.023722806772066063e+00
8.999817407018430027e-01
9.198609759453623136e-01
8.558345494116987862e-01
9.499978245250672027e-01
1.026595746705488033e+00
8.462376942099677501e-01
1.005053004223180002e+00
1.021469519380257207e+00
9.083300283884069293e-01
9.640630470299772492e-01
1.023333017364851827e+00
1.140360090279850969e+00
8.403936374347023008e-01
1.146342051240326176e+00
1.114227904690052728e+00
8.599738261035986264e-01
7.734320211242685650e-01
9.887633324054141415e-01
1.021133272464119557e+00
9.798573006893355197e-01
9.852368986750674740e-01
1.170032073362334391e+00
9.862022379706651964e-01
9.624172027554347419e-01
1.023023397189782413e+00
9.940111410003753534e-01
9.578538073682457687e-01
1.113125273236919899e+00
1.134246109451744866e+00
8.013272724763667032e-01
8.831712281767031270e-01
9.191912408301874393e-01
1.003145139752014581e+00
1.151880795399202961e+00
8.637492020840662477e-01
8.354911507657162284e-01
8.424491280013621797e-01
1.095017009963745958e+00
1.019978303265280051e+00
9.558210567123781587e-01
1.092504865159877880e+00
1.142019819108599954e+00
1.087096148173476440e+00
9.166131327396779271e-01
9.685843229812769462e-01
1.052211696586968337e+00
1.009088285463732637e+00
7.999175023377891325e-01
9.410129494956511742e-01
1.069815680169053707e+00
1.158651775775087822e+00
1.069199423484514577e+00
1.031164253103930672e+00
9.426599585792242442e-01
1.024187443014561216e+00
1.052845849204071538e+00
1.073925077942063933e+00
1.040273859342444096e+00
9.975191013543609486e-01
8.256153095462024361e-01
1.013518468414981832e+00
8.980930993570339638e-01
7.757447854021356504e-01
9.579348133871548043e-01
1.034435638620366582e+00
9.277371212591318805e-01
1.138506988424024202e+00
9.483428799197595183e-01
1.073992686524993578e+00
8.427900162908477100e-01
1.096325621246859949e+00
1.029582580778025669e+00
1.038534170197533246e+00
9.212913187583029462e-01
1.042318715297861242e+00
1.010507726166825604e+00
1.040342857703689061e+00
1.020456152325209587e+00
9.911476265956653542e-01
1.043991030820955013e+00
1.044939165272877224e+00
1.099117277589799047e+00
1.049809573906374416e+00
9.389610501135423615e-01
9.494578114580809469e-01
1.033663465002681470e+00
9.151729613288021037e-01
9.525823752717090809e-01
1.087096679768999374e+00
1.063944250676770675e+00
1.157595682672553528e+00
9.372625012078878992e-01
9.096406660281578516e-01
1.035179983483507815e+00
9.852649701329281307e-01
1.149961671875681990e+00
9.767070937303178324e-01
1.077775942120123842e+00
9.922404559957631598e-01
1.074818970468637724e+00
1.148761287785420970e+00
1.029503270427558181e+00
9.049889613767775343e-01
1.077760609880642706e+00
9.788126137413702965e-01
9.646119874998841937e-01
1.134101093251696390e+00
9.581797949411858806e-01
1.108134740235034776e+00
1.112101299211511130e+00
1.021272585059614713e+00
1.164409199458293021e+00
1.013449161175128843e+00
1.170819960609230215e+00
1.126858537426284945e+00
1.001981610594967709e+00
9.457596093080412603e-01
1.154836573123393384e+00
1.107057187878040416e+00
8.000977695538840084e-01
9.429344296904993428e-01
9.489371412937168682e-01
1.114663305824947770e+00
1.026554584729939545e+00
1.177578488525168110e+00
8.331914130174205013e-01
9.970436056773155364e-01
