1.107411553642123181e+00
8.659756662676235672e-01
1.000469886018502175e+00
1.101385878676858887e+00
1.036762925534683299e+00
1.024871283004119338e+00
9.680582131791608536e-01
1.126663173071912549e+00
1.124533515995068678e+00
1.106907931580370708e+00
1.026326272892760461e+00
9.125166307292267298e-01
1.073020172055026533e+00
9.832500821147639458e-01
1.111443772356684123e+00
1.030265067820413938e+00
9.739549649358325567e-01
8.921246317858244623e-01
1.175934193525464355e+00
1.054838973728453366e+00
1.130679449637187250e+00
1.182380284102390711e+00
8.054679609675554630e-01
1.061700416450631179e+00
1.089871103993339085e+00
8.373483779672935556e-01
1.065528500746926177e+00
9.754369096121560112e-01
1.069404515458976634e+00
9.524708765162688273e-01
9.478869979708159921e-01
1.102108381573215334e+00
1.116003698251367027e+00
1.054825033436002313e+00
8.252317742094741337e-01
9.532232164518169570e-01
1.153378867339565961e+00
1.083176022319836784e+00
9.378501060572367320e-01
1.002906255046600137e+00
9.807546024658617689e-01
9.013280386193005533e-01
9.760040590215504075e-01
9.489591335056773991e-01
1.000172237796475239e+00
8.547015956177337337e-01
1.042925512257736997e+00
9.867194627771542770e-01
9.336901776877997161e-01
1.020824452246348990e+00
8.812326432266754939e-01
1.230278203428745609e+00
8.076934562031857778e-01
8.723728105272774425e-01
1.115912083421168433e+00
9.823752609384106549e-01
8.522632339660232148e-01
1.049761823378589920e+00
9.268830112467312254e-01
9.104195893975648435e-01
8.977966816842357645e-01
1.048570165757302552e+00
8.951334810238995576e-01
9.420298858656077634e-01
1.086118171734632210e+00
9.190093425460457155e-01
9.916136298270085137e-01
1.083351917019113930e+00
1.057712742599894895e+00
8.179241727948212137e-01
9.500427595174547601e-01
7.908884531681968921e-01
1.016693611739215353e+00
1.091877468648210225e+00
1.019375538987899787e+00
9.275437120405853886e-01
1.217441490215290800e+00
1.001330189371373525e+00
1.005907347544259922e+00
1.014016999622436410e+00
9.579940626236702617e-01
1.077126302148308401e+00
8.925960261131722362e-01
9.729557510042299295e-01
1.095739370651835243e+00
8.823309399714289736e-01
1.130437446510258237e+00
1.066401546244409193e+00
8.833571097986615550e-01
9.085578142496993914e-01
1.014846968430086482e+00
1.001914470979672345e+00
9.541486220679591401e-01
1.021326348479673962e+00
1.022634814036132545e+00
1.065356850512316766e+00
1.148444887189541852e+00
8.150104622230907037e-01
9.599392478220608593e-01
1.021159357833397952e+00
8.786297339586921495e-01
9.731736010867999553e-01
1.078445735964467911e+00
1.029613889230461155e+00
9.220110074903694608e-01
9.776660733208484277e-01
8.523633646665589314e-01
8.500833869819477417e-01
9.382811025025685758e-01
9.582112913820783895e-01
1.063853936371525588e+00
9.642846581588702115e-01
1.006201080145513904e+00
9.331629161056631538e-01
8.092192077613300505e-01
9.408073338636020466e-01
1.204961600788442722e+00
1.040271335003616571e+00
1.199587828865199102e+00
1.127463258229711496e+00
1.011697732527318649e+00
1.065209315737707607e+00
9.069329936674310755e-01
8.864375762596031771e-01
1.047305793377642180e+00
8.924457763227551244e-01
1.158457284192794701e+00
9.536943759531844034e-01
9.323632734054370097e-01
1.005029461138122526e+00
8.430606345308317984e-01
1.097733835993505380e+00
9.903619502709515299e-01
1.033803073855342980e+00
9.886028337883931982e-01
9.961765757438344471e-01
8.243322962555517108e-01
1.055876511102221471e+00
9.300034757460280410e-01
1.094737407973301879e+00
1.029300951340390124e+00
1.003384318535255337e+00
1.048545912691071447e+00
8.698383172911146044e-01
9.050549989456209143e-01
9.414190782242797262e-01
9.045513352681828767e-01
8.623239517805147969e-01
1.173592745489006495e+00
9.018234953065840109e-01
1.004471604556097963e+00
1.020889711484350926e+00
9.207043413725066738e-01
8.928378585560918790e-01
8.293098381532688634e-01
1.087277796442679856e+00
9.716385738139984296e-01
1.190449030888414805e+00
1.103923090805650542e+00
1.056191330040686882e+00
1.200805181290315105e+00
9.292110949513971985e-01
9.269699807961390148e-01
1.020023948984753126e+00
9.092492934665268312e-01
1.066406398814082612e+00
1.146227420781518180e+00
1.013532849746407338e+00
1.016275579826252162e+00
1.150356291115703256e+00
1.091382620533767556e+00
1.000300752922820280e+00
9.083985276028188061e-01
8.210453507559238862e-01
1.098732298195270296e+00
8.079580978365389354e-01
9.415911483894849887e-01
8.515918105345872124e-01
9.106717612200667666e-01
1.095002222768679756e+00
1.161692743342382039e+00
1.152374355536986972e+00
9.377414361732129278e-01
8.486480253625370285e-01
1.099340389229919612e+00
1.049666611465388089e+00
1.171507815949519582e+00
1.040929692871407131e+00
1.009269749447707643e+00
1.119085666112602517e+00
1.023376068058413857e+00
8.823284873400951689e-01
1.007525909128766939e+00
1.094565684565056651e+00
9.718351370771236564e-01
1.109067904346991318e+00
1.112449305090725371e+00
1.141842228721700714e+00
9.260385201630549901e-01
1.125641461007250266e+00
8.703211842683756805e-01
9.594773083698395766e-01
1.135406393153711946e+00
8.386647737363323030e-01
1.070634814941691770e+00
8.901937977716511963e-01
9.281604240516636573e-01
8.048939918498438928e-01
1.022174527007251088e+00
1.059251125914852709e+00
9.171531154574629197e-01
9.446245396924221049e-01
1.073488596835043607e+00
1.097886875329981748e+00
9.416545047728657192e-01
9.639636215231048855e-01
1.164716507939233869e+00
9.072617520414320014e-01
8.519694691993755509e-01
1.184572994428802151e+00
1.123730030726216356e+00
9.213887365541878482e-01
8.933542586135874153e-01
8.006972927274187413e-01
1.033349638577503615e+00
1.139106108034755760e+00
9.295945177781875790e-01
1.132506320741688777e+00
1.032072892935734565e+00
1.009862803279349075e+00
8.378344861431308299e-01
1.105912875327942579e+00
9.887464967957699802e-01
1.233254069617223392e+00
1.049478409959397451e+00
9.949122135114438770e-01
1.072567231660002118e+00
1.167032279690667140e+00
9.750607841963304656e-01
8.573271053828006583e-01
9.875980574034531889e-01
9.548726309445232374e-01
1.087626203364988386e+00
7.539345127920471512e-01
1.071868156022208307e+00
1.017328364429932241e+00
8.190211106914762063e-01
9.335825356080186266e-01
9.972881030529860968e-01
1.164228459371272839e+00
8.870330339267729070e-01
8.689302782002519265e-01
8.927893207824477706e-01
9.627377736927040797e-01
9.359153600727052602e-01
1.017906392760194123e+00
1.124434462677754709e+00
9.838743969153476154e-01
9.150790323076241073e-01
9.269506039321779856e-01
9.230123571401701588e-01
1.071179892472394757e+00
8.278405187353767847e-01
8.466671952733275663e-01
9.373199561231677635e-01
8.372163944381475487e-01
1.007123458395225102e+00
8.626205277911169755e-01
9.660363216247761509e-01
8.851943685081907764e-01
1.048165591429598864e+00
1.069369735657075049e+00
9.540587022443756116e-01
9.604770347824520549e-01
9.950578523627965355e-01
8.876573346208851412e-01
1.095538641691833570e+00
1.080293260233484931e+00
8.677660308338284167e-01
9.824647980406838732e-01
1.133095005383641496e+00
1.025085447195435595e+00
9.509296334162089526e-01
1.092214340683492990e+00
8.190770005886489624e-01
9.977198237300886063e-01
1.049073629757963477e+00
1.040058586147511566e+00
1.052470183987833430e+00
9.867311335589061816e-01
1.017488661535448369e+00
9.088462694775680806e-01
1.111729826393927700e+00
8.780311255563795214e-01
9.865728253147002524e-01
1.196309113575958927e+00
8.813534794460085031e-01
8.369825417913333565e-01
1.078830223189520598e+00
8.100294837008412685e-01
1.092330443093575632e+00
1.244194302410314368e+00
1.096668643383589270e+00
9.665173615902785675e-01
8.982459681330984269e-01
1.027644636277449175e+00
1.024412281095598010e+00
1.081973426167420760e+00
9.528555496717452389e-01
9.839630465674357174e-01
8.926519964645560634e-01
1.231995568751563797e+00
1.137221662505822239e+00
9.514772982566315207e-01
1.165301120521679001e+00
9.255308172150120694e-01
9.858313950467918474e-01
8.789026707043217090e-01
1.116493340585396732e+00
8.505927898143641475e-01
9.535829685404850764e-01
8.438835216148461438e-01
9.523811838219136128e-01
9.634914675487837865e-01
1.095992153195728402e+00
1.108385483739537269e+00
1.054912949916133380e+00
9.420873141516699079e-01
8.770860616933999765e-01
1.068495874432243031e+00
8.662213250487260652e-01
9.009359262748548591e-01
8.076837853663021427e-01
1.047985537239379372e+00
8.876897027866810230e-01
1.022430782380673309e+00
1.029877333186239419e+00
9.555635776091554456e-01
8.055485777666562264e-01
9.987090636303976865e-01
1.009783211955786575e+00
7.569304908666913967e-01
1.125237937610970462e+00
1.223457379178220394e+00
8.797378126863106829e-01
1.054292090244786317e+00
8.833545818277933614e-01
1.050963345050111242e+00
9.559669033295190577e-01
9.734621742192042237e-01
1.002042266517237268e+00
9.140711542432209402e-01
8.901635334158193302e-01
9.665087000841128262e-01
9.614074768702018936e-01
1.042611851517042165e+00
1.132302957168317192e+00
1.078773092803731348e+00
9.322968669841384948e-01
9.223555912476872898e-01
8.473965659911750770e-01
1.125138366939109291e+00
1.123332058808457656e+00
9.894913799911559948e-01
1.063861117959426839e+00
1.007608205765601950e+00
8.780358439405597792e-01
9.123499061231206131e-01
9.546602365899097276e-01
9.176430146826477507e-01
1.074662989560341009e+00
1.020504672274017421e+00
7.973161235091392740e-01
1.040239674387307911e+00
8.031388849954494979e-01
8.997966957554583978e-01
9.380887938398534409e-01
8.571015551102483254e-01
1.059300458449161431e+00
9.592686401322976231e-01
1.126681883047100152e+00
1.040956276400986757e+00
9.523570398881540111e-01
1.038366469383089852e+00
8.687991557928176345e-01
9.009493017425287409e-01
1.056981429517875881e+00
1.075633499738248400e+00
1.105541230816775577e+00
8.871597375797359852e-01
1.010827167164373597e+00
1.105840027200163611e+00
9.111698234790382989e-01
8.158615251332803631e-01
9.014866071372795719e-01
8.489039856387758931e-01
8.606093429899407399e-01
1.052610365071322329e+00
9.040929012942993115e-01
1.157918625374359189e+00
1.007941319044339590e+00
1.193237300145395974e+00
1.039244961780054766e+00
1.104506495280741962e+00
1.024900229287012410e+00
1.013845108648368409e+00
8.776262501831639806e-01
9.457006366209728121e-01
1.110608897500731107e+00
1.066830701322194930e+00
1.093836550693407350e+00
9.692707390439082582e-01
1.124847678075566737e+00
1.003138145110435975e+00
9.997158093212923369e-01
8.830435438770647405e-01
8.777140682916760861e-01
1.063939939807132307e+00
1.026545244137619939e+00
9.392349950295779681e-01
8.254726414910769083e-01
8.388131098135720443e-01
1.061485495299687720e+00
9.557223732067680055e-01
1.133600524716180447e+00
9.962892924951638474e-01
1.098687767258358816e+00
1.201578691643651942e+00
8.852533754461462401e-01
1.016375319405349087e+00
1.107028631257910289e+00
1.083704039700855271e+00
8.869532381553719702e-01
9.973365661965105655e-01
1.012969663587989899e+00
1.000535322389618731e+00
9.029707186889165405e-01
1.030774114195434743e+00
1.161833964782630124e+00
8.710954635024901194e-01
8.503419100827160904e-01
1.007310881691470650e+00
9.408177428578132773e-01
1.033206462122875813e+00
9.304510818449296394e-01
1.050500163292262368e+00
1.070365287886662964e+00
1.166721878620165187e+00
1.062577320050230423e+00
1.155198969263665276e+00
8.022479528111290392e-01
1.101456102769241552e+00
8.414186580143033778e-01
1.117923547386479033e+00
1.057880176702850505e+00
1.036070979627073285e+00
9.745892658986865520e-01
1.010228085587146607e+00
9.403763405385512364e-01
1.026170681197935197e+00
1.006255804132978549e+00
1.110399481181048920e+00
9.253175017215122811e-01
1.157749166859090906e+00
9.445629697080326626e-01
9.587860180845623193e-01
8.645173157308196910e-01
9.029877918842438289e-01
1.062045927584325700e+00
1.231984239924009294e+00
9.298397083386249484e-01
1.023975214405898004e+00
9.501127484341460594e-01
1.016285828279398062e+00
1.054618201159410074e+00
9.972264216787580793e-01
9.445341569959574413e-01
9.947899146833578676e-01
9.800729122110483083e-01
9.180747934682796929e-01
1.062089580983077486e+00
1.113633409569790622e+00
9.924546435916751230e-01
1.221607706179025143e+00
1.030233162624720089e+00
1.140829431362856639e+00
1.013156105654205774e+00
1.005660911584270512e+00
9.030925444033959248e-01
9.445133991012869545e-01
9.619534955978836788e-01
8.141253182947720823e-01
1.024935581069312818e+00
1.054820988211225163e+00
9.329361842403389726e-01
1.091848511922473453e+00
9.433498776054274337e-01
9.895241009651754016e-01
9.290374722596927981e-01
1.081433057238440965e+00
1.063848098966905464e+00
1.219232831880284973e+00
1.022906042009307015e+00
1.159331036513799429e+00
8.800487962240604034e-01
1.042769045386487514e+00
1.015383148834402949e+00
8.913398529313127927e-01
9.518223164288925897e-01
1.152928082156363443e+00
8.762203629718707809e-01
1.008466035152250750e+00
9.044675106564354916e-01
8.747026921184435366e-01
1.101099046913689428e+00
9.123949181429875654e-01
8.213341968422578354e-01
1.107379072890800398e+00
8.294092870775516824e-01
9.276179985663830507e-01
1.054630096529672656e+00
8.686874325540263619e-01
1.183382388991899292e+00
9.751881564088180632e-01
9.900133658723871966e-01
1.001515774226480193e+00
8.303782714897495199e-01
1.080275032780827038e+00
9.253406305094611373e-01
1.094327631089301311e+00
1.137636136327739411e+00
9.142786859741121042e-01
9.995052926704411922e-01
9.940504269185364006e-01
1.024214819709291069e+00
9.929381308362491554e-01
1.103437402843125748e+00
1.088862897200441271e+00
1.000233966890113013e+00
1.201218982639800092e+00
1.178809665315284194e+00
9.095947730588826996e-01
8.589757225682111974e-01
9.889767216632809887e-01
1.052013672189543891e+00
1.088114724333616667e+00
1.080074181526737176e+00
1.018355197619261077e+00
1.003981901285266876e+00
7.998466874770313595e-01
9.860784626797765018e-01
1.104729879949748028e+00
8.543119481858127973e-01
1.020907243162553879e+00
8.006760915424133707e-01
8.973138131852091970e-01
1.020636124763542263e+00
9.051775051245386505e-01
1.002741849540453867e+00
1.060527259895781116e+00
1.000527139067041382e+00
1.014083211009591423e+00
1.057109400539565369e+00
1.025928635175240133e+00
1.058061610625270932e+00
9.861547536423811433e-01
1.049545284687221303e+00
