9.701491128861987612e-01
8.014408935258245936e-01
1.053422410523318975e+00
1.025080878688933606e+00
9.876807094396826692e-01
8.802908696255753451e-01
9.429324921408839266e-01
1.031051197262852659e+00
9.606863057214130031e-01
1.153533676842986022e+00
1.071881839303784112e+00
8.228694301418757462e-01
1.149066584928584600e+00
9.682500595568367396e-01
9.131087486852516033e-01
9.206512094029573046e-01
9.993961455190962795e-01
1.001986434827182082e+00
8.086940388278102132e-01
1.140433944107204667e+00
1.166636511572253010e+00
1.121486267487732391e+00
9.370383769972885357e-01
1.068141961213252333e+00
1.072579602062600168e+00
9.222053731052490821e-01
8.449045403691413103e-01
1.005168672711274969e+00
1.029679316968068470e+00
1.016501700597046032e+00
8.516918937614710305e-01
8.387256564965895889e-01
9.272503352488712380e-01
8.162837012613162191e-01
9.905973776672809539e-01
1.079342131888297196e+00
1.001084750635250709e+00
1.087070852850494207e+00
8.311974371545005624e-01
1.174399806873550611e+00
9.636155413148054238e-01
8.381371758716928966e-01
1.142474340507428687e+00
9.899022155172050308e-01
1.102348027717949597e+00
8.778293390988464173e-01
9.688450612179240196e-01
8.992229558850306503e-01
9.154759506749126086e-01
1.056399418326811279e+00
1.117583457748692721e+00
1.169103967245571862e+00
8.986490498082875256e-01
1.087697244509246763e+00
8.958776953241114338e-01
8.058468638873659273e-01
1.050825788877553180e+00
1.019976266631374973e+00
1.101965733936425718e+00
1.045858019302247088e+00
8.725100651301544996e-01
1.017504126649408258e+00
1.097000297184374640e+00
9.267022971833018818e-01
1.087860946556300057e+00
9.817137235880979418e-01
8.898928562028471934e-01
1.111365159696948490e+00
1.061977249642804377e+00
1.081222240895446163e+00
1.031271070909487220e+00
9.044539194725353948e-01
1.073846812017294372e+00
1.062982037881592845e+00
9.697042214731529386e-01
1.180616525161308106e+00
9.002472921099605729e-01
1.013032762153295741e+00
1.072639804853963152e+00
8.086082494414137400e-01
1.008470021335305944e+00
9.496293865667476686e-01
9.601709843030863389e-01
8.035696873300235410e-01
1.013739171511212289e+00
1.064879890779339533e+00
8.321745377435419977e-01
8.404396370090994051e-01
8.121613660604225515e-01
1.198561443833697782e+00
1.019766820260185725e+00
8.466182344340442700e-01
1.072447174403509118e+00
9.892823536412660435e-01
9.394969462925161219e-01
9.839431509844067669e-01
9.198058363849228591e-01
1.178475115650405414e+00
7.673358941859264037e-01
9.317119260252277879e-01
9.997049705352571980e-01
1.083578270406065469e+00
1.093082248303091752e+00
8.598092261206450315e-01
1.045946006443653209e+00
1.075769811962824951e+00
1.029714247863916743e+00
1.013483740346816209e+00
9.967641598013095017e-01
9.913385936545195953e-01
8.476224572929125234e-01
9.079094703468801875e-01
9.101470306806942467e-01
1.018587638073616297e+00
8.473937755991214349e-01
1.110855557941906602e+00
8.630627005197095691e-01
1.124989058628604210e+00
1.096743767885636434e+00
9.227774146289986490e-01
9.171094363951025619e-01
8.643184208228560372e-01
8.185959701272836897e-01
9.894349557631958447e-01
8.866725760946998491e-01
1.035409867178906707e+00
9.312018917394560003e-01
1.063453417988625693e+00
1.023478009838825198e+00
8.779947313291491806e-01
1.112753150764563825e+00
1.103849972223527320e+00
9.213813318230013039e-01
1.001430946763119945e+00
1.171563906775803687e+00
8.969169314166136608e-01
9.032023219362881328e-01
1.155155386296957687e+00
1.041438204499224529e+00
1.115370224157074652e+00
1.091617550698250616e+00
9.828788609610956684e-01
8.257816585438260137e-01
9.493256871760507032e-01
1.109366433975315980e+00
1.116633998060496236e+00
7.954165628961537005e-01
1.075602836904760995e+00
8.762548825569376199e-01
1.188398617242846456e+00
9.505461430646123810e-01
1.031092955154530921e+00
1.015009295519187393e+00
9.546132899189629928e-01
8.761173508476227667e-01
1.079865670660465460e+00
1.004548532236992475e+00
8.907052234884187403e-01
1.105016362431769927e+00
1.151630386134988360e+00
9.912433801060478444e-01
1.153411319123825773e+00
8.502016710221875773e-01
1.091934922026152499e+00
8.513979798856028403e-01
1.079652152156726386e+00
1.088492560868236536e+00
1.110475646054705612e+00
8.948963886686853719e-01
9.462961650211605402e-01
1.013613133324893001e+00
1.142844736214611023e+00
9.902768488553923554e-01
1.070905073360566728e+00
8.508683183376659631e-01
1.063027612869673399e+00
1.026182639346237657e+00
9.839026878678380772e-01
9.838290878548388019e-01
8.978711072239493607e-01
8.049791654827571641e-01
8.752421854534562229e-01
1.135014302230344274e+00
8.662328332752233795e-01
1.094341295390048874e+00
9.427793851961621119e-01
9.438201795591399934e-01
8.737265445822207655e-01
1.057917133618509586e+00
1.087185971483011659e+00
9.458029749564724753e-01
1.231492919055073854e+00
9.790113482385237598e-01
1.000675035780702826e+00
1.025495423472777778e+00
1.146834522096167319e+00
1.024357270658244445e+00
9.715870545983438245e-01
8.572695865064092757e-01
1.013261605965932954e+00
8.758378811587490542e-01
8.171904499457887106e-01
1.069062858538575744e+00
9.437465088314762607e-01
1.163519351819767955e+00
8.178280250950478170e-01
1.120839052507387024e+00
9.401018423766733800e-01
1.096424286794835501e+00
9.020965096739113065e-01
1.044465711358017579e+00
9.851586316612591654e-01
8.712586852056876108e-01
9.607158938657827107e-01
1.031697056254965883e+00
1.025502667911747379e+00
1.070964626931820263e+00
1.150507501555932288e+00
9.417424114259433932e-01
9.257505225281856820e-01
1.150293641180755388e+00
9.814695095338545894e-01
8.781883377044966688e-01
9.443002616257223369e-01
8.373314896991315148e-01
9.351538041150031511e-01
9.120309425871966358e-01
1.052600887704544963e+00
9.474392032085414694e-01
9.856520099764847220e-01
1.080195210941793160e+00
1.121587559138638612e+00
8.544816733450523172e-01
1.109110597421368638e+00
1.136883517776028141e+00
9.305939247967023320e-01
1.084048632349781993e+00
9.325993165983010869e-01
9.296611242833638933e-01
9.588399174952220161e-01
8.377660248155340827e-01
1.043786412390102614e+00
1.069111485972662701e+00
9.530636435835686537e-01
1.045226660720089518e+00
9.809307981551492750e-01
8.221016328182280120e-01
9.941334382848037166e-01
1.032011840481826148e+00
7.796231869140992643e-01
9.421086028125178480e-01
9.891469623983397685e-01
9.957235000361436272e-01
1.152643510390095827e+00
1.061105084906757368e+00
1.108561993366985021e+00
1.065507994874015818e+00
9.792820841477060112e-01
8.376806894857762309e-01
9.891855145264074611e-01
8.361182059350255047e-01
9.133679999039605590e-01
9.006624854800988622e-01
1.122665715836243860e+00
1.204723373578178602e+00
9.786413839682472915e-01
8.850941741554909648e-01
8.970842438081967352e-01
9.958672841041955603e-01
9.785465272137454651e-01
8.971320955918951068e-01
1.075691767092102458e+00
8.430672650354602560e-01
1.010488085126854507e+00
1.063558198026868462e+00
1.086731488949391089e+00
1.160455578288144052e+00
9.666800097791077295e-01
9.278820832139391683e-01
1.006757036464659416e+00
8.147332103461254471e-01
1.072916304576237323e+00
8.776433938498535703e-01
1.012513833676252695e+00
1.048298687527426276e+00
1.085195733336143720e+00
1.103186949534021410e+00
8.625530550740330149e-01
1.106304445918629531e+00
9.823122946595149729e-01
1.059873091873531958e+00
1.073551040177238347e+00
9.114939465082538828e-01
9.572781905532860014e-01
9.979922477774461065e-01
9.465950808934109340e-01
1.106520741455305545e+00
1.093960475301247071e+00
1.009459652375660710e+00
1.108744522827902257e+00
8.559557674901632218e-01
1.084192138296116381e+00
9.632603112909557952e-01
8.531983226634662909e-01
1.077180918659290443e+00
1.087379137878698998e+00
9.713555799484696607e-01
1.158484353740379280e+00
9.594220561076596265e-01
9.337879528871423362e-01
1.081953996376351590e+00
9.381936176083159884e-01
9.125457780644543604e-01
8.515077080778363783e-01
1.046240569397638653e+00
9.754924336466104240e-01
9.272316286051687229e-01
1.105282157628024287e+00
1.004831551305694015e+00
9.845791598769007003e-01
9.054869483106905426e-01
1.009541420021470959e+00
1.085486404540211947e+00
1.172574172912073998e+00
8.457260269018318510e-01
8.910747110033188090e-01
9.222645145448316040e-01
9.564146528805863579e-01
9.891131612200907419e-01
1.078932865919228545e+00
9.371061634501709481e-01
9.522460448782730236e-01
1.017790556441260597e+00
9.477733060107360608e-01
1.078601300008177999e+00
8.282052383389730821e-01
7.976071001095363933e-01
9.787432111442769811e-01
8.646873108512600492e-01
1.087864756293122737e+00
1.110263913577970607e+00
9.984449483673030201e-01
1.024116340307734241e+00
1.090753712857347457e+00
8.714400411331979512e-01
9.769515966863547840e-01
1.093721900298301852e+00
9.305023184109697532e-01
1.151074368556091354e+00
9.338668993327199352e-01
8.932234224230541919e-01
8.869193404831983152e-01
1.137125413426288034e+00
1.075144043230994884e+00
9.553111392507696031e-01
1.104123073780879594e+00
1.148233491275038043e+00
1.186011255533016229e+00
1.029529181918433345e+00
1.148886749263243301e+00
9.198288197239739006e-01
1.063164312765499275e+00
1.057179431906912548e+00
1.115910160011662100e+00
9.351512987474123184e-01
1.110522801497728418e+00
1.036567227861933338e+00
9.550412268075200162e-01
9.714488616864356274e-01
9.815667002666130792e-01
9.777249020709309901e-01
9.645234041918905321e-01
1.132390657966685588e+00
9.154881886502242994e-01
9.999705425385023716e-01
1.152214763890401450e+00
8.978843183366540526e-01
1.015006916411568927e+00
1.039698205968927036e+00
9.709943052053682244e-01
9.571700024859617351e-01
8.971378893240709029e-01
1.094045199938554980e+00
1.000762524465317327e+00
8.774182267266293911e-01
1.087215429180720339e+00
1.017478093449339260e+00
1.008082737677211238e+00
1.052070443517898246e+00
1.067464532740135530e+00
1.018967477584399983e+00
8.777493639931992497e-01
9.202961479555473723e-01
8.449371835123258290e-01
1.048760722325090988e+00
8.944259335111586218e-01
1.075615851743736195e+00
8.598534295589888021e-01
9.813229764804038968e-01
8.647918926286326524e-01
1.134612291744318657e+00
9.631786455404656166e-01
1.065107590729535536e+00
8.881326680093037940e-01
8.707850240607808434e-01
7.852937141838529644e-01
9.671606546255714365e-01
8.998591079799027614e-01
9.467822773215166521e-01
9.975468466515166055e-01
1.033773883619255374e+00
1.053279079274452856e+00
9.707157628926336157e-01
1.053020537741818252e+00
1.109062746620451900e+00
1.086413795097568080e+00
1.140315253802263840e+00
1.070541502683087121e+00
8.815901923264909401e-01
8.785096016452458301e-01
1.161005665080482752e+00
1.189716666161061864e+00
9.644970583494494321e-01
9.402030940661905145e-01
1.167710486496380318e+00
1.143964581224191868e+00
7.995364237848178179e-01
8.102494727468835256e-01
1.051538906116433525e+00
8.546773567833911844e-01
9.340326625741244282e-01
1.015250869599396033e+00
1.100776591639293756e+00
9.436712489016148009e-01
1.085738893326994248e+00
9.387916845863502058e-01
9.270699470306731360e-01
9.208428599368287948e-01
1.157051060654647356e+00
1.060602156860468659e+00
1.107204067054158081e+00
9.356647520855385647e-01
1.056438113263054479e+00
1.174082639675743778e+00
1.124163603396984179e+00
1.050899784837273643e+00
9.937905398821349490e-01
1.016507329797975867e+00
1.031827840356831505e+00
1.212847972936353269e+00
1.016662729526672138e+00
1.104796748727463696e+00
9.867769805559568619e-01
1.099221890298275550e+00
9.609081634596445820e-01
9.867846936349804476e-01
1.104803787270481674e+00
9.018805230471287349e-01
1.021651440416131873e+00
1.080141753909258151e+00
1.203744038691549223e+00
1.102285272840624275e+00
9.007741208976320912e-01
1.065679493707303305e+00
8.832517852913304157e-01
8.411809224918191941e-01
9.885569814190402482e-01
9.562429342653149256e-01
1.098282473102660584e+00
1.076174099235642778e+00
1.104420177336346232e+00
9.301201763419288948e-01
1.100274516612567810e+00
1.207482532392280872e+00
1.051900777712658108e+00
9.744446079701332142e-01
9.654011832135207527e-01
1.016715881648883490e+00
9.184821448539135513e-01
1.005447831549492355e+00
8.904221620940546700e-01
1.179972444319238090e+00
1.049987426309953564e+00
1.094463704718698915e+00
1.174772473802166095e+00
1.155405692396460848e+00
1.090866914195645965e+00
1.178118236932068186e+00
9.481697213703327298e-01
1.025913824534609553e+00
9.946744887903097299e-01
9.706602088559773689e-01
8.991120820999209950e-01
8.743149016601017287e-01
9.676170914009408763e-01
9.584213830261139044e-01
8.072481902879502513e-01
1.011684950450499887e+00
9.664350788886332255e-01
1.071022287135905859e+00
1.171683542200244954e+00
1.126041537751117705e+00
1.047885042891762764e+00
1.085609720282111779e+00
1.068247590789782819e+00
1.180826194951763997e+00
1.130732005809712559e+00
1.172031393586035364e+00
8.411556608528986123e-01
8.904698378669009262e-01
1.109992468012041655e+00
1.039228793228305747e+00
9.744384207177175794e-01
7.924751910037536318e-01
1.062824826241685061e+00
8.905855466997441017e-01
1.037269497500254989e+00
1.173624934423531219e+00
1.000898127902259294e+00
1.064434799064733594e+00
8.526622603989064686e-01
9.637577875851791598e-01
1.088345090652114600e+00
8.956218306748096047e-01
9.386819846698131187e-01
1.010914226199114418e+00
9.015086444634783369e-01
9.485372015353061848e-01
8.837699938475782613e-01
1.151918226588572791e+00
8.829314723453431935e-01
9.767066432309388091e-01
9.694928597785481550e-01
1.110418800992256205e+00
9.086533962387979280e-01
1.055672948858836779e+00
1.023207552781016938e+00
9.720461224627265917e-01
1.026512367055383290e+00
8.917549918173941492e-01
9.431792376983247905e-01
1.000172910540744642e+00
1.137008356873934867e+00
1.061938318958583816e+00
9.695644619877378245e-01
1.116816064350742321e+00
1.094374255891973569e+00
1.051187705573825681e+00
1.102036286187510594e+00
9.468405541114726098e-01
1.158799941121480881e+00
1.158626951959603968e+00
1.006479423872789214e+00
9.714089517337403112e-01
1.125850466022743523e+00
8.939358425806752662e-01
9.437275081677728439e-01
1.099693775313682398e+00
1.003919201340670364e+00
1.153735826462461089e+00
9.457256029746289316e-01
9.853119505220622187e-01
9.730966878403634057e-01
1.182888632758229974e+00
1.090158719776952001e+00
8.563383385764338218e-01
1.105095322828955062e+00
