9.113120966523573507e-01
1.078832950942117508e+00
1.123228357302195723e+00
1.078607488647200352e+00
8.508962540941779062e-01
8.946251397990125920e-01
9.928568082032458442e-01
9.072632470488759537e-01
1.136256612704345637e+00
1.150697444412575265e+00
1.003174557415359214e+00
9.378562148823318401e-01
1.078466032663975671e+00
1.192620093174385776e+00
1.011877315762506058e+00
8.518779789054000684e-01
9.265038122221502803e-01
1.004931949439923144e+00
8.698168724815834585e-01
1.084779347080514711e+00
1.091291554061948776e+00
1.022983963698087750e+00
1.093750832903060743e+00
1.128344878829149467e+00
8.978231323129211017e-01
1.111586926833730615e+00
8.740015835106503816e-01
1.017767911988718632e+00
1.114528791668343954e+00
9.754190489761247473e-01
9.261943403901485850e-01
8.560590906424677682e-01
8.848253570398991741e-01
9.048055801854320013e-01
1.086216056968105415e+00
1.039942105203481848e+00
8.933789961254872125e-01
1.165593191141871321e+00
1.102295161278505908e+00
9.054253596765208245e-01
9.372681180656983191e-01
9.124442238509455905e-01
1.007714529756365440e+00
1.102375830018175629e+00
9.886378345959863090e-01
8.208735480399325102e-01
1.010444258800868411e+00
1.130825323924645964e+00
1.000918161538350226e+00
1.195364604014918619e+00
8.369199911459221930e-01
1.095731202416254657e+00
1.021052641195214772e+00
9.036165923727299543e-01
8.668604829736201722e-01
9.025441107937973717e-01
1.013334787077583288e+00
1.130375864810315489e+00
9.857689922010896000e-01
1.096158776745289831e+00
9.493667105665770656e-01
9.537967650904366490e-01
1.013151294320135509e+00
1.004857705574357718e+00
1.005693514370123554e+00
8.039780230645420245e-01
1.056471158689119783e+00
1.098191303611207426e+00
1.147492214600957627e+00
1.021152121949351788e+00
1.113573096698977860e+00
9.677144901835499358e-01
9.414785545829202906e-01
1.127152501100075810e+00
1.159326629569105815e+00
9.542158324688140292e-01
1.006331137124855779e+00
8.655250224694481798e-01
1.028159938406601581e+00
1.189572072501221323e+00
1.068316559646285135e+00
1.056338232015147316e+00
9.357043467599903686e-01
1.064216472775437294e+00
9.671851350991779173e-01
9.805496681324981090e-01
1.200003078418902858e+00
1.134030673662163036e+00
8.961024125137824203e-01
1.205377920099657274e+00
9.187844221740824047e-01
1.052474019725245791e+00
8.892249882240950143e-01
1.184790852430895658e+00
9.306203076322726586e-01
8.988909103830520220e-01
1.179392557406954589e+00
8.199604810211753581e-01
1.014854065814571271e+00
9.333844098062473726e-01
8.803323897890273919e-01
1.081719688368713461e+00
1.055888399415418899e+00
1.146139083307397444e+00
1.229764909387776051e+00
1.041352038335882746e+00
9.917044495514402147e-01
8.881782263419426560e-01
1.151139290229801881e+00
8.450969153421663549e-01
1.004173403048898683e+00
1.208750368200121716e+00
1.088060705836990216e+00
1.001462795586922416e+00
9.965133026764700919e-01
9.551133848140018756e-01
8.945352640388382071e-01
1.013050206266674191e+00
9.836100663249995879e-01
1.074719254156855763e+00
9.716020663577804584e-01
9.305907329273667150e-01
1.009922337048888119e+00
1.006378126706274800e+00
9.071673215823676806e-01
1.087263933821026374e+00
1.050206986030521872e+00
9.048510354600569627e-01
1.125246319481399082e+00
9.059012321210111462e-01
1.049937318519277518e+00
1.022301540990734559e+00
1.005829622530622025e+00
1.013292621835580665e+00
1.062878313030857003e+00
9.873057606215565052e-01
1.009644306329459784e+00
9.376162192832786513e-01
1.007393989258200007e+00
1.093572083164880970e+00
1.190677352447952142e+00
1.002997612809845229e+00
1.131328565136384467e+00
9.887934841822243470e-01
9.715481161275272282e-01
1.068424772736017658e+00
9.728366283592604358e-01
9.489538416130121057e-01
1.221424656757506222e+00
1.077366486620807473e+00
1.013813901381408922e+00
1.014882880366769324e+00
9.159744211243708856e-01
9.917060412056040164e-01
1.179500931351042059e+00
8.689249532077205629e-01
9.508510259432336742e-01
9.637751357771573435e-01
1.042520770145365594e+00
1.051473201127284041e+00
1.017836675979173489e+00
1.085785298659575737e+00
9.950588225496469486e-01
8.830580720079128643e-01
1.132545445842032539e+00
9.741433810311406205e-01
1.102108938938422877e+00
1.096614051020803560e+00
8.954713944249572677e-01
1.045105154367171663e+00
8.859956147562266793e-01
9.047967979010171913e-01
1.013453599825919538e+00
8.980564487195474843e-01
9.835250838139177887e-01
1.090504249335188192e+00
8.904225511746605148e-01
8.414179880409895507e-01
1.151671130328903336e+00
1.082157039069354232e+00
1.045281327070649580e+00
1.121036893328009931e+00
8.939494759190919071e-01
1.109661273461356457e+00
9.009524453838282376e-01
9.557037371394174752e-01
1.003644480692878371e+00
9.926905601857825001e-01
1.087858338712601514e+00
9.238683052301437382e-01
9.340135609379800474e-01
8.760255685590354613e-01
1.091963455629563651e+00
1.043001311876916803e+00
9.784625741367007912e-01
9.870188648751233584e-01
8.697847630501464034e-01
9.026444248170351070e-01
1.002664331273742215e+00
8.633963700067253111e-01
1.030364132443224001e+00
8.343608374073172573e-01
1.113512625946450507e+00
1.037577791846473918e+00
1.120293450035837690e+00
1.024452693078095500e+00
1.100665732931429330e+00
8.590162081869778810e-01
1.008310463520421640e+00
1.050403348682233062e+00
9.271846055764763062e-01
9.936052944433759748e-01
1.034927270138450872e+00
9.364136427217922831e-01
8.011091838252176744e-01
9.387148395634232756e-01
8.299006332868994473e-01
9.689508656393468478e-01
1.021936727556909563e+00
7.767633979718782111e-01
1.014327882406829806e+00
1.219426880135251023e+00
9.659009818749395571e-01
1.144034043327189387e+00
1.040973969021807610e+00
9.042146241064743517e-01
9.256997135860824955e-01
8.551728054973426474e-01
8.781849008243520771e-01
8.798679679695742273e-01
1.002180737823062273e+00
1.008611698710071947e+00
1.129055517031239741e+00
9.819304473000876055e-01
1.068885700937066696e+00
1.076616299988276682e+00
9.522687919215286900e-01
1.032010180459287607e+00
1.103029098204080904e+00
8.784592211158167574e-01
9.251295302842452717e-01
8.537787105201546378e-01
1.114852448544456642e+00
8.606742979901784718e-01
1.124544621479241169e+00
9.333641074488511213e-01
1.091227606552894525e+00
9.518779999220818855e-01
8.687036020385627832e-01
9.651248560103213858e-01
8.981370992310192536e-01
8.138568542309205789e-01
1.088644887788897453e+00
9.876329473639258172e-01
1.025399567186991767e+00
1.120432626535980747e+00
1.011401861253512280e+00
1.167858037175409924e+00
1.075285382806305590e+00
1.074270099706348791e+00
1.086193128216120130e+00
1.116162397718098109e+00
1.038910412718918153e+00
9.051169455839926936e-01
1.169629676462591972e+00
9.529543605132773099e-01
9.506880356169538082e-01
9.276645032680915781e-01
9.626855536695112514e-01
9.982537907265596200e-01
9.264074285771206618e-01
8.773787139960478321e-01
1.066999670128607747e+00
1.105349311713101690e+00
8.997821754454347065e-01
1.002949721044816833e+00
9.609242603849286191e-01
9.376864098560047101e-01
8.672263827357140631e-01
9.390784020226765616e-01
8.327713629748574320e-01
1.126844605307959490e+00
1.030689396473515318e+00
8.490007930407830194e-01
1.025707652572824813e+00
8.492017741709156908e-01
1.096352099063126584e+00
1.099608363074694006e+00
1.106401519145638890e+00
1.098617112483084135e+00
7.937749201731353343e-01
7.923958475196266615e-01
1.111483963923376894e+00
8.581534431795376783e-01
8.825222610570857551e-01
9.519374964368684244e-01
1.119582521407577635e+00
8.446605393722704802e-01
1.007493287638723034e+00
8.896198156974328697e-01
8.588638377648947220e-01
1.099075584675113459e+00
9.776083745131556313e-01
8.696397796667859614e-01
1.119945233283076824e+00
1.125032905040353581e+00
1.157482101482897541e+00
9.533443123826619292e-01
1.143196959064854523e+00
9.449815014289872916e-01
8.901771718566962033e-01
1.063370561469999531e+00
1.081857775201768401e+00
9.072196222121733378e-01
9.117425314334484110e-01
1.149139672142311053e+00
1.186309699156631536e+00
1.124223287355613277e+00
1.190880678882961119e+00
9.119811553488047506e-01
7.888087640646153087e-01
1.107473920997457117e+00
1.108645862246476987e+00
1.044695302493969136e+00
9.770163943970102682e-01
1.042919315166879191e+00
9.633560089166510743e-01
1.076351634617788600e+00
1.136277966913452619e+00
8.649017571878128141e-01
1.104288041817816701e+00
1.012546792140003760e+00
9.440211162876162021e-01
1.019800349495882719e+00
8.040671968241259737e-01
9.533839206715315484e-01
9.981103633917516316e-01
9.189168698235686827e-01
1.049191708995288685e+00
8.758654978254148959e-01
1.134413920596755609e+00
8.990021419344459419e-01
8.875309605375585331e-01
9.629266739595626623e-01
1.008265917191098593e+00
1.235932628864465199e+00
9.800662482114328444e-01
1.170957922294348252e+00
1.028961632766541179e+00
7.955028462051026983e-01
1.103201537561067758e+00
9.525448455198888276e-01
9.721360184925442738e-01
8.652403909163630669e-01
9.162870097179343087e-01
8.884295334991541004e-01
1.068877773670052544e+00
1.034048631027394638e+00
1.045682755711094369e+00
9.596570661299630434e-01
9.886532323795127475e-01
9.572678759297170714e-01
9.183646370125830849e-01
8.622085048794756457e-01
1.018138646394498581e+00
9.576805866191007155e-01
9.823410796845172266e-01
8.338561174681992094e-01
1.056675548133054310e+00
8.665989491621712837e-01
1.041361540033902466e+00
8.473095393391689711e-01
1.160589887333552728e+00
9.987582288549956555e-01
9.332993100490829530e-01
1.043100564982331058e+00
1.091177365061514193e+00
1.158749079403752713e+00
1.108391426176119410e+00
9.681925785749037061e-01
9.852287758764179948e-01
9.567344850202839091e-01
1.191322099735566464e+00
8.222127871386469833e-01
1.104211513595373617e+00
1.145741623255800867e+00
8.953141395361687849e-01
9.757863412836562667e-01
9.403766343684596407e-01
1.198700066213077786e+00
1.084886416796576381e+00
1.177979301659145328e+00
1.033939493559078215e+00
8.189259758271987266e-01
8.695425510061292051e-01
1.043572977446121097e+00
1.064432433876382644e+00
9.360774023655752396e-01
1.040275577423317888e+00
1.087530977781524300e+00
9.429746314369402693e-01
9.261945893714058631e-01
9.553794858928891243e-01
1.098917580479526812e+00
1.097449257720603866e+00
8.030884145004948405e-01
1.097821116883304970e+00
9.710745013654120683e-01
8.706405244745049066e-01
9.117748642386926949e-01
9.043078266730988357e-01
1.049595119717482872e+00
1.135016328667759922e+00
9.852851766102153075e-01
1.036036529578430399e+00
1.008226813731013971e+00
1.117479051979814564e+00
8.397334699204694886e-01
1.228484488585682710e+00
1.078989133113940957e+00
9.259816737345342164e-01
9.157799197421631066e-01
9.453672871770144592e-01
9.319033156361047343e-01
1.016506251724880849e+00
9.578952431756084795e-01
1.070330800994987230e+00
8.082473914157428663e-01
9.432852609117557963e-01
1.028634806538510693e+00
1.136543607822968038e+00
8.746205594218219304e-01
9.949209431708134765e-01
9.212938645253558878e-01
9.277807420295504093e-01
9.426157662316546615e-01
1.088415743673515124e+00
8.569386510740741869e-01
1.072765300142262790e+00
9.779756405726253154e-01
7.769882358068589401e-01
1.150757606364774865e+00
8.491063085159920032e-01
9.354662282047749855e-01
8.910317820516513443e-01
1.068980231188844110e+00
1.065124322847680549e+00
9.779751139679481176e-01
9.530484453777433584e-01
1.021222203734208023e+00
9.572240292982008292e-01
9.372200595595403527e-01
1.065072907153998383e+00
9.503208376909877408e-01
1.215420484724623051e+00
9.814086140050002349e-01
1.035208305880964463e+00
9.901949109170650187e-01
9.135759603918420790e-01
1.068432700194503981e+00
1.034415431325416357e+00
1.151004733505894162e+00
9.330298790207043336e-01
1.058937755442029616e+00
9.795955753600699145e-01
1.130690727057191536e+00
1.015883609813981403e+00
8.037818219785266560e-01
1.004352503135836461e+00
1.058629087309948646e+00
9.512682119903304034e-01
1.081104100569505233e+00
9.467216565592864175e-01
9.366270772163260983e-01
1.110778336470401362e+00
7.863010221448982762e-01
1.142564518608987001e+00
1.164495247351273521e+00
1.080823373667876952e+00
1.001737306761378177e+00
1.027355504523198126e+00
9.256224381228028708e-01
9.893057835425072000e-01
9.332753830086413238e-01
9.513012740593563832e-01
9.250095837833721690e-01
1.004525950359721032e+00
1.051355945079575749e+00
1.195690942650536437e+00
1.236843774921021044e+00
1.113512014662460192e+00
9.221713740105808021e-01
1.021212020302972867e+00
8.762353106494189525e-01
1.159404809651215729e+00
8.857448122126023726e-01
9.713839407857266517e-01
8.745136646509632516e-01
8.409829746228643099e-01
9.539199960133619705e-01
8.973182831299384432e-01
1.013840938492585941e+00
1.107473990705338807e+00
9.875113335210550236e-01
1.154402537458423694e+00
8.758895692553230194e-01
9.669445617941463400e-01
1.182128333024598410e+00
1.049907821049845369e+00
1.070572072208129777e+00
1.125474340373076476e+00
7.901837156302700116e-01
8.615111880061097072e-01
9.094263357045578866e-01
8.503896719729808762e-01
8.774730232045414580e-01
1.041290200020823953e+00
1.200727693019631115e+00
9.580731841143519389e-01
8.801165289459240704e-01
1.005843000404339493e+00
9.126057191041653249e-01
9.264480495056979237e-01
1.172075288340349575e+00
1.042405962496646854e+00
1.125608415902712212e+00
1.134960260999190895e+00
1.180579261996205886e+00
1.124837614189058366e+00
1.057000966727100533e+00
1.153446946213554813e+00
1.046401321889847136e+00
1.028159243859807281e+00
1.059010594770052105e+00
8.683914211212105938e-01
1.037244931351081423e+00
9.897905223710923295e-01
9.741931305799069740e-01
1.015213194716119371e+00
1.036235962852337433e+00
8.817990287152619455e-01
1.109382510799695520e+00
1.010345518081785965e+00
1.000184402153086349e+00
9.911065741298012988e-01
9.186082645987780904e-01
9.571537379399499557e-01
1.083888160015427982e+00
1.089939033948667424e+00
1.204868770213161300e+00
9.866677670510799469e-01
1.139293486356932616e+00
1.026522260708515377e+00
8.750541296867155872e-01
1.145893333437285611e+00
7.784705896144407111e-01
1.069167342198931170e+00
1.034698640105798928e+00
1.100948835437285611e+00
1.129228438385001088e+00
1.010969587566132422e+00
1.010152390593124005e+00
9.169601662944510956e-01
1.096007760763378691e+00
1.042998933408788353e+00
8.354126936981388640e-01
1.194061374117572516e+00
