1.149576804481791115e+00
9.656216464204043781e-01
9.532396996938051759e-01
1.118622469107487527e+00
9.344026872487232183e-01
9.614260203815885308e-01
1.021268923002203621e+00
8.828013313467042433e-01
1.071264450904938048e+00
1.149663461981932810e+00
1.110402461896798920e+00
1.084911795909834664e+00
8.331459249945378787e-01
1.098164198506882183e+00
8.295418367515413616e-01
8.879010722186422289e-01
1.073320920586499971e+00
8.427863661967880393e-01
8.201517945852608849e-01
9.127524040935365290e-01
1.042558979151530174e+00
1.141243551118474642e+00
9.140431608167277622e-01
8.501959665042639891e-01
1.129616914885026802e+00
8.317222367016298135e-01
1.032976477336100762e+00
1.049328074915149900e+00
9.891171565521991171e-01
8.630182808370989722e-01
1.073819663977906069e+00
9.074162583338929444e-01
9.961779450956276261e-01
1.006282974240951367e+00
9.565067367094881590e-01
1.063929205611572115e+00
8.922798000436809041e-01
8.901855757565602101e-01
1.096349011837207454e+00
1.009093337427076964e+00
9.684877612060577290e-01
9.729559130048059945e-01
1.037295172299744994e+00
1.032590792934262813e+00
9.060064282906126198e-01
9.917836030535478464e-01
1.053945300977273458e+00
1.143269030339734815e+00
8.463372738387864302e-01
8.437377486210954070e-01
1.164562948322324321e+00
1.074865866781003820e+00
7.947808714217488024e-01
9.452146376775647507e-01
9.628871052484673232e-01
9.884516075675929825e-01
1.032692927479396561e+00
9.130617054631332552e-01
1.014721871820940757e+00
9.866889409553972756e-01
9.613712287457718553e-01
1.053725171330589072e+00
9.499927436170574335e-01
1.111529383373709212e+00
1.156352443898599036e+00
9.042065509235228671e-01
1.120881588740633594e+00
8.914676992931807042e-01
1.015846318172621832e+00
1.078886538268965412e+00
9.178318293828793273e-01
1.226018385072735528e+00
1.119719467009588687e+00
8.341813888064637528e-01
1.107834229532120629e+00
1.077372019809526460e+00
1.010964499092762203e+00
9.627623259510407205e-01
1.036033671869724948e+00
9.582970395924010898e-01
1.159365409341277298e+00
8.694449648094102479e-01
8.852522858206004486e-01
1.061449489742424701e+00
1.013994205191104836e+00
1.035640995521247554e+00
1.010677076390512852e+00
9.131177387305340343e-01
9.184285457927363616e-01
1.006673209986664874e+00
7.786386033891763425e-01
9.348137100509653630e-01
1.081217453588992683e+00
1.104653699038977033e+00
1.107133219297783189e+00
9.971493490665468418e-01
1.088099697212435935e+00
9.093035235084933054e-01
8.706966640102208332e-01
1.046611656635268561e+00
8.913789319126955712e-01
9.786581840858341597e-01
1.099636014384568483e+00
1.099788409120616262e+00
1.031422003072622218e+00
1.000523877817680818e+00
1.058438458903790069e+00
8.720196509988834555e-01
1.076090197428084538e+00
1.037987013510450529e+00
9.108658562658651370e-01
1.199798957022754298e+00
1.027192743668613684e+00
1.127810053566018489e+00
9.997122939670893826e-01
1.120388578869959462e+00
1.104357181170020130e+00
9.456248002807491337e-01
1.098570206755280276e+00
9.430443839388185090e-01
1.086300637187086915e+00
1.094863905643050028e+00
1.067843426985543021e+00
1.132452351114764610e+00
8.160384316911457603e-01
1.080930140955700169e+00
1.079788916274726951e+00
1.178584151221239162e+00
1.023702503574033029e+00
1.148411154090530628e+00
1.005553373935720751e+00
8.580351219056072676e-01
9.476603542823871518e-01
1.099398798365411656e+00
9.660863169162293707e-01
8.053745859044936228e-01
1.053272792676599234e+00
1.075969880235088549e+00
9.652216947417120441e-01
1.062085627599351989e+00
1.011910474295806939e+00
1.075469305487068539e+00
8.724851724087473448e-01
1.049143263512932300e+00
8.318917654536136519e-01
1.065327396038301844e+00
1.096051611781608148e+00
1.136634035775182072e+00
1.103204739390056144e+00
1.172102130964576938e+00
1.102247483483241863e+00
1.068876056713265577e+00
9.502980292458562683e-01
1.079102685376633453e+00
1.172531794352381862e+00
9.068029962612308426e-01
1.112851267670669664e+00
1.095329147625682564e+00
1.095728906509667810e+00
9.365493251789159812e-01
9.529980414471179717e-01
9.296578591134921910e-01
1.084254090657868153e+00
9.825196885538957092e-01
1.032644335382520318e+00
1.002169661383526034e+00
1.126558440269178174e+00
9.345668504123952891e-01
9.412505668398577496e-01
8.644300400924993522e-01
1.065104093747062608e+00
1.003557205698457633e+00
1.044140695828297272e+00
9.047080613024167661e-01
9.414831431201611256e-01
9.790270670978673540e-01
1.048043407087195789e+00
1.088153106497424583e+00
7.810582377950773258e-01
1.071047711182652185e+00
9.625746069166140062e-01
1.003614243552938712e+00
8.620714079332043589e-01
7.968015915084742939e-01
1.203944983582127204e+00
8.590465314803092944e-01
8.749957506104539817e-01
9.496038263361206155e-01
1.084002525623449120e+00
9.584817870960715691e-01
1.100620347570016477e+00
8.978863151082226990e-01
9.849303098221781072e-01
1.208780939605583304e+00
9.949895944494506761e-01
1.017702798042524615e+00
1.068464554987797133e+00
1.038568434842034982e+00
1.069822283154204579e+00
9.577867227214555967e-01
9.180126368567235184e-01
1.041964034963865027e+00
9.320180746720795328e-01
9.629449767640436697e-01
1.045707153432755554e+00
1.083181680657484991e+00
9.187828058110739660e-01
1.176346228592172860e+00
1.036875237327038235e+00
9.614428172965355790e-01
1.025264775900435632e+00
9.855799887153059435e-01
1.052450594128295780e+00
1.199215259803987799e+00
1.087750353642974233e+00
8.890947122810368697e-01
1.013275372433352750e+00
1.005574996498062479e+00
1.115319013954841454e+00
9.999175925653798203e-01
8.601056028906101103e-01
9.007152957661255233e-01
1.024190097827374135e+00
1.026362640279356864e+00
1.016903587374125895e+00
9.410451242292217078e-01
1.057227278401350778e+00
9.297699981386192691e-01
1.080877788356985114e+00
1.096374477648757395e+00
9.614386027397003875e-01
1.123135523064846097e+00
1.226329475288701287e+00
1.000081993604341912e+00
9.940965253608330388e-01
1.113792648551443110e+00
8.956277042387896792e-01
1.184324626065091701e+00
9.648737285395505570e-01
9.234782255673110729e-01
1.218096437606119631e+00
9.287930341494767816e-01
9.933210677983901338e-01
9.248291067637202101e-01
1.008181355365264764e+00
9.726233724891175658e-01
8.996663858239105638e-01
9.574802314738115605e-01
8.001230520683202396e-01
1.041150692756654506e+00
9.927672653448116336e-01
9.602884132875478818e-01
8.945298296274439842e-01
1.048106477690273319e+00
9.252302426645253597e-01
1.008801542018151087e+00
9.782809829492005171e-01
1.021436173035759065e+00
1.158695387152343104e+00
8.620424056465082474e-01
9.989362738647236117e-01
9.505960776426443104e-01
1.110616987186260562e+00
1.055397335667684455e+00
1.057331826306485478e+00
9.854577200346196220e-01
9.156926540673625547e-01
9.511607837276271349e-01
9.845815336117920147e-01
9.158706114781887120e-01
9.243149396668237650e-01
1.101455758130860385e+00
1.015886876095041691e+00
1.016454488624796815e+00
8.817246007607771885e-01
1.039071285102699305e+00
8.909721640860306380e-01
1.039559303789655331e+00
1.055325050334299908e+00
1.030349832263346643e+00
1.088476637775597000e+00
9.403192845498518082e-01
1.198058674105670462e+00
9.167256447572086353e-01
1.144274741024389641e+00
1.090009159770650493e+00
1.007910473661601580e+00
1.198602780857699557e+00
9.530676946038330044e-01
9.450811347984029442e-01
9.082183920311874825e-01
1.008491426702932792e+00
9.966913179167995462e-01
8.766890282529760103e-01
1.201307274578278461e+00
1.178476645563296898e+00
1.091570775457372022e+00
1.031348309511366912e+00
9.132054454832714274e-01
1.118744594616798427e+00
1.024824982845335519e+00
9.786505422357150152e-01
9.814853092154516290e-01
8.167973456009764988e-01
1.119535310834923081e+00
1.074974786052343534e+00
8.583074085091331185e-01
8.884173629808862493e-01
1.182615853256757887e+00
1.175131468076000107e+00
8.488779518485782827e-01
1.034982275193557788e+00
8.933249736104851291e-01
9.157934282878346099e-01
1.078811831726126824e+00
8.438029200952548159e-01
1.099535588294661581e+00
1.073484396197795565e+00
1.016683641946296568e+00
9.439111443162926385e-01
9.155518353648837149e-01
9.735492000703245274e-01
9.061788957434347980e-01
1.051663644597098157e+00
9.689165600658384836e-01
1.004454204247140936e+00
8.990621908125600026e-01
1.048020996643077130e+00
9.615369599122181032e-01
1.076171661505914701e+00
1.180615401046005930e+00
9.957240854529865182e-01
8.155154315657164865e-01
1.043822281826086718e+00
9.862676929104725598e-01
1.101489161076991241e+00
1.043402104852752199e+00
8.530727202763365158e-01
1.018732612932963466e+00
9.540688613165644316e-01
9.850838126687715413e-01
1.004818470175917744e+00
1.042525063388208606e+00
8.808467607063392713e-01
9.045190647828118546e-01
1.127598908183460091e+00
1.063800531553573236e+00
8.452829963859813667e-01
8.891479156898356440e-01
1.148202515971288751e+00
1.025222495909605902e+00
1.112376563860891787e+00
1.070432287295866480e+00
1.012378746104072302e+00
1.110636724682925847e+00
1.116818347279006307e+00
9.554346393389052672e-01
1.063158370221729321e+00
1.067732462459317855e+00
9.152663801664835397e-01
1.148648620499779893e+00
1.039012298510527899e+00
1.122515252404464814e+00
1.095813245997636631e+00
8.151870872184465711e-01
8.964190145454893344e-01
1.145592179059250926e+00
1.199854240976643949e+00
1.061907719207207945e+00
1.132665266592266962e+00
9.844494508056056414e-01
9.396751062311244906e-01
1.158188884335786817e+00
1.181491029775921575e+00
1.075457692660080067e+00
1.090615905155607912e+00
9.289836449967876497e-01
9.804910442338403698e-01
9.357186637543595253e-01
1.074631274294582273e+00
1.093685950432691234e+00
8.706093217009622798e-01
8.548251061337718282e-01
9.461439155287578728e-01
9.608139562300475056e-01
8.725257271776616363e-01
1.145235782528434942e+00
1.014895147604236714e+00
1.099017691102311511e+00
9.147586532426563721e-01
1.121206128404419022e+00
9.926951318179670913e-01
1.055768651658724577e+00
1.160587535447409113e+00
1.062449600960335694e+00
1.049104805570490573e+00
1.126551161513855703e+00
1.130160730550539228e+00
8.900886993071581710e-01
1.036501999388820705e+00
9.238685922669142014e-01
9.593936336772805884e-01
9.536532805951236647e-01
8.713423321505632257e-01
9.317832789977618102e-01
9.060186005485034721e-01
1.000806587647737445e+00
1.032843286256343696e+00
7.705000096977812074e-01
1.026378524592629349e+00
1.034970269071668225e+00
1.033287096594512899e+00
9.309814655449837328e-01
1.182624918845303741e+00
9.629449735772175334e-01
1.056917937651794093e+00
9.098456316342800054e-01
1.144355753371811835e+00
9.756427823770459362e-01
8.231102862973511680e-01
8.049635460866692016e-01
1.143516501816739694e+00
8.234644829288340073e-01
1.120907496911294654e+00
1.023544784308983990e+00
8.815085192834128947e-01
8.132038962564400730e-01
1.089812181275959135e+00
1.047995283157222346e+00
1.079916741331595986e+00
9.098667059291882797e-01
9.898426474707731071e-01
1.022318650134866891e+00
1.083029821837803386e+00
1.018233033574403201e+00
8.651958866635982570e-01
9.923006481565441739e-01
1.118288906093687585e+00
8.640213519987958168e-01
1.023285305994487748e+00
9.978619542319573377e-01
9.502758880588819679e-01
9.700884015457194032e-01
9.512487276205201514e-01
1.054655181481317427e+00
1.063469205928031069e+00
8.466321920159290970e-01
1.049873376961818483e+00
1.013526669555513626e+00
1.187101913082913907e+00
1.150531457941172064e+00
1.145523843690601229e+00
9.089035849050133287e-01
1.177789177029569423e+00
1.119624774941516243e+00
8.551424827150748698e-01
8.832678100159976342e-01
1.029780804426736918e+00
8.986691564515646435e-01
9.165518815486696225e-01
8.980946289761704282e-01
9.709959948350226355e-01
1.087242401641943745e+00
9.712532290936243262e-01
1.109380867934342429e+00
8.478287073233810034e-01
1.084314184426510952e+00
9.159412013669407937e-01
9.468114955123356768e-01
9.176200648541039673e-01
7.896417458278490731e-01
1.022154413193383071e+00
1.051156810401445929e+00
1.135975120413121431e+00
1.194248045348454079e+00
9.129206160478835486e-01
9.324454719215243825e-01
8.682252551745839320e-01
1.156820945275633727e+00
9.475558631439722213e-01
8.770672895029192340e-01
1.059472420565254591e+00
9.270112447971419201e-01
1.016055253367229794e+00
9.841227349340736508e-01
8.287170665518770463e-01
1.042787890941962115e+00
8.398375567605396164e-01
1.226133200294248438e+00
1.122525162764261175e+00
1.154331982703513226e+00
9.702777552471490985e-01
1.212183155053904837e+00
1.102011658662241267e+00
1.094378418167404554e+00
9.360524959007525680e-01
8.948682916297050483e-01
9.429265902085615103e-01
1.053273289614378827e+00
1.046010440395378271e+00
1.035540869099852213e+00
1.093591896601971314e+00
1.180522750896935813e+00
1.096549687506743753e+00
8.050146587520452535e-01
1.084982409181542096e+00
8.719346998933252824e-01
1.134152860264528995e+00
1.051075063284813371e+00
8.954649582472860025e-01
1.025205689480212623e+00
9.892782043542625026e-01
1.037585600168878575e+00
9.879824993205250649e-01
1.155064321968660934e+00
1.142809320554425856e+00
1.043488420766803815e+00
9.453139858811387963e-01
9.902647445866982201e-01
1.182682219033645676e+00
9.554437518326420742e-01
9.941145219384297516e-01
9.055361859177979422e-01
8.497397014832379636e-01
9.342569111791119152e-01
1.093814936291423123e+00
8.723089690331087276e-01
1.091917173859668688e+00
1.018471315404750444e+00
9.248428389398173355e-01
9.956529543466940968e-01
9.485434611927131554e-01
1.154031878713662307e+00
7.889902582295418298e-01
8.810612712802592394e-01
1.132219011001111886e+00
1.043029581976108622e+00
1.035567938199248195e+00
9.158289288361811664e-01
8.532721450496344451e-01
1.054560487514215383e+00
1.004896325056514605e+00
1.153781701217066358e+00
1.166371321495773161e+00
1.162661982558056861e+00
1.029273150249452762e+00
8.540806950514329143e-01
1.133631463443139697e+00
9.582476429440224264e-01
1.121354779661748680e+00
9.521172074466360824e-01
9.841194602993726948e-01
9.703122717043446421e-01
9.497581072769510913e-01
8.797836490335065873e-01
9.568562694573827798e-01
9.498867653753473306e-01
1.123704854648747808e+00
8.099770939672490400e-01
9.630917367152087571e-01
1.152747004947467957e+00
8.869098788185065807e-01
1.128920361820998419e+00
1.156252110828853263e+00
1.100689676724353472e+00
8.038449211753682100e-01
9.495679241406964621e-01
