8.745588084915798532e-01
8.818424998991911679e-01
1.140114388950048463e+00
8.963269839776095704e-01
1.177351554287025426e+00
1.006915559663544180e+00
1.112606478133183252e+00
1.148640864621270463e+00
1.188417615077753675e+00
9.929737033489083320e-01
1.058367127043311262e+00
9.975514870498026765e-01
1.122940335368298292e+00
8.739153524213278956e-01
9.017964167461614000e-01
9.279622534621294605e-01
9.316415643991686757e-01
1.029995475197267751e+00
8.681052685004164715e-01
9.695780008630532354e-01
9.530356601075071765e-01
1.132347671109710463e+00
1.156764472805100530e+00
1.045146584155992819e+00
9.296306186209026823e-01
1.146438715559395138e+00
9.740763624657753361e-01
1.137372509616586758e+00
9.210006108103483413e-01
9.657629329244435956e-01
7.807064543861007566e-01
8.614952773008217601e-01
9.712639098355985157e-01
1.005330750662975614e+00
1.031014760218367687e+00
9.812934330665252780e-01
1.089368899142223901e+00
1.050648437081170616e+00
1.019291273230568340e+00
9.967654141789905609e-01
1.053987203828254504e+00
1.107039073767497106e+00
8.788054372083731192e-01
1.115229796487088532e+00
1.092627989302942471e+00
1.123177566329549126e+00
1.142663970401763152e+00
9.885211423444998369e-01
1.062838923179174166e+00
9.284329391620524952e-01
1.003041448993894136e+00
8.611190214302490986e-01
1.150841390264744746e+00
1.055942619881522049e+00
9.868946195139529642e-01
1.118569517374823352e+00
9.419324644602391494e-01
8.512276731180613565e-01
9.524374339026149272e-01
9.186388310439219662e-01
1.032135701169999198e+00
8.936387368534335351e-01
8.983786652554335284e-01
8.803306585184405009e-01
1.023683405350922282e+00
1.026291237943619095e+00
9.481206360047945703e-01
1.010359971061095541e+00
9.803858492614001552e-01
1.146266608065222847e+00
1.034736625187451020e+00
8.952585481084425201e-01
9.460247863037875016e-01
1.099280631413224185e+00
1.106663001325091544e+00
1.011914337144738107e+00
1.045974584528633233e+00
8.464287578860580918e-01
1.079374766492024573e+00
8.370103070499611553e-01
7.713427336244836896e-01
8.500343583316376517e-01
1.181861990031328302e+00
9.370471586573101419e-01
8.742347796614515776e-01
8.937048952974759874e-01
1.152809405559230616e+00
9.225582843553827850e-01
9.515098858050837771e-01
8.548396286515234088e-01
9.450709535276587969e-01
1.040651925305482006e+00
1.065224716009829153e+00
9.566846815776302027e-01
8.331538688234632062e-01
8.973613412572523096e-01
1.088075069790732430e+00
7.862028535196767809e-01
1.177378671859738324e+00
8.926487374569160860e-01
9.604793292926880888e-01
8.157366940792154519e-01
8.247205159117840800e-01
9.011046212983719883e-01
8.569675945024080033e-01
9.511192755878277172e-01
1.100505133787885281e+00
9.705039171522471531e-01
1.033778330339475859e+00
8.890927264511832018e-01
1.177404036397379450e+00
9.786830354377458185e-01
1.074521346614999429e+00
9.167871307874460030e-01
9.068005829777580074e-01
9.968167003106898072e-01
9.689518785964315040e-01
1.144086087058155954e+00
9.746566337067336105e-01
1.049056546665680267e+00
1.005910789275773265e+00
1.191788580855919433e+00
9.505512590207079171e-01
8.899426314290964646e-01
8.856930477874589425e-01
1.082260158251251436e+00
1.052750266515754207e+00
1.118024752975553815e+00
1.165159661929383139e+00
1.079661821000355015e+00
9.944990175023810108e-01
1.096114392035997920e+00
8.863732176011862585e-01
1.037264625894166681e+00
9.233963323689026170e-01
9.814962231221208144e-01
1.125271401479240208e+00
1.034215719351992968e+00
1.093783418899853643e+00
1.099951034282876883e+00
9.969593575804125418e-01
1.082591916320836400e+00
9.222093926867719338e-01
1.014594337567293891e+00
9.995286315162590363e-01
9.489997015724558338e-01
1.026234005099425195e+00
1.097581569031913507e+00
1.109971766729037856e+00
1.190047376247264088e+00
1.189375171593013425e+00
8.564433775953501637e-01
9.596836495446862125e-01
1.046137856882052519e+00
1.190839405910737225e+00
8.038079363796946097e-01
1.012838403836799461e+00
9.460433344186331972e-01
9.057889771702867243e-01
1.014850757649038648e+00
1.146854164213614524e+00
8.501576221047997262e-01
9.129524110099822565e-01
1.121867185354229690e+00
1.065650543386274629e+00
1.133302807845838256e+00
8.047257185235821009e-01
8.347879420213616397e-01
1.028626195600915505e+00
1.140397685103063274e+00
9.339624367291713414e-01
9.607893363754913540e-01
1.098168902499526256e+00
9.888622545103564754e-01
9.116175720933510362e-01
1.163503062204566119e+00
9.894716432452943522e-01
8.650536262992873926e-01
9.130860627551644626e-01
8.916239967301110569e-01
9.415983638369953557e-01
1.151072694312761158e+00
9.102621167659699086e-01
1.054757230095783704e+00
1.011196844244910409e+00
9.756453922418862890e-01
1.074133582720686153e+00
1.089410915980868477e+00
9.215011410421660720e-01
1.153919956592587948e+00
1.042028489091926913e+00
1.212091452723412566e+00
1.081850868837485047e+00
1.045755953369036817e+00
1.022718882331534962e+00
1.066158721237041140e+00
1.041346139691405215e+00
9.244840609827176259e-01
9.854226499196878652e-01
9.683095479735701616e-01
1.050450642176686156e+00
8.263476732252039714e-01
1.053331074818374846e+00
9.596370457143693633e-01
1.169584364126518894e+00
1.132791941406285252e+00
1.174764405049527172e+00
1.021970805862035814e+00
9.046825368649951127e-01
1.094594212206075667e+00
1.068476731705613858e+00
1.143193834267468567e+00
9.970827142213780636e-01
1.078169043293851770e+00
8.389797762688189220e-01
1.058794226566942998e+00
9.189641483787185372e-01
8.299575664784872853e-01
9.956982280618276171e-01
9.403458636670608550e-01
1.003016192560402864e+00
9.634866137801478825e-01
8.812661976761375637e-01
8.832255839397527009e-01
9.129609115576116096e-01
1.187598140092242183e+00
1.012706429655227502e+00
9.182607298912550675e-01
1.110596867798601783e+00
8.581964872904006558e-01
1.036090114250858063e+00
9.180347285590564343e-01
1.055622714402234319e+00
8.563868512636694241e-01
1.146812360221735716e+00
8.774412171882735034e-01
1.215064950219048479e+00
9.066202466521711134e-01
9.741107401230764129e-01
8.852693442813213132e-01
9.683734131323562533e-01
7.997150729768015553e-01
1.092314162122675958e+00
1.116008957269858159e+00
1.123868797348104964e+00
9.641628713293726172e-01
1.112380416232020330e+00
1.052921964796283971e+00
9.389090553090372326e-01
9.811149307599706937e-01
1.178045942745778119e+00
8.065078067852340382e-01
1.090507503536146228e+00
1.073463875570374260e+00
9.439533385246802188e-01
1.049846068405852595e+00
1.026132388316010502e+00
1.145393923149919724e+00
1.017125765679714133e+00
1.141053624033969704e+00
1.038257047822155776e+00
1.024993505241404534e+00
9.706429694949123554e-01
1.001822562053151344e+00
9.509737616172753150e-01
1.093877489854281126e+00
1.044120439941649270e+00
1.171849152893663204e+00
1.002564939406116018e+00
1.020529847867906126e+00
1.098072054411096676e+00
1.040011281076833827e+00
9.943202904676512466e-01
8.072031010574035603e-01
1.030953340703264054e+00
9.928801692754891661e-01
9.282323053383374489e-01
1.158601320991645256e+00
1.134515179726831358e+00
1.010653795157027801e+00
9.140158935828976983e-01
1.019056418468982539e+00
7.739791273447259590e-01
9.412466712787155299e-01
8.795321852698051446e-01
1.118365517889901462e+00
1.131433901709901768e+00
9.250484079157559325e-01
9.571798468523931014e-01
9.641767149375579660e-01
9.004769896657294215e-01
1.135133979254860259e+00
8.989442626315571339e-01
9.290081153358042965e-01
9.596463009968743130e-01
1.088905034360334811e+00
9.436076975285107027e-01
9.938014851785295090e-01
1.032963282840154262e+00
1.118250723326521090e+00
9.722348887512487492e-01
8.808233035088193219e-01
1.095168603287019371e+00
8.471226647563581125e-01
1.176529448256587118e+00
1.001022301077322929e+00
9.695468444102617322e-01
1.031113430080139004e+00
1.060795555269282042e+00
9.180346436029387380e-01
9.945438737531001605e-01
9.455025834114676453e-01
1.144313748051854818e+00
9.297034006369375714e-01
1.086315219288031653e+00
9.165746096504002738e-01
1.098780899206657002e+00
8.882408040231681845e-01
9.546558293965207165e-01
8.231111282249043981e-01
1.128358035385901070e+00
1.010180525435259158e+00
1.107582199315673588e+00
1.014544004136844313e+00
9.532464613796074460e-01
1.035347902464641701e+00
1.116765031635829075e+00
1.142292533282427858e+00
8.486726568810010196e-01
1.165675809098682070e+00
8.328702659129469943e-01
1.175857070602327470e+00
9.634753648150420346e-01
9.914988078425881479e-01
9.656162514476595016e-01
1.047269391452080978e+00
9.278269901693119159e-01
8.212226339261549102e-01
1.088007450302904022e+00
1.062319648935066141e+00
1.092806640823197117e+00
9.351702583250600664e-01
1.093255543390426077e+00
1.173899150192278196e+00
8.825879503264087989e-01
1.062299484658859816e+00
9.493599413691055089e-01
1.052506045763583753e+00
1.016831565440026175e+00
8.682548589982095333e-01
9.672766476461813756e-01
8.469752585708670845e-01
8.688948900262465358e-01
8.972604258466694294e-01
1.114861011356170106e+00
9.480481420790057845e-01
9.077301589187309894e-01
1.005863600043911621e+00
8.325074216780070646e-01
8.813031794710903810e-01
1.060452347844946797e+00
1.126144268140942817e+00
1.074574957153837440e+00
9.876763356785478454e-01
1.177154407638804745e+00
1.027094224571621250e+00
9.604467545245726212e-01
8.943651530482743528e-01
9.075952113907271857e-01
1.004384922261644775e+00
9.615685760359522494e-01
9.003786037917602680e-01
1.077075063275162892e+00
1.091414681241257068e+00
8.828368837985913764e-01
1.101290202397679829e+00
1.090111131785189258e+00
1.002528586801355148e+00
1.080282945647291104e+00
9.177268775983007387e-01
8.747633268420472730e-01
9.703768021681773437e-01
1.222301903554744662e+00
9.654457065688789585e-01
9.023689639845774435e-01
9.085059869829700263e-01
9.506378910005545135e-01
1.109385077748075599e+00
1.147431704531340690e+00
7.926898142347830190e-01
1.128663853250377658e+00
1.116809760271460394e+00
9.816184778099807939e-01
1.041450049862853167e+00
8.397465815249991472e-01
1.130076123078315620e+00
1.145792041272934547e+00
8.246416738171533645e-01
9.329695706904644892e-01
7.829351179898160762e-01
1.134345514863510429e+00
8.117788588174246200e-01
1.158914553555365101e+00
9.941869644467320466e-01
1.161709881678218537e+00
8.746830334522552874e-01
1.021349901625788315e+00
1.027255494264041502e+00
1.117659492060783855e+00
8.797198842221097825e-01
9.993215053400863468e-01
8.646437965179302187e-01
1.006502000026786137e+00
1.127216586040173496e+00
1.171278475739477853e+00
9.110958521023443391e-01
1.004396503897546644e+00
1.159338382021232183e+00
1.103865108988201005e+00
1.038667337470613461e+00
1.036948874647707797e+00
7.932002011879382142e-01
1.007619281612638806e+00
1.085124097663382692e+00
1.006303432366531636e+00
1.137860089586928858e+00
1.053508541426488199e+00
9.758163218102033909e-01
1.077125656919753149e+00
9.010322980884655220e-01
1.185647571383507959e+00
1.049846700120140586e+00
1.158031921845569689e+00
7.700075810308404378e-01
9.209599882519462488e-01
9.592797400715982192e-01
1.230430859949132261e+00
8.816035013567369294e-01
1.092294284022078621e+00
1.213512905621805693e+00
1.049269680117795200e+00
9.721210417849348584e-01
1.179142781849554122e+00
1.026388918699735919e+00
9.472327875522741358e-01
8.593131853355744365e-01
9.513948887151396638e-01
1.034232736935195351e+00
8.471933487849578892e-01
1.034799047629521906e+00
9.596455570613499075e-01
9.909919708082099987e-01
8.625373903027940825e-01
9.241758211670563217e-01
1.028990436606936232e+00
9.049901067836212398e-01
1.048010246666576162e+00
8.340961731055072104e-01
1.039180003981840850e+00
1.017036189785547773e+00
1.019499490603860803e+00
9.470799799195165347e-01
8.468648788375886527e-01
8.632435598989856018e-01
9.301344451518758216e-01
1.115452160857829833e+00
1.016423783043403972e+00
9.658237182465864157e-01
1.072280531871347753e+00
8.903263858656742524e-01
9.039722739247553207e-01
1.211497287180149485e+00
1.025738491036203515e+00
1.118466737703409430e+00
1.144301929931031747e+00
9.926729864194334674e-01
1.072122004037100007e+00
1.018210994838711914e+00
8.291203506181790139e-01
1.060939968375539610e+00
1.064189634537230589e+00
9.931167778396788881e-01
1.066746767988930422e+00
7.886405064745161120e-01
1.019021712519749823e+00
8.800026709268777836e-01
9.483737030043313254e-01
8.434888476645225897e-01
8.634026369103171561e-01
1.117090732137473230e+00
1.044754436212556481e+00
1.058548601921309729e+00
1.098788619228835639e+00
1.086618519953500117e+00
1.068194011480213534e+00
1.136013209720674544e+00
1.062789581986338439e+00
1.018913479239776487e+00
7.735642788007791593e-01
8.490371532770057961e-01
8.333288267666278948e-01
9.890407480229481685e-01
9.587169983961778552e-01
8.728824548278317774e-01
1.071324708101963896e+00
1.071329296143319842e+00
8.342832797273400658e-01
8.650399863076765339e-01
9.778152978842998833e-01
1.048061713276112528e+00
1.070836354484754782e+00
8.344084305680646851e-01
9.992517808729204365e-01
9.703792239595341318e-01
1.100032054821228789e+00
8.668121720893752213e-01
1.002486234748876548e+00
1.036971049778212972e+00
8.767931804420938668e-01
8.612091080293295953e-01
7.896549454214646380e-01
1.162407562945624084e+00
1.145746090098425096e+00
9.811715784958618958e-01
8.832479552477847662e-01
8.492910888808919978e-01
9.436082934650534826e-01
1.015749347057725460e+00
1.040706549376431145e+00
1.110048881570629753e+00
8.842338094026225281e-01
8.951577086232535008e-01
9.838367402228656022e-01
8.595855190717043293e-01
9.769675151355983189e-01
1.148070394646258263e+00
1.121876329183697951e+00
1.080652963018525980e+00
1.047620501974646956e+00
8.624390766820499987e-01
1.182213156684978728e+00
8.348469870753849609e-01
8.254953556875181953e-01
1.008094185473138005e+00
1.136577778694697782e+00
1.022940571350769545e+00
8.332521313046232780e-01
8.288448125024576729e-01
9.008221842673833635e-01
1.067179429629319332e+00
1.188444231091327019e+00
1.018420156881700400e+00
9.426606794902285813e-01
1.055146896787341415e+00
1.065897097633071056e+00
1.008349762244843628e+00
1.175252145563377537e+00
8.707214462091995566e-01
1.031738701863567309e+00
9.636989188547281371e-01
9.898579356341625779e-01
9.749820407619669282e-01
9.860978159525471964e-01
1.200788242767170111e+00
1.126876881152548915e+00
1.082792918050694775e+00
1.068285661499583705e+00
