9.928820449437889550e-01
1.069550301675535886e+00
9.432425323445232657e-01
1.074701905624269704e+00
1.105543530951444087e+00
9.769494183797013953e-01
9.714914556717595406e-01
8.511980642051850676e-01
1.024939234015344258e+00
1.012254318660638752e+00
1.006697255296438165e+00
8.520730700244276701e-01
1.047291071749469893e+00
9.547897084710406101e-01
8.297519684431635678e-01
1.076116473193414080e+00
7.944616401794757365e-01
9.309637411789983830e-01
1.140151170344333442e+00
1.021891882919141237e+00
9.137110798890852870e-01
1.004285712481364445e+00
8.473538873670698468e-01
9.237666898691424544e-01
9.440376273256082529e-01
1.088018614192251654e+00
1.060218321087449178e+00
1.077385112004787926e+00
1.087103589925245473e+00
1.196426266891678525e+00
8.511501448244335188e-01
9.342615070415865031e-01
1.066222444442566308e+00
1.136744488137354292e+00
8.418601202676063711e-01
9.839805101382392838e-01
1.130585318115998605e+00
1.048623868708841611e+00
9.496859016070073878e-01
8.908083729816911323e-01
9.262002083347464776e-01
1.074161164948748137e+00
9.531218217603425469e-01
1.033700030993603969e+00
1.058663658336524982e+00
1.000437853978155545e+00
1.159858490365835326e+00
9.536736059280754851e-01
1.035395905595483335e+00
1.067872299127638147e+00
7.664874478688474824e-01
1.064814049953686448e+00
1.196469016776518401e+00
8.802431436383526542e-01
9.677296876490830702e-01
8.122452959494520508e-01
9.609916379229619388e-01
9.704826286988603723e-01
1.081104114670467409e+00
1.024439560307636388e+00
8.594160015107408235e-01
8.141212434721495361e-01
1.012007997779331037e+00
1.072046894194570887e+00
1.004505358936131021e+00
1.071619141795046026e+00
9.004730449329948483e-01
1.013190296427464832e+00
9.926026681628278281e-01
9.121734842181301595e-01
9.223509192228559472e-01
8.522662950626840317e-01
1.033026831768695697e+00
1.031984479209895111e+00
8.354642251048474133e-01
8.384153992182306059e-01
9.956360178244869630e-01
1.029304553770142849e+00
1.046878635012065573e+00
1.138106738466903245e+00
1.006640412442997290e+00
1.044736153736464113e+00
9.004394158053141695e-01
1.041426882441583102e+00
1.148584900490879024e+00
1.184554626768997032e+00
9.808360517230232389e-01
9.360991229238734279e-01
8.216482689294322128e-01
1.111692508341931340e+00
1.141757298789388475e+00
1.060912441249828753e+00
9.835387126260384250e-01
1.083771079033544193e+00
7.727032132090008165e-01
9.258258161849191037e-01
1.203384212676411824e+00
1.040288815567399272e+00
1.118797418243126840e+00
1.114179725447484559e+00
1.067682799483512079e+00
8.838080805450067023e-01
1.051676757836605525e+00
7.930972852630020498e-01
1.213806951689395897e+00
8.369572460513181600e-01
9.881478048986882534e-01
9.789985342489153641e-01
1.024103985424153818e+00
1.055109553090844310e+00
8.468637457349681430e-01
1.035413310449977864e+00
1.105974066390571497e+00
9.542973729326931220e-01
1.119224385900024377e+00
1.023526364342834061e+00
1.000648660515587762e+00
1.134603558661092748e+00
1.225247495253231733e+00
9.442423419182142119e-01
8.385092108815839218e-01
8.235347212835419928e-01
9.773713806904116286e-01
1.018707045377748477e+00
7.845083806604683518e-01
9.955226391322609114e-01
9.880390414381070574e-01
8.308838072263307062e-01
8.741943224356771847e-01
1.051949297239715309e+00
1.169454982600110160e+00
9.749464180916316280e-01
8.826676816466234587e-01
1.060090168519844278e+00
1.083274726273327104e+00
1.052085571032046474e+00
9.885820735007226912e-01
1.057547916323447579e+00
9.641515045946427165e-01
8.539115744485380466e-01
9.250270500288544362e-01
8.867773756272130381e-01
9.416744749150884886e-01
1.073870113813118143e+00
9.746578898909326050e-01
1.127355579224385007e+00
9.172047066993622710e-01
1.106653168603398241e+00
9.610639278031009036e-01
9.361641102189071084e-01
9.978028447810752821e-01
1.186917875177172954e+00
8.477576999646891931e-01
8.709216835106519117e-01
1.105190998371098354e+00
1.146522575270971345e+00
1.021825513772215865e+00
1.044245394603600996e+00
1.065948139081350998e+00
9.480483525196643502e-01
1.149048232746906262e+00
9.305382974852506317e-01
1.150227267971206668e+00
9.528831272299467248e-01
8.430260787636707498e-01
1.018839856464193616e+00
9.221801312517836635e-01
9.325372579066917300e-01
9.197173250515242593e-01
9.896194496118299044e-01
1.105302857232883795e+00
1.052872260950465710e+00
1.147857136979737458e+00
8.631057172789962095e-01
9.567587532876895562e-01
9.302961689675668389e-01
1.014074869353873254e+00
9.390421141918656733e-01
1.089643313634102384e+00
9.992746469624790295e-01
1.041651008545418255e+00
9.361936319732875322e-01
1.029584597880413899e+00
9.058502140107318468e-01
9.938510204487196464e-01
7.977373037419938084e-01
1.071275364939965336e+00
8.715631078192559444e-01
1.053492005729563363e+00
9.409343211360596815e-01
1.113645809216693650e+00
9.518190506780978000e-01
1.030228507490170919e+00
1.143947040377345958e+00
1.148332784293428999e+00
1.030987310645674837e+00
9.734490684908552183e-01
8.322977522963144192e-01
1.131460213367091905e+00
9.525808555364201347e-01
8.727108853009626355e-01
9.828546438131180452e-01
9.662448412833057887e-01
8.905266556808562051e-01
1.123451680351786885e+00
1.112077756272328299e+00
9.922481934511012680e-01
1.053893014141085160e+00
9.056168026996493925e-01
9.695284849780305692e-01
9.062299056082068205e-01
9.351852674702438861e-01
9.162044550181225322e-01
1.043031879923372429e+00
1.029250832004153349e+00
1.213543257458095548e+00
9.461138334725227583e-01
9.886273998297572252e-01
8.490653988801589724e-01
1.027231352938519304e+00
1.106755748528001071e+00
1.053374972568488666e+00
9.418844883969426096e-01
8.418777102464037876e-01
8.987351471957188975e-01
1.188052976534905048e+00
8.249374724288232041e-01
8.553952197003107383e-01
1.089981997381924916e+00
9.099020049855556236e-01
1.138353133256749583e+00
8.608754224326722326e-01
1.162168156436147681e+00
1.109145223253584556e+00
1.100319193019724029e+00
1.042439443934992660e+00
8.668949412932915877e-01
1.089284888612855662e+00
7.919110365908874627e-01
1.212186870299935437e+00
1.073669649922011304e+00
8.909419458749094911e-01
8.322554228426954914e-01
9.773093680872153577e-01
1.069939607166541462e+00
9.487731185688896840e-01
1.128949220287651434e+00
8.825000566113562206e-01
1.057734433503259464e+00
1.061126365741832167e+00
9.135735094597008388e-01
8.621127557471195413e-01
8.150516138503240970e-01
1.082654608016863973e+00
1.115781068479878568e+00
1.057252286875804081e+00
8.327600240711281465e-01
1.118679027785727254e+00
1.065740301159355807e+00
1.016344986935761030e+00
1.059932378133173092e+00
8.987843782113152935e-01
9.645309255732572584e-01
1.065510420270141756e+00
1.066686897108047871e+00
1.060450539880169130e+00
1.024208862533694475e+00
9.986760809192465338e-01
8.486943617768036852e-01
1.127625792338454724e+00
1.000260011250464043e+00
9.646422758021042654e-01
9.012588202068478882e-01
1.147691808409418979e+00
9.516157949486421241e-01
1.172048422478313867e+00
1.135743228897920787e+00
1.001935717250464375e+00
9.467215334458052300e-01
8.490059369034069769e-01
9.883748389651922928e-01
1.024598955736113259e+00
1.131660279310972461e+00
1.057006537313986083e+00
1.043139073366007308e+00
1.034244570767826499e+00
9.034198718516130988e-01
1.185877140102880700e+00
8.669567064328977946e-01
9.861502173270525473e-01
9.105428150415695310e-01
1.195570674050423721e+00
1.146303065883132577e+00
9.651418532507269887e-01
9.242187497001358443e-01
9.561343154161759950e-01
8.698561228397378997e-01
1.000359507448695506e+00
1.047528037112858801e+00
1.167511573893837751e+00
1.028113259634470866e+00
1.220591208468378319e+00
1.089596463634446399e+00
8.094700791803774997e-01
1.157954606329985703e+00
1.079993401947651810e+00
9.161291932555252204e-01
8.636986498838084003e-01
1.218526669671512908e+00
1.028608319957684314e+00
1.185965510813143275e+00
8.890892660114957380e-01
1.081989960614937463e+00
9.514054436588696984e-01
1.031329790996261764e+00
1.105504815403051788e+00
8.725537890972197008e-01
1.079191296196715610e+00
1.101304232278016659e+00
9.533747377109589305e-01
8.877699821582876183e-01
1.002908652331673700e+00
1.007436151743733355e+00
8.453865899467747358e-01
1.058178637863291804e+00
8.214514118239426566e-01
9.551608878618750298e-01
8.417143603647774253e-01
9.333556963625423419e-01
9.330451536583785899e-01
9.627547153626847543e-01
1.056060006957236119e+00
8.993176620112470765e-01
1.071346304128909743e+00
9.643380809419707100e-01
8.146314163441017442e-01
9.831478825163908475e-01
9.659026371038903491e-01
1.053733317237913525e+00
9.993478502562218591e-01
1.089588321015361849e+00
9.327075591542347555e-01
1.099927833537356792e+00
8.105886709987883965e-01
9.888401665140565955e-01
1.043241649328910947e+00
1.177685652555434670e+00
9.000302213530038120e-01
1.198801361042694191e+00
8.011388715943750238e-01
1.052488012832209829e+00
9.957992822801058352e-01
9.401430755186471755e-01
1.104194276970140276e+00
1.002982350581762550e+00
9.556883591048421778e-01
8.868305904863313938e-01
9.762469728973420802e-01
9.131403325096536516e-01
1.125038263239185987e+00
9.956345097182484061e-01
9.769092187688719342e-01
1.094333469220379440e+00
1.000943910082975119e+00
1.027996456437786366e+00
1.000698177316858617e+00
1.190433850829867080e+00
9.878618102001914814e-01
1.002285321980971089e+00
1.058356876121031798e+00
8.298449240923713166e-01
1.030515397719653281e+00
1.159456735998167121e+00
1.109708638237059564e+00
1.165511379937292258e+00
9.773879958247023714e-01
9.423888913855834604e-01
8.567935464571340143e-01
1.061172469313377720e+00
1.117812569401599676e+00
9.660718219718231747e-01
8.584249410428137494e-01
8.970110491840828093e-01
1.023272846246967793e+00
1.091406964972773119e+00
8.878278830043078163e-01
1.078970359152180869e+00
1.080226325512189112e+00
8.342956115811397400e-01
9.210131679416434514e-01
1.019141182516807964e+00
9.883202955232417430e-01
9.088784361499659958e-01
1.152223908360543003e+00
1.088751943906272057e+00
1.037283266751105826e+00
9.380421440004559352e-01
1.174911137516643223e+00
1.030142906615202358e+00
1.117519230401123886e+00
9.378966285665937264e-01
1.097921722759864549e+00
8.654035755463485025e-01
1.083445400639817313e+00
8.574274545325664132e-01
1.008655130388753651e+00
1.171042516789351007e+00
1.021837451530587471e+00
1.033359666413702360e+00
1.071443033408611800e+00
1.000398405866242069e+00
1.050198845598389719e+00
9.311638813303417805e-01
1.008686734734444368e+00
1.137871870545055675e+00
1.213059986610984797e+00
8.678057227207409685e-01
1.162434063940424700e+00
9.555727431139422468e-01
9.786430019870617780e-01
1.079756133657433281e+00
1.022465557532574509e+00
1.089304175353399629e+00
8.870601893152681994e-01
9.200995317312319344e-01
9.403548559034747845e-01
8.792788119223471366e-01
1.048802390970351217e+00
1.108648383279811522e+00
1.090870529628542807e+00
1.178617709910847910e+00
1.074352077421036444e+00
1.018210331229936871e+00
1.025469119332762968e+00
9.459922221901022610e-01
9.391890079822701187e-01
1.174358640679493915e+00
7.781952737169308687e-01
1.120210789356842707e+00
1.000956890561468970e+00
9.204876375246224818e-01
1.042962421331081746e+00
1.002249366350747684e+00
1.025971110159372035e+00
1.097210892843667907e+00
8.466993967597894466e-01
9.061043978580279878e-01
8.244564683977781971e-01
1.049313017551012139e+00
8.969081576093358432e-01
9.770301868439764670e-01
1.035185406514594231e+00
1.042188057800392142e+00
8.910259717198647511e-01
8.733487158320932808e-01
8.666548996126426374e-01
1.154682811934413023e+00
9.289353912181181894e-01
8.109014903367403049e-01
1.109550394275107488e+00
1.075388260110293759e+00
9.188804830300286719e-01
1.222177698560409809e+00
8.597120468472337906e-01
9.051453524027482933e-01
8.510609681873799737e-01
1.065214760730209376e+00
9.595263360034704814e-01
8.774309383242345772e-01
1.244609494664191240e+00
1.026768205634505327e+00
1.027647918460755427e+00
8.554116851328278370e-01
1.018397878560560299e+00
1.194158423164676908e+00
1.104003926201886365e+00
1.075296925230274425e+00
9.186909802290323945e-01
1.152483020050752760e+00
1.016735781421023832e+00
1.088901986242972075e+00
8.679802796110518415e-01
8.746608205833541483e-01
8.824368436655731784e-01
8.519298283690335261e-01
9.560681684470644370e-01
1.052540984846128458e+00
1.108088191230803821e+00
9.666202558397203326e-01
9.562916227746457443e-01
9.209244931062446904e-01
1.063256365516733970e+00
1.154446578696060488e+00
1.070414261224811092e+00
1.170323369446532702e+00
1.043802677965893766e+00
9.486232242364693867e-01
9.486775048671435284e-01
8.639271925025830967e-01
9.834638051518143076e-01
9.990910540527251360e-01
1.175824561145894398e+00
1.045115286602039451e+00
9.577803729081786344e-01
1.015281415340170579e+00
9.370875972003631649e-01
9.258116459211612748e-01
1.022892307390266042e+00
1.027869064829554313e+00
8.552324247488813924e-01
8.351494079984165264e-01
1.088110860114756218e+00
9.531011940578562047e-01
1.116427892233051278e+00
1.081759458733042800e+00
1.173187328750681768e+00
1.064584988245055985e+00
1.102317277926317507e+00
1.038490464731812724e+00
9.409160960526012918e-01
1.115615848488986650e+00
1.091263649202331987e+00
9.950644020944758861e-01
1.006838430729998901e+00
9.267139098894006111e-01
1.029618985167787271e+00
1.005526621372015761e+00
1.155680098687943635e+00
9.143841410041957385e-01
9.880888104004418304e-01
1.204858929479106333e+00
1.021159245193045351e+00
1.018477519256823616e+00
9.945799584975592023e-01
8.374464349813626196e-01
1.099350623208768196e+00
1.061551440502479737e+00
1.095116550033268021e+00
1.161931521847671345e+00
1.063693253138009220e+00
9.482633916551546083e-01
9.142139041582556525e-01
8.692957830009795384e-01
8.866198765221628975e-01
1.102268871898425040e+00
1.157304367029723613e+00
9.837393481332326051e-01
1.090802054522798770e+00
9.211430241931938268e-01
1.140896334135714563e+00
1.063007385213479150e+00
8.962097183171202630e-01
8.351164267364230565e-01
1.196494382960121783e+00
1.013929852119507036e+00
1.020491333052406357e+00
1.053116005272043632e+00
1.063953268378829975e+00
1.112152800125491003e+00
1.106255802378264486e+00
9.033145669821465162e-01
9.181708612363268518e-01
9.095771607817526583e-01
1.002578325366068945e+00
1.129843675368360056e+00
9.648380682111843409e-01
9.590195137788294355e-01
