9.799024178968678278e-01
9.929229004600246267e-01
9.933293078499738638e-01
1.063700367994741214e+00
1.177186050511607185e+00
1.033143330035287688e+00
1.064271725062087670e+00
1.018771935123525152e+00
9.235850897328532483e-01
9.467928496152824280e-01
9.067932796375200999e-01
9.837254257561018900e-01
9.681349544451465228e-01
9.679416214806144669e-01
8.098245819420548663e-01
9.499684648990581737e-01
1.178054243986902394e+00
9.935689271099592546e-01
8.516925088186668713e-01
9.907270276365860440e-01
8.970455428405039733e-01
9.401265431198380096e-01
8.492710499346894926e-01
1.076861111813092409e+00
8.783929603353979321e-01
1.074230665138965479e+00
9.309257583804829705e-01
1.044434682589428842e+00
1.013595301672113758e+00
1.027648145760793552e+00
1.010718689897441624e+00
8.682084207495286421e-01
1.028450570459320756e+00
7.929121018640553631e-01
1.140911606729875238e+00
1.092071957756668654e+00
1.191387824037575927e+00
1.062659827083888509e+00
1.116231660498495870e+00
1.077947671002928098e+00
1.032512554732666121e+00
9.957057952997097061e-01
1.115981840478814213e+00
9.455116444310414092e-01
1.030951143181068730e+00
8.606146298164624175e-01
9.894982177873073992e-01
1.003097176675492364e+00
1.119255724801706764e+00
1.136190483001566998e+00
9.975157512711887442e-01
8.425850709894169288e-01
1.044075318215206938e+00
8.910062061008622303e-01
1.029440872480216429e+00
1.091048546034964595e+00
9.419184323929192804e-01
1.108322792797969081e+00
1.134164759894649155e+00
1.109593031081950620e+00
9.704816342367036386e-01
9.512966535277526114e-01
9.817811014754523891e-01
1.118128242016982243e+00
1.155483044180475982e+00
9.845185800191211811e-01
9.250001315809770475e-01
8.510153503150166276e-01
9.844197717246396806e-01
9.196892402468970218e-01
8.969174088919620313e-01
9.544001692455079677e-01
9.294907503282852090e-01
1.054731477427906183e+00
9.674979556265383973e-01
1.017606364156776300e+00
1.008533374142739580e+00
1.013771655666300342e+00
9.163157323215659344e-01
8.712920613891748101e-01
1.114493102595276230e+00
1.000078581131324640e+00
1.102102549071598547e+00
9.322338371953287073e-01
9.769311786921858198e-01
1.115903990178740424e+00
8.384938382213604768e-01
9.763412062803493718e-01
9.442806075817167244e-01
1.094320517193888120e+00
1.152145942276568080e+00
8.705429824861271593e-01
1.128291503757044234e+00
9.340965376171801449e-01
1.061662410196885453e+00
9.388234253901102111e-01
1.045834486030942090e+00
9.451002399400099119e-01
8.858855624507766535e-01
8.906744053649093829e-01
9.199532367295615298e-01
1.164700323752376310e+00
1.027533585531910543e+00
1.156768501827035722e+00
8.491086533885071619e-01
9.779740255251621051e-01
8.772167246754958292e-01
1.004489166901138653e+00
7.723524941924873044e-01
9.302251490230996067e-01
9.287308774239124709e-01
7.599805977809688251e-01
8.509569624160371326e-01
1.006011214322794167e+00
1.011034347952954882e+00
8.790386125085408731e-01
1.169581243540915638e+00
1.131973744770882195e+00
1.146968165604074663e+00
1.067337756571259844e+00
9.184711790461730363e-01
8.477793965658544373e-01
9.668265228885428719e-01
1.024700000399329847e+00
1.051079285486453463e+00
1.019807627678578354e+00
8.601948385843263267e-01
8.921338426782154940e-01
1.200543831047666599e+00
8.505451107674852906e-01
1.001871236260106102e+00
1.089789019400523307e+00
1.083320920444117430e+00
1.103863856306037672e+00
1.008512787227929142e+00
1.140797645251488746e+00
1.026034553251677917e+00
9.334274455832314299e-01
1.089201592008302910e+00
1.015236258473600106e+00
9.838812436567145880e-01
9.877926116081582331e-01
9.429155657381848021e-01
8.790671992137348845e-01
1.021479052022729039e+00
1.062582483590086113e+00
8.942266572245926026e-01
9.041622591222779892e-01
9.532713570913330381e-01
9.047872111646209081e-01
9.880274200518072147e-01
8.934587702964515987e-01
1.060793095810533160e+00
1.219831747618909779e+00
9.366384346831064800e-01
9.059365339668096206e-01
8.999718116694848113e-01
1.090832263748476638e+00
1.009537466735278999e+00
9.620470445423153771e-01
1.015543559937206242e+00
1.061740876683578305e+00
9.133667338208064645e-01
1.011100319603475128e+00
1.062696819300818163e+00
1.101734085727972046e+00
1.128650393006192187e+00
1.022524006297558463e+00
1.174027725055407645e+00
1.121423149803799424e+00
8.898168054922919179e-01
8.830943851889982987e-01
1.136382287599792873e+00
9.097474648470847969e-01
1.164724926025634710e+00
9.346613468574040962e-01
9.613595472151204024e-01
9.994428667378834064e-01
1.058368150015358111e+00
1.058492070513228134e+00
9.475217325030145243e-01
9.325869597564806490e-01
8.424075968095323663e-01
1.179535132847401746e+00
1.056022879113226232e+00
9.404239126503413093e-01
1.156611916182307853e+00
9.616363131278040655e-01
9.884899040745775967e-01
9.568572541130351272e-01
1.111379578259635403e+00
8.109427155628811112e-01
1.034719308090135570e+00
9.629598238594774262e-01
9.608235059160197267e-01
1.066951925810661672e+00
1.072346220694657903e+00
1.153313169685975748e+00
8.467578741737888937e-01
9.503547117382922238e-01
1.022960879168030468e+00
1.175583601212584872e+00
9.068845690701290430e-01
8.827824168223563639e-01
1.069014924263540944e+00
1.151102375948767076e+00
9.460748779526630958e-01
9.246697232785658915e-01
9.590558953308920831e-01
9.677848171655702991e-01
1.101539571325463207e+00
9.860583794081374531e-01
9.740124583791787138e-01
8.532485857018972109e-01
1.151277846799392712e+00
1.047014675518186166e+00
9.770823264207573189e-01
1.018041657358595087e+00
9.052062106145775111e-01
1.018715357478726657e+00
8.856258231940989933e-01
1.078942257420492989e+00
8.791760728886843790e-01
9.303454635281886986e-01
9.711786163166011843e-01
1.081441117299387633e+00
9.159394105972997746e-01
1.014234496189597934e+00
1.194219055307748301e+00
1.084355024370994736e+00
1.112014288270760654e+00
9.248098552258519067e-01
9.170494290777476687e-01
1.031563866879394942e+00
9.696088262857662787e-01
1.026021284871970307e+00
9.227911359689457971e-01
1.077629753675153346e+00
9.595004617618210219e-01
1.093206512618349224e+00
9.364767386385579595e-01
1.128752791925715870e+00
8.480321901098789583e-01
1.096845287047654383e+00
1.112747472491148581e+00
1.110651013293605383e+00
1.145315874855904914e+00
1.051217649369779128e+00
1.167837239627841361e+00
9.371490962537369906e-01
1.023539555221421482e+00
8.888669203913398542e-01
9.688872439643487766e-01
1.009879434284933764e+00
1.048112799575354304e+00
9.513725699021894355e-01
1.184160176952850030e+00
1.144858093323437354e+00
9.501430654055547098e-01
1.129159731190261251e+00
1.130453279083786011e+00
1.061400958792879656e+00
8.343275755227910206e-01
1.053316247239107994e+00
1.044971998556381454e+00
1.055101285384981047e+00
1.136296822033347365e+00
1.198835429260175722e+00
1.056090938280549230e+00
1.126989522480670525e+00
9.010232415910944814e-01
9.905380719378771293e-01
8.175542127364188172e-01
1.148402710254931902e+00
9.155573988014531484e-01
1.045631183758536364e+00
9.351370358607954403e-01
1.139108939548054478e+00
1.030812043616724294e+00
1.178684746961815577e+00
1.108009597515783318e+00
1.001062834687403313e+00
1.147998850021457962e+00
1.142375665533452489e+00
9.444857331810556644e-01
1.025533345322576340e+00
1.089613421051108366e+00
1.064928175322569670e+00
9.948533599135267469e-01
9.728829124212423629e-01
9.892602718225309566e-01
1.017208058162774265e+00
9.749341554370265506e-01
9.092767209565745246e-01
9.604487457219905711e-01
1.194602164759479779e+00
8.814806839322884002e-01
9.917493976945708223e-01
9.226210708753840306e-01
1.017426650238042019e+00
9.561574700330863763e-01
1.075268673939579145e+00
1.089353902843937849e+00
9.604730783536608030e-01
8.388048380889780997e-01
8.583512803454553808e-01
9.854937817446516313e-01
9.190578450157980139e-01
9.488144932548592259e-01
9.437891340701510812e-01
1.046909869754024225e+00
1.058393905659156919e+00
8.599817150376816155e-01
1.010969874010814173e+00
1.073857770981988979e+00
7.908828061362179751e-01
9.704881683497477152e-01
9.976083011660595856e-01
1.098761603136221066e+00
9.835919598750528792e-01
9.383220523970583482e-01
1.001882473204571911e+00
1.114582723004305276e+00
1.067840175626211030e+00
8.824404986207396995e-01
1.119494304132708340e+00
1.015539044311771999e+00
1.094312857525078231e+00
9.048102265496913432e-01
8.544048841565728969e-01
9.886522719738938259e-01
8.169465550594774417e-01
9.598082026832406299e-01
1.030205735410651080e+00
1.089157092687635719e+00
9.643382997941936097e-01
9.586700672402341805e-01
1.021227519691117580e+00
8.588390206649718639e-01
9.657972541226823582e-01
9.661974262991386286e-01
1.006876666566753897e+00
1.041547628999790920e+00
8.824280806263422594e-01
9.537174548364153459e-01
9.133423354455861842e-01
9.778334829757820978e-01
1.055239910498597888e+00
1.231971972916629410e+00
1.110394794101030591e+00
8.436950565969190130e-01
1.105009960898697630e+00
9.612306497714000475e-01
1.084335038536302642e+00
1.072450973513186634e+00
9.885124932403701603e-01
8.601130646103662958e-01
1.175424171953480812e+00
1.017204342834661546e+00
1.166891695590626998e+00
1.089005236613033389e+00
9.374545400919682692e-01
9.362565166483440837e-01
9.334871118872151152e-01
7.838345141596182453e-01
9.459128871946516082e-01
1.004488719532557139e+00
1.102570556543902569e+00
1.064345132188784460e+00
9.127447054391909509e-01
9.901717454695094789e-01
9.860766393909481398e-01
9.828404897341309621e-01
1.171562456179472189e+00
1.079808177421785809e+00
1.037305597925880729e+00
8.951445959525889950e-01
8.263500023552404761e-01
1.084490945233730796e+00
1.083354532994810215e+00
1.010475408287606847e+00
9.882790234656897432e-01
8.408728598233861096e-01
9.168261487956466116e-01
1.048517855484619954e+00
1.080515641643357894e+00
1.138555245350099554e+00
9.181521550391317232e-01
8.747605791216429560e-01
8.950007821239185368e-01
1.030940867450841569e+00
9.865463938423507662e-01
9.286398988997758286e-01
8.221217167415733051e-01
1.057410019193190109e+00
1.122658782305604230e+00
1.132529829174096836e+00
1.002450281854393666e+00
9.372643108375779963e-01
1.009563894396285466e+00
9.080136611419296067e-01
1.050035001885506691e+00
9.534560076318392419e-01
8.991648281407571552e-01
8.956305691458712470e-01
9.035106552592234719e-01
1.076057526391458463e+00
1.055386430226267658e+00
1.123154381374049660e+00
8.131037204869079327e-01
9.030955641966202929e-01
1.043838122210786423e+00
9.493298533664160654e-01
1.005626943838967779e+00
9.334121521666620680e-01
9.582522722330490961e-01
9.137366136029581032e-01
1.199344993415273342e+00
1.119705762042927377e+00
1.095152137283069704e+00
1.219178573977636404e+00
1.079118383818304494e+00
1.042475954414136652e+00
9.236557588445619693e-01
1.137325500527018862e+00
9.173212840862857709e-01
1.162297596247891196e+00
9.448766528469909609e-01
1.038882052139137979e+00
1.066813176757977155e+00
1.102943815599331856e+00
9.186391568152805220e-01
1.048378286297553252e+00
1.175145017455217600e+00
7.709582470733800097e-01
8.806890900763714169e-01
9.248732009937377097e-01
1.100567365850205093e+00
1.122067245596681584e+00
1.037414743996480260e+00
1.059042655635807684e+00
8.642197601998559131e-01
1.073609972113773736e+00
8.406984309818541501e-01
1.023208088514630631e+00
9.539507423267956643e-01
1.173101390165848024e+00
8.949905143000470575e-01
7.978477846649325578e-01
8.126359423337902177e-01
9.245551664588693708e-01
1.066722030391008991e+00
9.280847876467306357e-01
1.009971575008258293e+00
1.050730172810572904e+00
9.851926173964004052e-01
9.240761015336522721e-01
1.088063435705469484e+00
8.289823882157147938e-01
9.294757216181779302e-01
9.740716739650741030e-01
1.083866745291712119e+00
1.024649255687513749e+00
9.968046712295817180e-01
1.129801049457764828e+00
9.766457872931091355e-01
9.881973838730850890e-01
9.233046251680051553e-01
9.743640813981957471e-01
1.153698585218449146e+00
8.929358622374123922e-01
9.034686614387346104e-01
1.119342267529412682e+00
1.080702376834115519e+00
1.046116946431353778e+00
1.029780241131762919e+00
9.232549426956992988e-01
1.190904578568653172e+00
1.063878474424249543e+00
9.041409866542762241e-01
8.758794026877387839e-01
1.025089706271265610e+00
1.164784091416482426e+00
9.137447282894348710e-01
8.472501602217115124e-01
1.023502298532639632e+00
1.115075629342858532e+00
9.625563031285462312e-01
8.950644671436847055e-01
1.022664963074578992e+00
1.060581031692399367e+00
1.010245454891880668e+00
1.049499104453162079e+00
9.899489569369852582e-01
1.072405615780845700e+00
1.075485942470006284e+00
1.072268129455150820e+00
1.012658503245611019e+00
1.129005309660887857e+00
1.155899751170950118e+00
1.151215937468894168e+00
9.475834723724405606e-01
9.961447675674319768e-01
9.009130812722739856e-01
1.015576067833721785e+00
9.784692757487227777e-01
1.056017940920234821e+00
1.140626182417137091e+00
1.071216496701615561e+00
1.114905244948301233e+00
9.618858466388043871e-01
8.971187049613241760e-01
9.853748729047457910e-01
9.372752706812412793e-01
8.217085077581360864e-01
9.425314968511867564e-01
9.702790476348085447e-01
1.054918373959078171e+00
9.659057458537485541e-01
1.151727388765231064e+00
1.007722914865999853e+00
1.093378214827596562e+00
8.408739450837726670e-01
9.942575963830737606e-01
1.193151135480036373e+00
8.303405391643964295e-01
9.658399250718406881e-01
9.569047558597705283e-01
1.037971975803814173e+00
1.200011047531404307e+00
1.169371732163216437e+00
9.439443092420460868e-01
9.036169994572733621e-01
9.151399037998224628e-01
9.978988660890143469e-01
9.666896964536384473e-01
8.686693962688676329e-01
1.026476419052409605e+00
1.031341129277052682e+00
9.271758864004847611e-01
9.124213289300897589e-01
9.294431631976574071e-01
1.002556688192209444e+00
9.887001838578437507e-01
1.194443537282954271e+00
9.910656403106294920e-01
8.914694256082751345e-01
1.084000921263592820e+00
8.277391431412919331e-01
8.646282692663874725e-01
1.060235058738921543e+00
1.106359283861891418e+00
1.066021493921200713e+00
9.644473826926163174e-01
1.070135684697052669e+00
1.179644903580435056e+00
8.629416542925205658e-01
9.535743222841450706e-01
9.377750696199278480e-01
9.178301663054477810e-01
8.812821087822231281e-01
8.414848554852210061e-01
1.136166485081866018e+00
1.037788376764527287e+00
9.571090710330740770e-01
1.081499426178792911e+00
1.051023357657427493e+00
