8.621812861635530512e-01
1.235488996338191869e+00
9.781150947766191761e-01
9.631863882871252169e-01
9.468437092829354862e-01
1.029839153636921578e+00
9.667243267425960074e-01
8.805120296162782800e-01
9.098777558729249648e-01
8.352222343071407096e-01
8.972997730601044442e-01
9.193031719308399907e-01
9.721871904275487530e-01
8.880294303913449649e-01
1.141654643308328776e+00
9.267578624591326086e-01
1.114702657571929878e+00
9.339026258978777584e-01
1.087884676047622179e+00
1.167828521913881534e+00
8.228976059046642089e-01
9.728790057017409065e-01
8.427711798789749853e-01
1.072413225133175718e+00
9.451625399822376483e-01
9.656152825297688036e-01
8.657431453136423816e-01
1.008690595560830294e+00
9.771330654874077482e-01
8.806160126877632388e-01
9.512173564207682119e-01
1.010623640279191937e+00
9.099381722738626443e-01
9.095314324386666316e-01
1.077384978944095684e+00
1.169480185598023247e+00
9.297895573125567470e-01
9.983150267267414391e-01
1.043339756783508099e+00
1.003552550288963285e+00
9.992386037138099031e-01
1.116405315835247380e+00
1.137840672613343207e+00
1.053712182818590470e+00
1.134992204669371896e+00
9.703571699826258889e-01
9.711222654245926789e-01
9.732597605677862918e-01
1.132328156109055017e+00
1.112489392639802066e+00
1.129270735751200405e+00
1.134980072241501547e+00
9.450399574552992288e-01
1.114984253221018351e+00
1.043110897128081582e+00
1.031059726579552027e+00
9.250514097417273929e-01
8.798913683277340692e-01
8.982899287430743396e-01
1.037069791940110619e+00
9.405294217032742488e-01
1.039556924939771365e+00
9.785674459624802424e-01
1.045237325526008121e+00
1.009883746157256068e+00
8.937313148657293205e-01
1.097175674146038116e+00
1.103058275703411972e+00
1.162868229505996664e+00
9.475050200689207891e-01
1.031265043059524045e+00
7.788823283892811755e-01
8.857932344031389515e-01
9.592819979653433027e-01
1.106774623145583947e+00
1.097762057803791880e+00
9.150947809025422597e-01
1.039289577436565803e+00
1.196921873081166376e+00
8.200874511921455445e-01
1.205404428630199032e+00
9.318831731564360954e-01
1.128111985387470373e+00
7.992075944720680170e-01
1.197899213582406697e+00
1.093313555960368388e+00
9.209459322206799969e-01
8.324943998854171801e-01
9.589860715257709778e-01
8.191713898639036984e-01
9.803189584405948009e-01
9.241986051068638020e-01
1.024251475511406939e+00
9.418224612813355101e-01
8.713202668969266540e-01
1.187169533921081044e+00
1.066384054878954935e+00
8.814508429825818059e-01
1.103771277897029002e+00
9.211813964374349073e-01
9.806094919711605407e-01
1.012180750279951580e+00
8.431353113866174587e-01
1.206757092034880463e+00
9.737369007855225522e-01
9.322238958824103916e-01
1.024419624921834027e+00
1.100622563070336346e+00
1.128812729214811128e+00
8.337799643721086618e-01
9.721832086897239655e-01
9.934039998005108618e-01
1.148230993557944668e+00
8.555870255423619897e-01
1.145090649463616606e+00
1.171663390889142509e+00
9.597005092359773837e-01
9.140728336443533220e-01
1.090418113436031344e+00
9.605604376926220045e-01
9.667933210661781018e-01
8.213037345887941321e-01
1.053553981047199217e+00
8.488585978365910112e-01
1.004742244550866026e+00
1.048794454472384396e+00
9.111220228732244131e-01
1.005995415832829476e+00
1.129586898998637956e+00
9.726941207754429275e-01
9.720855921036659630e-01
8.646694572596620443e-01
1.045273113074452365e+00
1.055591734028313855e+00
1.063239098022513263e+00
1.138429832316979251e+00
9.980160659015491209e-01
9.729435321657307068e-01
8.739768785513417626e-01
1.047883924486296747e+00
7.864455227059206077e-01
1.066607917534648786e+00
8.436999331014128911e-01
1.004354412633246429e+00
9.456842819425086422e-01
1.022235187796928457e+00
8.542760185435371856e-01
1.005453043275722491e+00
9.485054948370805761e-01
1.053206838132355383e+00
9.501188169100128755e-01
9.745894255846914156e-01
9.308369983483065768e-01
9.169491295822984611e-01
1.050001755119026381e+00
9.753027683104130707e-01
1.156390449109864660e+00
1.071755297980826915e+00
7.971296419177376080e-01
9.568494084864086480e-01
9.900442526586971104e-01
1.013401589963981220e+00
8.963170269439060256e-01
1.187500504083813579e+00
9.644529514622377508e-01
1.063894305052547784e+00
1.010854693291999951e+00
1.150741142062748024e+00
1.003596728785360659e+00
8.047687223490099795e-01
1.047781508124485228e+00
8.348748965735275362e-01
9.388743969088182428e-01
1.012201761279896806e+00
1.090812313951427637e+00
1.212330952082626201e+00
8.818464651491400019e-01
1.036013053807447681e+00
1.107336496099372791e+00
8.667605217735991907e-01
9.510319848852476499e-01
1.167802019692414817e+00
1.148829575835624839e+00
1.171969302738587571e+00
8.042097200716521455e-01
1.085255590303837003e+00
1.120816033927169997e+00
1.155014496746632924e+00
8.707010737355029839e-01
9.727558425736905212e-01
9.581472274967510749e-01
1.114366055907990649e+00
1.071441219220783392e+00
1.106155154371907257e+00
1.102399200774507149e+00
9.193096094292150244e-01
1.103098127317134525e+00
8.793372079863919222e-01
9.870903989142925106e-01
1.024827090112603534e+00
9.152625505369801351e-01
9.706460561781163898e-01
9.290914541566455132e-01
8.235004563772407860e-01
1.063540391907769278e+00
1.008352419829811497e+00
9.112198116277806514e-01
1.045687848582882884e+00
1.027024126493440770e+00
1.074474880968149915e+00
1.067230068710766755e+00
9.836713877424787533e-01
1.033299148555737901e+00
9.251106032521720923e-01
1.027801230384060460e+00
8.556375646185934158e-01
1.015219889480693194e+00
1.107474255238971583e+00
1.136484328146884604e+00
1.211272800981120668e+00
8.592599054315610552e-01
1.120775043439776075e+00
9.894199687412335020e-01
1.059115977032381473e+00
9.545359086137819027e-01
1.039985870226157516e+00
9.850379453423301346e-01
1.122087451176523087e+00
8.407861510155176799e-01
1.095972212588445238e+00
7.990508398797253609e-01
7.834642554209052534e-01
9.570133003673635397e-01
8.068168268393201004e-01
1.067357996401871789e+00
1.139134831839996753e+00
1.152597668539938391e+00
9.958902209407733963e-01
1.090377060815787891e+00
8.972774259418683229e-01
1.129280307433458086e+00
1.135598456777342280e+00
1.094616215896598632e+00
1.114127387088204024e+00
9.952754852217462478e-01
9.162997602730915681e-01
9.170559080538669416e-01
1.109192277267584625e+00
1.083568820963391577e+00
1.013574754919727372e+00
1.076619601916211977e+00
9.615232749547977242e-01
9.771438204206278622e-01
1.067312884703918829e+00
9.262404280463159001e-01
8.925511809402719710e-01
1.144213670889643986e+00
9.401077458706716961e-01
1.010187292346896637e+00
7.924533524405525942e-01
9.373918237569514034e-01
9.667390077438857698e-01
9.861083082984930526e-01
1.060136474619256086e+00
9.317979967001099872e-01
1.033604426408544885e+00
1.097099449894876955e+00
7.972693097041352317e-01
9.699229449146073989e-01
9.766899906951915789e-01
9.629332675305124489e-01
1.159458631746173030e+00
9.136318615476388683e-01
1.040497683728421219e+00
9.327400348912753270e-01
1.163410383025887285e+00
9.788688782500366559e-01
1.091031330918968756e+00
7.788563719069330205e-01
1.177707346378599418e+00
8.666852772616926437e-01
1.113386545679073691e+00
1.063341183787646083e+00
8.012828509943210609e-01
9.792323363541617365e-01
8.136300679152588256e-01
1.167704149742343267e+00
9.090064624431735130e-01
1.157285828985238352e+00
1.068081689689987623e+00
1.000355878758064865e+00
1.076277090834471428e+00
1.076967987991775955e+00
7.988938820572573096e-01
8.429438719770729893e-01
1.051473506248842726e+00
9.799877086764030576e-01
1.118963988613967953e+00
9.214665624275220068e-01
1.089402507918074470e+00
9.542103079302342028e-01
1.050825546226869189e+00
9.087333175475262870e-01
8.110133167016309041e-01
1.018317529192988680e+00
1.041370429941997910e+00
8.109988620363517420e-01
1.035889655258289910e+00
1.098884506308403397e+00
9.146000967990195463e-01
9.209425601410794471e-01
9.170623033771772015e-01
8.216928946971207015e-01
1.092437623621448139e+00
1.066992241378382111e+00
1.066454178509339101e+00
9.444241342448829180e-01
1.108862443326298131e+00
1.073829307270595557e+00
1.048097110890968020e+00
9.891035520187638763e-01
9.359804974069469985e-01
8.429206421742759803e-01
1.189380634527834824e+00
1.080351290245967766e+00
1.131935152732796324e+00
1.199877071594187106e+00
1.038321129024039946e+00
1.020464093357984270e+00
9.873466281975422643e-01
8.013356657116659232e-01
1.076716824752237622e+00
8.458835137318169162e-01
9.323668752346577770e-01
1.078288993013988062e+00
9.885857299366361817e-01
8.278203758941636847e-01
8.641356391795682601e-01
8.117463730963851987e-01
1.014943209519233003e+00
1.073813269505913714e+00
1.111665416693097042e+00
9.969710756211946912e-01
1.161834828258685670e+00
1.064342602646086045e+00
1.093246964804878374e+00
1.174908309613684310e+00
9.207145434155498132e-01
1.175128722926918723e+00
1.114247613390204616e+00
1.090667457146714536e+00
8.108524021515876035e-01
1.079964265944940660e+00
9.391745747966575575e-01
9.963716690235302487e-01
1.027593866796885136e+00
1.001438012699633839e+00
9.568269415413193091e-01
1.099303867893678177e+00
9.080387714070968785e-01
1.146872543261903132e+00
9.562428108916121161e-01
1.130567559686275869e+00
9.400186546908506635e-01
8.885281511929685738e-01
1.094777195025460337e+00
8.093261411208485523e-01
1.049921804166500605e+00
9.356700512424445115e-01
1.117699378044446190e+00
1.094101466807803069e+00
1.076694937296184262e+00
1.116570435289890195e+00
1.173582190833068140e+00
1.066043824543966290e+00
1.026376091671802326e+00
9.988363448471797579e-01
7.789659122590942841e-01
7.982053729171331158e-01
1.034111202732320933e+00
9.715924520898184813e-01
9.975050092815154201e-01
1.082711339264151862e+00
1.055201377190640111e+00
9.752521144714239032e-01
8.893664015851656668e-01
9.074659101811144435e-01
1.122381038095310757e+00
1.043267304213155278e+00
8.436946565617566840e-01
9.844686844027017436e-01
1.023864147661647461e+00
9.875017546597817386e-01
8.343380778508484585e-01
9.945996920480141279e-01
8.926822953627553403e-01
1.198620611421137294e+00
1.174351032311043319e+00
1.013504861408524915e+00
1.156618786132958876e+00
1.012851525908300410e+00
1.191813445797364368e+00
9.766087311980005126e-01
9.175359820766546548e-01
9.904739941323772445e-01
1.129697830289900118e+00
1.040278503039704150e+00
8.749485423910881021e-01
1.145367137389000201e+00
1.193343747780544639e+00
8.921387681287027416e-01
1.069582987409653851e+00
1.157762813286235870e+00
1.016645427233491272e+00
1.081287627735444623e+00
8.938229039647831442e-01
1.008148681858545448e+00
1.067096834163462127e+00
9.889439679797299432e-01
1.175316616401610892e+00
9.929301141922952656e-01
9.667027709602875607e-01
1.181837271654683441e+00
1.126225985056968693e+00
8.893122524615502122e-01
9.579515592710736716e-01
9.122273533914243560e-01
7.768030302286685895e-01
8.171215048226960764e-01
1.001475850722561622e+00
9.601298768651657101e-01
1.013441798332619381e+00
1.081967545109104201e+00
1.054920271264750076e+00
1.083518486708993978e+00
1.031330983560993841e+00
9.049160889020387843e-01
8.920784181630869725e-01
1.092772255227520750e+00
1.089517476335450930e+00
1.079553826467609445e+00
8.762064613416787884e-01
1.001587098036290646e+00
8.943268076049050164e-01
9.486552923163105167e-01
8.452219585301832261e-01
8.780210011501595746e-01
9.663995822299888960e-01
1.030998406288047731e+00
9.553917037281949298e-01
1.020840545926815945e+00
8.964850299806408351e-01
8.882995120602945605e-01
1.052703619172657978e+00
8.883795077398345397e-01
9.679515130885721907e-01
9.691906070871973977e-01
1.035893744337981870e+00
8.060525161490330603e-01
9.465119474190535342e-01
9.658918467525912099e-01
9.743483312366874038e-01
1.017097632273481711e+00
1.151473262069876213e+00
1.013456844556688274e+00
9.461982176266796607e-01
1.108498014715125990e+00
1.168679140169697650e+00
9.396223543507132847e-01
1.022926813414661185e+00
9.561816389698931662e-01
8.742470701833198188e-01
9.881819458459625283e-01
1.030619150676682860e+00
9.200464196131654671e-01
1.039920999897206544e+00
9.432344652615385350e-01
1.013231853212866129e+00
1.192991669432525992e+00
8.838248374644559480e-01
1.062561667582075264e+00
1.066275622956634805e+00
1.062246850739185788e+00
9.104857120232279222e-01
9.299020863380056401e-01
1.056896221301237837e+00
1.043747566498136159e+00
1.070242072571157443e+00
1.032217107086187635e+00
9.436955808369926757e-01
1.100492173490642100e+00
1.107700019910283107e+00
1.071707716685808442e+00
1.016986442120589862e+00
1.130650593595914799e+00
1.021832967642759549e+00
1.075089126164918030e+00
1.155636647973163234e+00
1.095272144434801032e+00
9.888575388508977770e-01
8.498862188270330797e-01
9.588875881817042757e-01
1.066140971930320092e+00
1.185270292480034016e+00
9.904646533419759757e-01
1.045982825354332402e+00
1.103193557978131567e+00
1.046452763289455357e+00
1.146366610332156810e+00
1.061631906006483383e+00
9.198263687272296707e-01
9.345265690085822197e-01
1.029673795080833010e+00
9.533507325269778843e-01
8.258122575826057910e-01
1.057558834027280126e+00
1.167318502698901028e+00
1.045805760478931035e+00
1.036227524799029132e+00
1.118864784807123147e+00
9.077192769145128182e-01
8.801538220829927539e-01
1.140966040215089627e+00
9.489310316563953629e-01
9.540910574348765438e-01
1.044248024616807768e+00
7.641180098740514293e-01
1.103934394740418989e+00
8.954302544527549257e-01
8.394457756949705862e-01
9.787448391005084680e-01
1.103184418631935726e+00
9.586085991673380935e-01
1.237610126428136281e+00
8.861241757453666157e-01
8.981575465949189763e-01
1.026963131962654430e+00
9.593944994796332892e-01
1.198144140501557819e+00
1.119926551739762743e+00
1.008887442173755700e+00
1.057842403498634010e+00
1.009918042279779105e+00
1.136893253399134718e+00
8.658278901385310089e-01
1.058246703605709271e+00
8.377032146980121219e-01
9.231420456220146287e-01
9.177684866263875474e-01
1.072965735229861384e+00
9.890222855998686002e-01
8.208696340969015015e-01
1.038234054378963434e+00
1.199874475838672350e+00
9.230372040547015766e-01
1.107493508438191609e+00
9.970045530610730511e-01
9.754256816969162358e-01
9.375325457045164956e-01
8.309622063404098480e-01
1.145751003489441144e+00
9.567306457335684744e-01
1.044708028687573176e+00
8.636689862662314532e-01
9.502206783564426384e-01
1.012819599141060900e+00
1.055311427658251366e+00
