9.228791774879927523e-01
9.324939163462538927e-01
9.045197698686524568e-01
8.084057347756192780e-01
1.082029170174560795e+00
1.095887304360075198e+00
1.221352499738346031e+00
9.186759507878764497e-01
9.115488733474192973e-01
1.033844073061252589e+00
1.105993914791801203e+00
1.065093634685368329e+00
9.853400540711483302e-01
1.046403967446841721e+00
1.035376412037947391e+00
9.372803772136049094e-01
9.310679078760581984e-01
1.029509854649107492e+00
8.196277629493886607e-01
9.890711967744383326e-01
1.093763024499873060e+00
9.949918618011478477e-01
9.284049218188935582e-01
9.800353375412755863e-01
8.835748694296641226e-01
9.904393405372253767e-01
1.041548021056466711e+00
8.635101588234812553e-01
9.966066082385738323e-01
1.045323457095160835e+00
9.406329271239374235e-01
9.881822431274390750e-01
8.717482209437867891e-01
1.119005574651551482e+00
1.084485841335713241e+00
9.584015787170351297e-01
9.104929880372796269e-01
1.019389276584471205e+00
8.139046972587408169e-01
1.090291054429130879e+00
1.088438117415314155e+00
1.170178581787369110e+00
1.146108824553045968e+00
9.006547209134154741e-01
9.616837290518401860e-01
1.201557945730640897e+00
8.846975394136502580e-01
8.731567247682179289e-01
9.273123006956285330e-01
1.076294662355472997e+00
1.068004279252311894e+00
9.551210286922606763e-01
9.645745727973131789e-01
1.012265065581454682e+00
9.135651920739362719e-01
9.111792779854572810e-01
9.029800810925623367e-01
1.044077756371605492e+00
1.022151008074058343e+00
1.109778248145987911e+00
1.102364568958235314e+00
1.021671594133340966e+00
1.119558531133964419e+00
1.117646643266123174e+00
9.241880755200811981e-01
9.760622789219320916e-01
1.087537387734559768e+00
9.467910509633770122e-01
1.036741091991199237e+00
9.315046796249345507e-01
9.763446038033116725e-01
1.157975270800459366e+00
9.236913424318685673e-01
1.031528498121349058e+00
9.432626223527716958e-01
1.105406582401661897e+00
8.824031986147473638e-01
9.606274935938468040e-01
1.085511029560857654e+00
1.049309127563463617e+00
9.394443302220192304e-01
1.153518410106408210e+00
1.057139614845517439e+00
1.219567829638402046e+00
1.022088680756239043e+00
1.061415320439919707e+00
1.099816227764434329e+00
1.109213357738867423e+00
1.133639864451699397e+00
1.126995859358616903e+00
9.659394264807966701e-01
1.031306910599510074e+00
1.037986920244972522e+00
8.144111617842852979e-01
1.191327435097288001e+00
1.021080333530116624e+00
8.994660114366398451e-01
9.708710728920162403e-01
1.050324541166002712e+00
9.360403349975661147e-01
1.033739701339929429e+00
1.029453709319113397e+00
1.093759896167121992e+00
1.051397332643240867e+00
9.556421980350442436e-01
1.038730705572548318e+00
1.071900299065609907e+00
1.021259862319585210e+00
1.109990564797240564e+00
8.858472430414532361e-01
1.078329685509373359e+00
8.161670407077104006e-01
1.117393654171929374e+00
9.356343441323822230e-01
9.358967284582082602e-01
8.489912665460983554e-01
1.160676004327739763e+00
8.539459191774247948e-01
1.052003779303301689e+00
9.486105599873437821e-01
1.029377663090174311e+00
9.353079987205901169e-01
9.480991183659479571e-01
8.427849818277919347e-01
1.068426089984940042e+00
1.062376671324991806e+00
1.034850262092393614e+00
1.039761563293669866e+00
1.018862691783845476e+00
1.116078791068715326e+00
1.107876541392156744e+00
9.173035096056212367e-01
9.776495714008235360e-01
1.022260474878889935e+00
1.177120559843804815e+00
9.392991936082748516e-01
1.031594985993473435e+00
8.497248967684223331e-01
1.138458991080050664e+00
9.031317322421441585e-01
8.872236320289799139e-01
8.060936357891435033e-01
1.005875836589916084e+00
9.237520034006416747e-01
8.707276850343448338e-01
1.110271787320352477e+00
1.048098787791643005e+00
8.107764798949610441e-01
8.472461026264079820e-01
1.012761481209065728e+00
8.673756856230514511e-01
1.082236360153093990e+00
1.072360846549655244e+00
1.147110546249990426e+00
1.003340482651170484e+00
9.281018799493973015e-01
9.308808131279839859e-01
9.970647016473627167e-01
8.103252787266219670e-01
8.801191003038526528e-01
9.323593566552401679e-01
1.004993246199764378e+00
1.028696794498796585e+00
9.510473199742306427e-01
9.679978473161687802e-01
8.999948671011854806e-01
9.988941146555608830e-01
9.438347042612291737e-01
1.054403866924475519e+00
1.002597714883064040e+00
8.346798163085920041e-01
1.176422135508977895e+00
1.113451256307942172e+00
9.904194814791529300e-01
1.134730251963515180e+00
1.220453875603522809e+00
8.181554918824441858e-01
9.347849599325331882e-01
1.058253543947063724e+00
9.981743345655957889e-01
8.568786780543007353e-01
1.065878393118478096e+00
1.038852845365537680e+00
9.513392000765267253e-01
9.697765133309321772e-01
9.088587184510011907e-01
1.160569720151025885e+00
1.050878775736289406e+00
1.005686055982276450e+00
8.373046532820030974e-01
1.054697418725387692e+00
1.171584737564528078e+00
9.218637211776339324e-01
1.106643995630500754e+00
8.046765641668283120e-01
1.141070687049935195e+00
1.146775699409738891e+00
1.079171523205834093e+00
1.074542680465869537e+00
1.012166333654081374e+00
9.737451045425782326e-01
8.773986089497032292e-01
9.520398591548245859e-01
9.512694722025809568e-01
9.469997625605854896e-01
9.512929422052747164e-01
1.088137779708226560e+00
1.214069243668033149e+00
1.098288308473339470e+00
1.004180932217327182e+00
9.561567017273970848e-01
8.949078996830603927e-01
1.014335977966389635e+00
9.760844531738460672e-01
1.063427003909942048e+00
1.067661814256708253e+00
9.893042103974973855e-01
1.164986050564282838e+00
9.388549879231222750e-01
1.088381129145075565e+00
9.314644222332155721e-01
9.204735947562400211e-01
9.112637144992898897e-01
1.093779046940286825e+00
1.026710673512806427e+00
8.430701494590977507e-01
9.174345674049823041e-01
1.100906657647725106e+00
1.102222753095485341e+00
8.042105509703670885e-01
1.056866231904009412e+00
8.703263459962844451e-01
1.025872098810960420e+00
8.551252707688669075e-01
8.737068740768682007e-01
1.067986941012057489e+00
8.774478876282159057e-01
1.098601369819654616e+00
1.178783872278682310e+00
1.130992618700052077e+00
9.096285495293331413e-01
1.022408213999991489e+00
9.404861741579194634e-01
8.752254361618303502e-01
1.015931355630159461e+00
1.011168089626432565e+00
9.680397244048587480e-01
8.843400797008285075e-01
8.671259841543295099e-01
9.770109499909805928e-01
7.976213319636572541e-01
8.822854364439357555e-01
9.795189895733507068e-01
1.153957317615425859e+00
8.972227176206658550e-01
1.064318597935382860e+00
1.061128325917672699e+00
8.671291659223041570e-01
1.064082636538144389e+00
8.268980353031829544e-01
9.967793781362410677e-01
1.028170559501834225e+00
8.007977848005408683e-01
9.454837335096580864e-01
1.099676469764845121e+00
1.177649726540591635e+00
9.739156132783202136e-01
8.023805962912982093e-01
1.151959923791662455e+00
8.310848201314604555e-01
1.144091133234637292e+00
9.357211450477397330e-01
1.005856149795293586e+00
1.167280407988035895e+00
9.192266387037956177e-01
9.890718692443036808e-01
9.230025706009039599e-01
1.136958227305503666e+00
1.098037512305909180e+00
9.769691778450607655e-01
9.997720685546938046e-01
8.761832397416420282e-01
8.945578281987811575e-01
9.396789086736980767e-01
1.092277405407334978e+00
1.053203662617171910e+00
9.416798094884311077e-01
1.031191921287397895e+00
8.946006825546737318e-01
8.617349733999706274e-01
1.132590920163204284e+00
1.013790823427065613e+00
1.179852000193577055e+00
1.130784586203511299e+00
1.145427950560768293e+00
1.197641999486160458e+00
1.073486773761354041e+00
1.139280148813868188e+00
9.088350126379454164e-01
1.109490004881596326e+00
9.427622906801031988e-01
9.781712119672227868e-01
8.233489848248491949e-01
8.985299442816166993e-01
8.946499653796147200e-01
1.064543679135250720e+00
1.182732588466852475e+00
9.811517996787726403e-01
9.091615948433600103e-01
9.596395897836358380e-01
8.840746185379710909e-01
1.059212112136104222e+00
9.627402561303826101e-01
9.265848200880444363e-01
1.025719095025229954e+00
1.056553637903792087e+00
1.058081620446103432e+00
8.226619314928915738e-01
1.105524555341698800e+00
1.113468515951930637e+00
1.177149210610354046e+00
1.145834424920741279e+00
1.128989820661652876e+00
9.781259149099067463e-01
9.398740599056309986e-01
1.045593772786392650e+00
1.093205518457649017e+00
9.351487257175512546e-01
1.005757579860194983e+00
9.326887285868326050e-01
1.048625944231996288e+00
1.077069046543765563e+00
9.092205410019209566e-01
1.143847500585281063e+00
9.652640144428029645e-01
9.770726990330864670e-01
1.072700807684208169e+00
1.145249868723573261e+00
8.719271761184590464e-01
8.708251634723597201e-01
9.955384155426778570e-01
1.117655827939239677e+00
1.142400853340557632e+00
1.023611788568870473e+00
8.761892402288595783e-01
1.068758659410758982e+00
1.125776508578218538e+00
1.200693629361921921e+00
1.170172563863667525e+00
9.775879476742499463e-01
1.094861318317726262e+00
8.767450877533049525e-01
1.076273830574781432e+00
7.649637764210578394e-01
1.064692002908111057e+00
1.002582068991588748e+00
9.248551566887590614e-01
1.100039051344158469e+00
9.975837606614195163e-01
9.631978450072271603e-01
1.099839061710750299e+00
1.050669705269696941e+00
1.007790008580457419e+00
9.830176370521681584e-01
1.046971750612915253e+00
9.001709081199442686e-01
8.597425491380925600e-01
8.829407764205214892e-01
9.765168709155158666e-01
9.733564214329182285e-01
9.937304768423248502e-01
1.199255697010544797e+00
1.066081738235739929e+00
1.003746863349170404e+00
1.078440316262753829e+00
1.085904639935309612e+00
1.042998860655163451e+00
9.867132535221659895e-01
9.883578213194035289e-01
9.071864228718276024e-01
9.342901622334589540e-01
9.193437552139506197e-01
1.071548850912928064e+00
9.543690720214363932e-01
8.768368136593507334e-01
8.156941690542444112e-01
1.021423231258716369e+00
9.947539071545254963e-01
9.910860001397534536e-01
1.000476666923626023e+00
9.663295683513980494e-01
1.132444786637405443e+00
9.517630551358344793e-01
9.470272604463649824e-01
1.130247718898974796e+00
1.046646070511098703e+00
9.323746871940836733e-01
9.817942320433297176e-01
1.073949827390662026e+00
1.077029230239720636e+00
8.803315559833173598e-01
1.206310587827924330e+00
1.033961225721388377e+00
1.010585463036836940e+00
9.852978854566312172e-01
1.033900297314067629e+00
1.081616779754285718e+00
8.984732125698045024e-01
1.198422530646909401e+00
1.115206963961349773e+00
1.106629790238707667e+00
9.343847496360881966e-01
9.258232130185291009e-01
8.331505819841110716e-01
1.045511434345478774e+00
1.060540679356506866e+00
1.198569195560193812e+00
8.602083077479323325e-01
8.609790970669903842e-01
8.371987132571034884e-01
1.035237105992058648e+00
9.141116587441411312e-01
1.082481494556366108e+00
1.089303296074755956e+00
1.003906509839269656e+00
1.109254475160499798e+00
9.801109230234525960e-01
1.074580612311668570e+00
7.914558270078011493e-01
1.060345167837628111e+00
9.599013158442242233e-01
9.654267908216238592e-01
9.764628539267854457e-01
1.072609951608510581e+00
8.388018768023031146e-01
8.573033689867533003e-01
8.880810978062261274e-01
1.011322614108077333e+00
8.200508039205999244e-01
1.197612496957680461e+00
9.429599086721782708e-01
1.130149562197382940e+00
1.002060595538599275e+00
9.954219707530531647e-01
1.161400921802966613e+00
8.190421825886438079e-01
9.188215586419021808e-01
9.469720971903106133e-01
1.024386997755090789e+00
9.365745849608627660e-01
1.200458510961324388e+00
9.868484938423282005e-01
1.044620633669352205e+00
1.040683157824132010e+00
1.138807378163926742e+00
9.505735799702816902e-01
8.410204905639654394e-01
8.668135028698484845e-01
9.708906251408560006e-01
1.033168806826055386e+00
8.806550860225583754e-01
1.185075906549931002e+00
1.009515376853171276e+00
1.071352279801351060e+00
9.835547506052328970e-01
1.067580559401027473e+00
1.059608025676727738e+00
9.982169075536950764e-01
1.075791323844150771e+00
1.106504525700360952e+00
9.511454056603710905e-01
1.146765990508813671e+00
1.103291335449070765e+00
9.819324325912650586e-01
1.094425169118480090e+00
8.868861116203785588e-01
8.437025923790062443e-01
1.017050977645525656e+00
9.630902492628381495e-01
9.981619326769045619e-01
9.161717821308364984e-01
1.037464131004209422e+00
9.150783613953372697e-01
1.098623106027144747e+00
9.775414249360487862e-01
8.033562309300197324e-01
8.700681489961318293e-01
1.123418790776625986e+00
1.098361233267762138e+00
1.126604712109917861e+00
1.035703157927143403e+00
1.144952720684736303e+00
9.759003431391621852e-01
1.046836360400898336e+00
9.179844981201319420e-01
8.505920882693756013e-01
8.040508892569999677e-01
1.020047104670653626e+00
9.142368044174598030e-01
8.949162265885142187e-01
1.140244576867868398e+00
8.516097179885893098e-01
9.540652976650305650e-01
1.184277234856862648e+00
1.056883339824275181e+00
9.163583658468339443e-01
1.060225776748505711e+00
9.435446178348212420e-01
8.565276852282182052e-01
9.955926198575248964e-01
9.410151822130596866e-01
1.065745213866717167e+00
1.167664634351696540e+00
1.013434257696983920e+00
1.159217869114148591e+00
1.181754169361749929e+00
9.181949361162393686e-01
1.081127597790744188e+00
9.942106110441935041e-01
9.279570346584324891e-01
1.161121194209455032e+00
1.035554177273711574e+00
1.069983220263985180e+00
9.453835693898748893e-01
1.113317104252616208e+00
1.019168943682577710e+00
1.199634117769384334e+00
9.823871021904883039e-01
1.134093401662554124e+00
8.710332708436900884e-01
1.006468102961587840e+00
1.022080823672878003e+00
1.059619060356465248e+00
1.027035812322246056e+00
1.067100541492925991e+00
9.794142569316541813e-01
1.084626840173949613e+00
9.016137057284361322e-01
1.046990935596812555e+00
1.129012872978518933e+00
8.506724078922223153e-01
9.800402670320140786e-01
8.988032958936965633e-01
1.102638067486644724e+00
1.170909661917452826e+00
1.006773268346394801e+00
1.015787776681491117e+00
8.615782766477515509e-01
1.041929107074863969e+00
9.075651893704306250e-01
1.174368986006082860e+00
8.944599772935986071e-01
8.575561117123913224e-01
1.073666094620268741e+00
1.025349075871159421e+00
1.107486667243982037e+00
8.745576987849443817e-01
1.073630309850556852e+00
7.769314968903486829e-01
9.802887515479046243e-01
1.016878857684576420e+00
1.110151758134106936e+00
9.175810292462510676e-01
9.590269807963138771e-01
1.003020904000740954e+00
1.024642378160399492e+00
1.133833035947549250e+00
