1.157481188783923143e+00
9.252109346627246378e-01
1.077891201417467970e+00
1.064682054477831930e+00
9.782822514576146045e-01
8.427886472876376933e-01
9.931732295884242445e-01
1.066920440042088858e+00
9.546102234939934927e-01
9.658845695962909872e-01
1.094072976140449294e+00
1.058618552887030662e+00
9.552408489644295120e-01
1.081542373674331259e+00
1.004742185216700667e+00
9.225174125179246287e-01
9.353351524351796176e-01
9.557685231637795820e-01
8.579451812465368477e-01
1.194601703838476192e+00
8.438560370931520449e-01
1.033663653036603236e+00
9.479167698260347885e-01
9.816106385309429916e-01
9.461079282097045740e-01
1.154692607604194787e+00
9.511833734902113147e-01
1.053561382981087924e+00
1.006222758158851649e+00
1.089355506794139838e+00
8.815971113487348632e-01
1.092382940869136121e+00
1.097456172536302343e+00
9.849513966345400107e-01
1.194796197827216355e+00
1.033903218371060584e+00
1.142530276068047801e+00
1.035893811304539947e+00
1.007112367273939713e+00
1.029370606896697904e+00
1.048697942769629243e+00
1.186229373713990620e+00
1.022217971002121972e+00
1.042815294107894974e+00
9.737748773700291016e-01
9.696201090731172423e-01
1.065136747088505143e+00
1.017350619329195682e+00
8.816843714483124650e-01
8.513111555603235514e-01
1.061811910700560357e+00
1.070961349981287114e+00
1.001196528939939601e+00
9.681177815784912655e-01
8.789166502133046732e-01
1.034296352145551712e+00
8.919126608864320627e-01
8.180973598288583393e-01
9.238883490800043896e-01
1.124277143871295070e+00
8.842173517109932490e-01
1.150598815462121838e+00
9.320113013466473362e-01
1.017373623418211803e+00
9.386945931461759818e-01
9.163737121920429995e-01
8.929523114426671793e-01
1.060427197915310371e+00
9.823455204329626378e-01
9.874236607642373764e-01
1.018236870549074968e+00
1.075896304583737750e+00
1.087896992370808835e+00
8.330887193212231923e-01
1.052452526260469146e+00
1.084899968534920545e+00
8.826487324041210059e-01
1.156214499493569470e+00
9.748657129248807784e-01
1.132568612461505975e+00
1.025470853678251748e+00
9.561750956998544826e-01
1.109539716466150683e+00
9.751435110428818831e-01
9.214528402363901805e-01
7.864085179567057438e-01
9.835384376826598052e-01
8.522790647119495855e-01
9.545381515684172591e-01
1.043346622152547809e+00
8.564247656917830520e-01
1.045293555446089373e+00
9.504714677934382738e-01
9.796479082682023609e-01
9.634939460761393626e-01
9.283582490937024589e-01
1.099998524762014540e+00
1.029221487189599493e+00
1.015652414977517681e+00
1.216884391649526220e+00
9.439638466565500874e-01
1.022403784714866370e+00
1.064773169991609425e+00
8.856977541924868635e-01
9.908808502447021826e-01
8.958768248783554045e-01
8.302781347557172120e-01
9.864718847789399891e-01
1.020324111944798995e+00
1.098410566517852294e+00
1.181739911245872188e+00
9.843509032501887024e-01
9.116648263673218233e-01
9.929628838048665251e-01
9.734339676837990840e-01
9.160144675996964025e-01
1.035838539824046389e+00
8.782375063748666388e-01
1.016276916905622940e+00
1.105201822899317676e+00
1.100505389981332183e+00
9.024009301118316451e-01
1.123981031647044881e+00
8.683986851468905588e-01
8.518599364063097479e-01
1.046538195722506615e+00
9.570396113200940746e-01
1.188484696874501978e+00
9.015279433679830312e-01
9.597693420934805264e-01
1.104727868844791239e+00
1.035544920636838562e+00
1.135410047270703604e+00
1.068273330842611335e+00
1.176338915228378079e+00
1.118754892631589559e+00
1.069428038262054681e+00
8.578090188472164979e-01
9.207457794820210761e-01
9.579128668176160044e-01
1.113264459349394331e+00
9.658805268571635239e-01
8.884785420291665403e-01
8.492331932370543734e-01
8.647135654494955137e-01
9.607934775719854104e-01
1.081769802109461054e+00
1.113171061877730184e+00
1.002681015424610633e+00
9.605040195390019964e-01
8.948622015814358122e-01
1.032700242253391965e+00
1.140764448630834371e+00
9.168216559323293380e-01
9.604035930309667846e-01
8.089759082993508432e-01
8.718722825723494996e-01
1.010928890213071085e+00
1.086636494693630883e+00
1.069051408888868071e+00
9.856746273452465790e-01
9.372223308538569775e-01
8.767290304739578932e-01
8.925098839784008087e-01
1.039290801541233433e+00
1.063374033618699865e+00
9.769714217034193293e-01
8.842746775933967296e-01
8.514467313498562673e-01
1.030523937693538228e+00
9.502199100022077349e-01
1.087847830068494837e+00
1.078725340297364443e+00
1.049329765831611194e+00
8.613570959733426458e-01
1.107314548581815439e+00
9.339848483201036444e-01
1.073224032231338221e+00
9.447423719777974238e-01
1.008789522096376068e+00
1.072594191390935370e+00
1.235164720079284129e+00
9.202817534876807093e-01
1.021815750165563363e+00
1.046914581102666109e+00
1.081022233731888438e+00
9.489265065246812458e-01
1.016181308745704115e+00
1.018230674726287477e+00
1.074888309942438225e+00
1.119520000391342363e+00
9.225889252812347063e-01
9.393364746574541790e-01
1.112673432360412384e+00
1.127112322985986514e+00
9.852835533148474045e-01
9.591095771648221469e-01
9.593556332878778736e-01
8.757873690126007915e-01
7.858678130737857259e-01
1.099707151705737296e+00
1.032019881373271275e+00
9.553783064895857713e-01
8.409956210269745602e-01
8.562504809281372697e-01
8.454898312713852171e-01
8.283638424536556855e-01
9.651160197445172173e-01
1.070603659118374740e+00
9.179066330820164765e-01
1.020619535346885653e+00
1.080195450186071771e+00
1.123288812439776407e+00
1.009352591241282182e+00
9.272486365040792933e-01
9.235840886650497072e-01
1.009531134983123524e+00
9.133677207784278718e-01
9.486202184799977788e-01
8.637997104964454387e-01
1.022360376984728703e+00
9.527880452600585581e-01
9.255199530715260137e-01
9.360530826590035547e-01
1.138721740781793779e+00
1.142047270337233966e+00
7.921086714924998606e-01
1.080370800906057305e+00
1.116970792448992666e+00
1.007435929638723415e+00
9.452475657381329555e-01
9.915970845546446810e-01
1.188176863729045518e+00
1.115710443983389588e+00
1.022190004603042102e+00
8.120344118713184178e-01
1.204373447631740923e+00
1.100526731961180005e+00
9.218233119432144296e-01
9.279351955549626219e-01
9.556555504213457564e-01
8.744453779954708406e-01
1.101712429952023120e+00
1.044528429655842583e+00
8.058265685021507307e-01
1.028355542218380547e+00
9.394032772729279390e-01
1.084611842496518097e+00
1.107411211714981025e+00
1.011807488320800141e+00
9.512566993985183128e-01
8.278764543769532303e-01
7.960675495485902697e-01
1.055540849539448711e+00
9.711537604266802237e-01
1.068688657879380166e+00
9.687883811839919090e-01
8.928967889198804464e-01
9.548063990738595574e-01
7.815090812399390074e-01
9.213200545910946726e-01
9.709114927807107609e-01
1.055066421067273996e+00
1.036716529698215483e+00
8.506139698611087097e-01
9.471331419993058720e-01
1.015079136041526997e+00
1.003184311822994168e+00
1.153987973507777154e+00
1.143743102184816784e+00
1.045586661613636004e+00
1.045498583811173887e+00
1.055443916846469321e+00
1.112643759119968268e+00
8.579512739457515469e-01
1.157103720537571157e+00
1.022095668904100529e+00
9.415085230827324736e-01
8.734547225265854031e-01
9.461777052067924521e-01
8.343943398036901549e-01
9.479195165816571844e-01
1.058815497955264195e+00
1.124591708235531229e+00
1.000492482315650244e+00
9.226597717408686616e-01
1.036284231349436480e+00
1.154141901269140291e+00
1.187324233453520339e+00
8.512204124467299682e-01
1.045093165015531067e+00
9.358700426530859318e-01
9.461372327947207284e-01
7.954033252336736304e-01
1.169895805827784852e+00
1.068126207691498353e+00
1.124558403654348560e+00
1.032665359798178306e+00
9.192135439850944723e-01
8.505797329738882251e-01
1.086427357121469095e+00
1.130644787472192103e+00
9.680461661444230703e-01
9.928551418721469624e-01
1.045716289286520384e+00
9.140829126116756242e-01
1.211850245318579322e+00
8.240553495347636703e-01
8.778870927515347589e-01
8.615373220757984729e-01
8.254045542986294670e-01
9.938882137262369243e-01
1.062709206064353706e+00
1.145902115973097768e+00
1.071126448174131163e+00
1.037169714466546377e+00
1.044012484495359772e+00
1.102969358878320705e+00
1.145749884283741249e+00
9.599092845125056783e-01
1.051482161541093419e+00
1.064359379880273071e+00
9.873529098111959446e-01
1.188872578874702990e+00
1.068251967935969438e+00
9.435396809890728154e-01
1.009832979234954298e+00
9.106221389453814652e-01
1.177945881986241616e+00
9.805477561496358518e-01
8.282389207146916288e-01
9.934652553609100156e-01
9.202956171142874231e-01
1.073276875193937663e+00
1.119515824079728716e+00
1.022952322995559715e+00
1.021632314683165177e+00
1.028409348932423306e+00
1.016801730218035438e+00
1.025643169977232816e+00
8.959644023076815955e-01
9.188777132558663130e-01
1.037965036924407336e+00
1.013801324505616996e+00
1.153036165931287549e+00
9.664723772533625468e-01
1.130038020362223783e+00
9.550148201166126505e-01
1.090031915747451619e+00
1.065486882670877655e+00
1.033070824374724195e+00
1.015326831385121364e+00
8.135495173626798859e-01
9.519456734216105165e-01
7.974457911293897361e-01
8.258397486131220377e-01
9.792845160472704036e-01
9.952362519213187042e-01
1.128166767565900397e+00
1.219071861935173029e+00
9.924163242596465428e-01
8.632580576722922450e-01
8.321091582238473450e-01
1.020355464266229140e+00
1.109272168184414653e+00
1.085233386321405202e+00
1.166335706098053482e+00
9.958222169259445256e-01
1.124521375988607907e+00
1.124204094259912967e+00
1.050745407202652082e+00
1.098534112938913898e+00
1.097437081716372109e+00
9.109045434317128986e-01
1.089642237104074818e+00
9.227809305582279631e-01
9.474573176159664101e-01
1.086012703976587446e+00
1.067315077523923739e+00
1.000602154056067894e+00
1.028472393306332444e+00
9.203876032063036394e-01
1.214547445552631721e+00
8.669330458279943530e-01
8.529837505427705358e-01
1.025193041037232078e+00
1.112922331884954819e+00
8.711572183101548017e-01
1.074622038971356552e+00
9.806814698732404523e-01
1.193416406531578655e+00
1.044380326565410577e+00
1.077465336990792943e+00
8.714479848545177987e-01
9.671477111363325774e-01
1.156794317230436686e+00
8.380589708825822992e-01
8.709937418650357532e-01
1.024107541644639463e+00
1.022971779213694088e+00
1.158332872461076413e+00
9.961247739527523404e-01
1.134960656250832089e+00
1.194979361699056941e+00
8.953843020572702649e-01
9.387321830410169099e-01
8.366365049785807750e-01
8.872325507936561495e-01
1.024034541764303530e+00
8.488341390031398648e-01
9.174111249085032949e-01
8.430654535839521291e-01
1.059091076283262378e+00
9.843882649603346024e-01
1.047317002117564400e+00
8.172016612267919422e-01
9.349232659180863880e-01
1.110781082567432687e+00
1.004283797988747784e+00
1.035311497579171736e+00
1.099746026061400261e+00
1.083564670639756589e+00
8.420691746313371251e-01
1.053943751985229715e+00
9.777847893439753912e-01
7.836709690120107208e-01
8.695943708785671689e-01
7.795079707521008761e-01
1.055618939561740577e+00
1.034542700242835567e+00
9.450615789713776582e-01
9.397436353049497537e-01
1.011060558323702230e+00
9.292852835488419894e-01
9.884314393241255825e-01
9.412000448516153472e-01
9.864782475535378570e-01
9.783890722190090594e-01
1.034175657917634217e+00
1.140472494241054235e+00
1.024973753459042847e+00
1.167291800940480906e+00
9.891484183596990221e-01
1.034198670544031140e+00
8.496638690281743678e-01
1.129583609445995451e+00
1.168719531418015656e+00
1.083171824057340027e+00
9.538065171765122141e-01
9.089933058169445967e-01
1.010431972574427739e+00
1.089481723911295274e+00
1.098236899379120279e+00
1.020593154674431347e+00
9.289916364342818422e-01
1.064242984821803129e+00
9.057475022278442811e-01
1.128864804964364810e+00
1.033481837309578211e+00
9.552130393078626103e-01
8.446625656593729214e-01
9.527985728844834412e-01
1.123813147221737641e+00
8.816680273691280822e-01
1.005905908114157921e+00
1.038216258640465073e+00
9.569184040627445320e-01
8.937623610891182180e-01
1.063496457286591701e+00
1.196938536090460747e+00
9.383520578654434008e-01
1.102978970249705482e+00
9.852189178578184547e-01
1.091241245707077923e+00
1.189941842240666237e+00
1.126169451833361368e+00
1.112278009486571850e+00
9.894139399186103745e-01
9.875496773501122316e-01
1.131016866715147673e+00
9.838263005918593818e-01
9.321536078985332985e-01
8.633087317328683730e-01
1.137469532477677792e+00
8.830565152848439681e-01
1.074864141887376334e+00
9.307399769828696989e-01
1.111770422569311467e+00
9.423798683789470498e-01
9.005044308253220553e-01
1.076482657499777673e+00
1.106432149849646995e+00
9.825316698226720380e-01
1.003991702842820910e+00
9.860156922899577792e-01
8.473151401813213690e-01
9.239584055786251859e-01
9.704912103369882637e-01
9.734403360746077816e-01
8.290623615460558371e-01
8.216302250670689533e-01
1.072613179250003101e+00
8.073816319694422372e-01
1.151388123226579463e+00
9.648597416222088885e-01
9.232344249304800243e-01
9.389755676410237450e-01
1.201349898497429347e+00
9.308632402026117969e-01
9.889301964882100116e-01
1.140998309326302085e+00
8.666057466647187901e-01
8.847160276946550717e-01
1.185261894461404175e+00
1.019639746389807922e+00
1.067322394428415810e+00
1.191784035901357841e+00
1.024970075422425131e+00
7.978927504535349158e-01
1.156198120235520266e+00
8.961141566461006125e-01
9.989032301202847020e-01
9.788985864131114489e-01
1.102085901057819672e+00
9.173405238851781718e-01
9.611777389167869279e-01
1.174457951690948798e+00
9.795726754392456437e-01
9.548375347304987049e-01
1.028185538552483180e+00
1.001961326459801738e+00
9.754927684125436205e-01
9.215415129301253172e-01
8.471094581005319535e-01
1.101738122880643100e+00
9.828800349567087258e-01
8.998032138116791590e-01
1.111610051370280461e+00
9.618192853962854727e-01
9.638858678591162299e-01
1.081403640970037605e+00
8.619200470858434660e-01
1.091236559469879630e+00
8.876644352867812948e-01
8.841588232068857689e-01
1.149722821076690549e+00
8.362630984943478785e-01
1.026600722970804069e+00
9.931645809274514125e-01
1.108397200571876962e+00
9.529101514282658503e-01
9.665672186531880650e-01
8.805729544267810738e-01
9.434699234967559578e-01
9.854117138304697709e-01
9.737420305204067539e-01
1.031416067278932314e+00
7.983207809222976348e-01
9.236828388453703909e-01
1.088260123168491855e+00
1.184831334532463920e+00
9.631484735725435176e-01
8.339526868708093676e-01
1.078742146440433869e+00
8.903194517231241001e-01
1.044149865280422196e+00
8.544194755219376436e-01
