8.304029379355897245e-01
8.818069832025337007e-01
7.795225778757804980e-01
8.356268060891303140e-01
9.153007051165367169e-01
9.514440236859261768e-01
9.361788048191657108e-01
9.323915274724052793e-01
8.381441242007129366e-01
9.355716421921338455e-01
9.774767816553131539e-01
8.705523586747587750e-01
8.454535321886245125e-01
9.027215056417794425e-01
8.842292292087206018e-01
1.107413053378960566e+00
9.656035944758717404e-01
8.382268961322256740e-01
8.956970418600327388e-01
8.948432337599100395e-01
1.167003651861679980e+00
9.915287506393892780e-01
9.144318305300269678e-01
1.140161471087443257e+00
9.336342791681847553e-01
1.157075898156244564e+00
1.101491249553795626e+00
1.115512752804411978e+00
1.167398464267019209e+00
1.195488687038366971e+00
1.097749000609945513e+00
9.000222016398531366e-01
9.546855558888418525e-01
9.675975630032243036e-01
1.084934593299427652e+00
9.713516205177069596e-01
1.107058733617625412e+00
9.502609266705610569e-01
9.090287745850924583e-01
9.918606992954724921e-01
8.568247570403901836e-01
1.139998103986922695e+00
8.641311074259673264e-01
8.923429580874751021e-01
9.479045869203586161e-01
1.055016670088574360e+00
1.057688948525774775e+00
9.178476077823125578e-01
9.354541580733534145e-01
8.392976844756502297e-01
1.077319697732226134e+00
1.052235553412665059e+00
1.072993161900423820e+00
8.243006994836467038e-01
1.060247887723235749e+00
1.101274688340484698e+00
8.976595595910050740e-01
1.087135444290544095e+00
1.007046325807589016e+00
1.111005647247666372e+00
1.107565314914559895e+00
1.054461772221261695e+00
8.208252465674232834e-01
9.766545519275767750e-01
1.188292178678209687e+00
9.982489418104669721e-01
9.181714295903424805e-01
1.082416827171853058e+00
1.156218561872500938e+00
9.365891966647194034e-01
9.550010901737948643e-01
7.948750780052076248e-01
1.139794399820238446e+00
9.485440946079093383e-01
1.077427740652459942e+00
9.682901300317048321e-01
8.746938865931982443e-01
9.615206958552728889e-01
1.078690878267040132e+00
1.096129731333279844e+00
1.167906574790368524e+00
8.575764416794720013e-01
9.094379944911756830e-01
1.085762463581310122e+00
9.244112038504561646e-01
9.653705721509160398e-01
9.894518723857633757e-01
9.781262191368047532e-01
8.114963875703442575e-01
1.024864656193965384e+00
9.628086200003824757e-01
9.414725681799436252e-01
8.719310319686518485e-01
9.065430179021336521e-01
8.665332478862719512e-01
1.020030177681901185e+00
9.618054019040057634e-01
1.003275066785232372e+00
9.707589882351455035e-01
1.151240856202822460e+00
1.098382725474274624e+00
9.690106334427309731e-01
9.682651921927132310e-01
8.537577404660493530e-01
9.029825944214848743e-01
9.339191330018181691e-01
9.703811928767929196e-01
9.093746519144794149e-01
9.582683404839587027e-01
8.380236672602467962e-01
8.457588539261987615e-01
1.137967327638982784e+00
1.136485352132471371e+00
1.036469473518249140e+00
1.022285530354813288e+00
9.942654701180591026e-01
8.304506600409053974e-01
9.791658774032208079e-01
8.822169779880411067e-01
1.097279775809909097e+00
8.910839496625877487e-01
1.133492671842404320e+00
8.042173709134063930e-01
9.400629249626812900e-01
1.071917635892903453e+00
1.212070331037312876e+00
1.111209586414771522e+00
1.037504380074451671e+00
8.427769702098171223e-01
1.038357802281437259e+00
8.683309604026283601e-01
1.065313333645918625e+00
9.492654902831796360e-01
7.973473742749863646e-01
1.067982943517226779e+00
1.033984135895912537e+00
8.660385770296732399e-01
8.706841545610910504e-01
9.119501098066903344e-01
8.847583585285091479e-01
1.029849367719632092e+00
1.104961901686532855e+00
9.391067660293960229e-01
1.048283317933085712e+00
8.692620974843343618e-01
1.018507319070334205e+00
9.036422850477933144e-01
1.088388767423317027e+00
1.199021109730704637e+00
9.411979918887996011e-01
7.836463127503219273e-01
9.980528886809050260e-01
9.167140698722751058e-01
9.941976767486675470e-01
9.736590322369702566e-01
1.058077382641033015e+00
9.435198013924503968e-01
9.782104146160071068e-01
9.784963106192583471e-01
8.495984582085980286e-01
9.339657813444713907e-01
1.009268203458397295e+00
1.042703849862513188e+00
8.936675142234248304e-01
1.048901073765923231e+00
1.079609319134345657e+00
1.171876006645198087e+00
8.895918567696864399e-01
9.301954271562098420e-01
9.369230927633571682e-01
9.295257121205102724e-01
1.064691503331144151e+00
1.180678084328574684e+00
1.044622743061005776e+00
1.032738550562360080e+00
9.469886653206462945e-01
9.916360322190276300e-01
1.034769295388666688e+00
7.811962097452347376e-01
1.033381897774281688e+00
1.066962971485228673e+00
1.076230519882967362e+00
1.010090601843283142e+00
1.161299755699800818e+00
9.800415469490002529e-01
9.455536961197914536e-01
9.084318059790879030e-01
1.002796662990051102e+00
1.070016028648343775e+00
1.171758028965863341e+00
1.084383487463066897e+00
1.083481522159553734e+00
9.595817125923629121e-01
1.046101744599765571e+00
1.003413748282881324e+00
1.093199686406624016e+00
1.179668429778926164e+00
8.639158633867927151e-01
9.135716383281760056e-01
9.437687954988854822e-01
1.040796674677196165e+00
8.861745937771385861e-01
1.164701338679217990e+00
1.166422292656819737e+00
8.952521012431797764e-01
1.108639564464529048e+00
1.117984335408901186e+00
1.088878261739542719e+00
1.094769463289965605e+00
1.019363183825144237e+00
7.992449258195357675e-01
9.000664114829339812e-01
9.653501102989765492e-01
8.464639525690340616e-01
1.074263527795955797e+00
1.003962630747036844e+00
1.068677585603334146e+00
9.561800307831354040e-01
9.660379130585876606e-01
1.107065893768427234e+00
9.201819963857882367e-01
9.062456563092761153e-01
1.136424353900090889e+00
1.126936936874647133e+00
8.972556528690432964e-01
1.061499235453389201e+00
1.009506880441136456e+00
9.948403603191520173e-01
1.013493664170770581e+00
9.142290581321883547e-01
8.629872173599091312e-01
1.151924802001416559e+00
1.041323683756698593e+00
1.068344542198844671e+00
9.246976987908437362e-01
7.997296610738411360e-01
9.794827613688812384e-01
1.024497805949176055e+00
1.050720692081079655e+00
1.101131109632281779e+00
9.897281487376818898e-01
1.126995810478983007e+00
1.187657230201419889e+00
9.626942182715418905e-01
1.129086741046852582e+00
1.137581360611429115e+00
9.868781889722049172e-01
1.000765391050606468e+00
9.597397800712961224e-01
1.153456744625199981e+00
1.147551980056020104e+00
1.067146166177977307e+00
8.717581612882758790e-01
1.162219557507151002e+00
8.856428503360109783e-01
1.138785749436016959e+00
1.092491177551361048e+00
8.515365240754071419e-01
1.182005038810908237e+00
9.793516156223471825e-01
9.816500052957400912e-01
1.033854852864688034e+00
1.022209116339279689e+00
1.013658123808082401e+00
8.820634941105361948e-01
1.004594060372898889e+00
1.043578814620341522e+00
1.055289055839881085e+00
1.110353601145686486e+00
1.055351509169728974e+00
9.383746549851046392e-01
8.983966369884347491e-01
7.979916662238425440e-01
1.073504406485528806e+00
8.439528024277460627e-01
8.796906974642780819e-01
1.154968105389923672e+00
1.067213664372881787e+00
9.441021569986590700e-01
1.096056628140027467e+00
8.532650786548110489e-01
9.923299680722195149e-01
9.449898724098571012e-01
9.740898477787656162e-01
8.432892009497695573e-01
8.994886280707635740e-01
8.675055321095843652e-01
1.061999092035556869e+00
9.921549094083299547e-01
8.709886712798650121e-01
8.859275395586234669e-01
9.118758720188733236e-01
7.857710088457388053e-01
8.154135240937787632e-01
9.048232096873565222e-01
9.749542562986110994e-01
1.209214379610090706e+00
9.912823177154101995e-01
1.117205108279372139e+00
9.950437171888976140e-01
1.117071911455651545e+00
7.741415916847075307e-01
1.118892289829740427e+00
1.012950945610361142e+00
1.060069084565435471e+00
9.835953877982528404e-01
1.139367021070665231e+00
1.070059520069654768e+00
9.870783840727318514e-01
8.181971604034896650e-01
1.027878900074987945e+00
1.086965567257914378e+00
9.925509691915973542e-01
9.264077726708217497e-01
9.510786995397311205e-01
1.066734969504278485e+00
9.311265132262418476e-01
1.063492142143649399e+00
1.105721740844028300e+00
1.080669439173270963e+00
1.128915377314058777e+00
1.134461168075238557e+00
1.045606136470123237e+00
1.085277440962580942e+00
1.123985600733243828e+00
1.086280201035235704e+00
7.736937798070467887e-01
1.101900966303475782e+00
9.043342539265346591e-01
9.699839785592763164e-01
1.015894558444789819e+00
9.807659331339012576e-01
9.674342035976272181e-01
9.970047986438824728e-01
9.725423843369975785e-01
8.196326168979333193e-01
8.092805274656807990e-01
1.150083272764571785e+00
9.849253697970965504e-01
8.665761754606575717e-01
9.839398339282323658e-01
9.744073297139019818e-01
1.176137603520820418e+00
1.003072463231259759e+00
1.125672853236338256e+00
1.027828253582640627e+00
1.046004163386647479e+00
9.453435187989662758e-01
1.138928205226809709e+00
8.179351368187156579e-01
1.004637658307948378e+00
1.028916176898043933e+00
1.222985426121963259e+00
1.008519266752198051e+00
1.016091280929953600e+00
1.072683211307789763e+00
1.123713993793106214e+00
1.094846640839777674e+00
1.018864511709913545e+00
1.062256504304545990e+00
9.804822072413368339e-01
9.832090938064392827e-01
1.135738289770742648e+00
1.145160581154013979e+00
1.182426364584815648e+00
1.155675410992215379e+00
9.880883788364764886e-01
9.956115194648365030e-01
1.173529183112862251e+00
9.464334531406157769e-01
9.394155506445691639e-01
9.507658928253224229e-01
1.053516567502092993e+00
1.000794225969287021e+00
9.247685331824340160e-01
1.165525485374650394e+00
9.088613693655179793e-01
1.081870886556021372e+00
9.723748420020084104e-01
1.140010639541056969e+00
9.700763051500735923e-01
1.050017954094382144e+00
1.013635482993517023e+00
8.059755874410257093e-01
8.519008775767629160e-01
1.021539624819423731e+00
1.067871690453899403e+00
1.048303025027226276e+00
1.153432130155443547e+00
9.391693496514506023e-01
9.551882663925801431e-01
1.007553680988368061e+00
8.350466251793804418e-01
8.798309079040260716e-01
1.128589876458716779e+00
7.755337647622948527e-01
1.032419713889849877e+00
1.102037407974903349e+00
1.143246858086116147e+00
8.683234393572576426e-01
1.058215503241790367e+00
9.466051967333550810e-01
1.013458938373005935e+00
1.029851624403617993e+00
9.104839007986516020e-01
1.141247996530991626e+00
7.955432340174239947e-01
1.185231530607808725e+00
9.945255640362520300e-01
1.050087952362837251e+00
1.171851092576726261e+00
1.003976549478188263e+00
1.061277361259834517e+00
1.066518483756430546e+00
9.568189360346842642e-01
1.124576621556539147e+00
9.370370748992644661e-01
1.060628232197209808e+00
1.143081162038217080e+00
9.462340759064422624e-01
9.318040290843141449e-01
1.066594491891053709e+00
1.119091191360767512e+00
1.005432731719606565e+00
9.536271884406450905e-01
1.133720520941309484e+00
8.914132433850269210e-01
1.055029463797159339e+00
1.077409792108104059e+00
9.714421960282768609e-01
9.268351764810771609e-01
9.848153490957703982e-01
9.956585669304305330e-01
1.085274752652214181e+00
1.191076702241694818e+00
1.207390860905668273e+00
8.837426615522813167e-01
8.298996788319215057e-01
9.614551270068398825e-01
9.403529151642420203e-01
1.018788107198784543e+00
9.120715282535007962e-01
1.192034443336478899e+00
1.074358570033475013e+00
1.084564356690560283e+00
8.387974174959775819e-01
8.962143621187488307e-01
1.106728048307454859e+00
9.204492580517654732e-01
9.950337735403900208e-01
8.332144987107348300e-01
9.299916709749798116e-01
9.182428775601799709e-01
1.034107059732819689e+00
7.892743939493196415e-01
9.208851530128012719e-01
1.050450692565300326e+00
8.967449526051765041e-01
1.158857289873728380e+00
1.032386919112650014e+00
1.165307084527425374e+00
9.936269754149729128e-01
7.952376922241684021e-01
1.031349570075769551e+00
9.679545732914702771e-01
7.752977862413636956e-01
8.842449462801826865e-01
1.187846458875823297e+00
1.041013089211932696e+00
1.048803393917147941e+00
8.627783769083570142e-01
1.023250548925766168e+00
9.438963726897237061e-01
1.137263912348483785e+00
8.910308547998194717e-01
9.865105444284216762e-01
1.093305960376887542e+00
1.055645723127455193e+00
8.711154145877970656e-01
9.895057956908963614e-01
9.235362183100547240e-01
1.191706164195903916e+00
1.229292262785071088e+00
1.077306796963432234e+00
9.462421816057289270e-01
1.090503678492461326e+00
9.667665014448958427e-01
9.996110679948997380e-01
1.016232885233235406e+00
1.056138102778793275e+00
9.349272428345696273e-01
9.850747447020005154e-01
9.369895123272606874e-01
9.856865468217765880e-01
8.877936632461250754e-01
8.373956900796939440e-01
1.172405767435267698e+00
1.064379265399648888e+00
9.199814778665275083e-01
9.825912427969458740e-01
9.898002360198823180e-01
8.798135035190718378e-01
1.196738636573352332e+00
9.246241101262573370e-01
9.032819502925759636e-01
9.395135081983135850e-01
7.924858533896081969e-01
1.030604738253949160e+00
1.063960184847020596e+00
9.898516420664021931e-01
9.298567440690259644e-01
9.767440810128711348e-01
9.503286208288639347e-01
1.007598278609661779e+00
9.806530717428574295e-01
1.154661649021854863e+00
1.157402671529167204e+00
1.190042292269070323e+00
1.074280440775131185e+00
1.119829521978266573e+00
1.085302478303437734e+00
9.362285049037482043e-01
8.378757307389850251e-01
9.436821445000076469e-01
1.032230125677945365e+00
1.143100236169606543e+00
1.009576615478428030e+00
1.097004244286430730e+00
1.033675481314863642e+00
1.031822331309325325e+00
1.139160014363400419e+00
1.137389834367141361e+00
8.928422902972117381e-01
1.079898267672473322e+00
1.075437846473639603e+00
9.203411711053226529e-01
1.087724213824118769e+00
1.131005604255381325e+00
9.371276008556375103e-01
1.102572455435558263e+00
1.031308136326858138e+00
9.707890563290555441e-01
1.025629871341630306e+00
9.417276659251623272e-01
9.354527811911901303e-01
9.021874185469154206e-01
1.216816915175606306e+00
8.622680271464763235e-01
1.072617154263630468e+00
9.958722783043922888e-01
1.056040389140407987e+00
1.018816556036007404e+00
1.171905185056873799e+00
9.939132904786263101e-01
1.063670587851668792e+00
9.526081656350213756e-01
8.928578897155515781e-01
1.039929170525323521e+00
9.270838537091121712e-01
1.091940101854485201e+00
1.096226809498396015e+00
1.072591764967357530e+00
8.309608961305906538e-01
9.758508484020691487e-01
1.080402634058452715e+00
1.010693492895608392e+00
8.870665372464729970e-01
