1.008862405146179642e+00
7.842487730385243605e-01
1.149683535826550473e+00
8.032413815957689662e-01
8.755496976257208797e-01
1.137521493639819470e+00
8.649933200582740067e-01
8.453988349908760913e-01
9.831102515399026132e-01
8.959205015617330847e-01
1.127066371992702098e+00
8.880540657447717479e-01
1.153455773254610683e+00
1.214397302906200737e+00
1.027207508768340105e+00
9.342415431761228461e-01
8.624933802805672123e-01
9.775455888805417715e-01
1.043833896680854467e+00
1.101284844172622623e+00
8.798401413264222981e-01
1.063153356323319310e+00
9.232893835715439979e-01
9.598593588748829397e-01
1.178821252263145380e+00
8.208991564395446972e-01
1.204696276635807139e+00
1.004322448634165532e+00
1.218949498074983540e+00
9.596041440528882971e-01
1.077041279218930114e+00
7.675930708529741242e-01
9.302015315140349516e-01
9.620498744583341200e-01
1.076132123255653772e+00
1.017454626395265516e+00
1.046546454521041003e+00
9.556108111818639728e-01
9.302770595040029677e-01
1.019435128541680280e+00
1.037797943067973128e+00
9.565277537531340357e-01
9.330659518693844579e-01
9.086809706673126819e-01
9.910972711400585222e-01
1.113018140456972338e+00
1.009098881337187725e+00
1.058310342941843007e+00
8.586552694206281977e-01
9.237747039658774639e-01
1.032141571403851765e+00
1.026810389727685902e+00
8.549344467642143730e-01
1.062990935381094015e+00
1.190141850284134550e+00
1.099389052219795104e+00
1.167991349032619031e+00
9.413473082697758620e-01
9.852539411842122785e-01
9.792384138132659288e-01
9.336648974602113071e-01
1.137253206259397853e+00
7.978262500233495036e-01
8.586327372198537811e-01
1.100100782270660105e+00
1.119279850272471677e+00
1.088957994337050206e+00
1.141856845368403706e+00
1.089352794967382687e+00
8.051234614787149413e-01
1.026952641898831509e+00
9.561993225343528024e-01
1.145612350858385975e+00
1.117292755527909742e+00
1.061790730306209740e+00
9.076272788075320230e-01
1.031145913804290215e+00
9.718943033896472183e-01
1.052836593095910045e+00
1.227946863055287441e+00
1.084289922449375831e+00
1.032028237441108276e+00
8.675139409726718709e-01
9.578602095578057085e-01
1.063666003661256410e+00
9.412771649848001854e-01
9.654562930145327293e-01
9.601068777547645539e-01
8.465918587024108266e-01
9.289588650222342370e-01
1.097145529789756546e+00
8.722648964357210266e-01
8.917511034233258638e-01
1.074249424473137760e+00
1.010467540480642246e+00
7.875445021057335682e-01
9.837908207873220512e-01
9.680750666135033988e-01
1.003793484670295832e+00
9.675974974594143685e-01
9.847646358699997382e-01
1.068406777396045948e+00
1.076248330327369107e+00
9.553656921010466041e-01
1.002036733119801015e+00
9.815366358406736325e-01
8.860785910549298094e-01
1.051787590228167701e+00
1.189298902244775302e+00
1.122689204311086097e+00
9.770025717840467028e-01
9.592570961430726406e-01
9.439654564797672620e-01
1.019782709283830524e+00
1.113838770226787567e+00
8.234432796473460936e-01
9.973696195152316202e-01
9.204061634626011790e-01
1.056892029759916252e+00
1.067386189447773193e+00
1.081584296714114046e+00
1.079055267947859331e+00
9.598784182921216157e-01
1.180978993642556985e+00
9.651796354619386342e-01
8.385376895622463911e-01
9.057420438826645492e-01
1.138167449921206886e+00
1.001176528448651348e+00
1.148080448448971946e+00
9.781879577621167554e-01
9.791386225052676195e-01
9.193624366842623186e-01
8.975799280252001466e-01
1.091809095349612679e+00
1.066262088785984163e+00
1.161991423585190475e+00
1.015117703721956310e+00
8.715569784352281690e-01
1.042791650911510493e+00
1.061718954202359511e+00
8.317071178154495925e-01
9.887942261325912696e-01
9.031319791918113182e-01
9.606031756068882377e-01
1.035741738177051285e+00
8.586345338754168832e-01
9.568787549085036037e-01
8.806980246474456209e-01
9.260571733319296062e-01
1.102658801786456255e+00
1.108202146683695988e+00
1.104668910219231748e+00
1.030895323523905782e+00
1.034553118579695452e+00
1.085781442923040574e+00
9.567422261191750321e-01
8.636409336791348590e-01
8.529751831057182931e-01
9.721888216933088911e-01
1.107468265396364115e+00
1.081461840697050869e+00
8.630904637447727179e-01
1.104145014230344612e+00
1.017523672386100975e+00
8.889685171991430490e-01
8.764763754688678077e-01
1.114187401088636342e+00
1.205022422966799178e+00
1.095393517481053403e+00
9.983580359212421707e-01
8.294712347964221522e-01
9.163897819504229769e-01
1.016078726532195997e+00
1.014722564487998024e+00
8.095754688842902169e-01
1.011477994819945714e+00
9.524779801251588296e-01
8.272338218874166760e-01
9.436229094714814192e-01
9.362674441443590290e-01
9.735911040395033300e-01
1.039060808024256932e+00
1.011368253441734977e+00
9.689758864795345872e-01
1.033705391828819931e+00
1.138790891886554357e+00
9.144773725632986405e-01
1.170987106658706978e+00
1.120812179281152288e+00
1.103580813718687104e+00
1.058663612214826744e+00
9.674523471581797374e-01
1.140550513978252134e+00
9.804563010523921207e-01
1.211354578981214125e+00
8.450953695970953028e-01
1.019781509026241206e+00
1.060222274098394646e+00
1.013997691998337114e+00
1.133735594359553955e+00
9.237427833834745972e-01
1.163583601991474481e+00
8.921167387665731585e-01
9.723264688491460861e-01
1.191620422814726465e+00
9.057572137391068923e-01
1.157085708922448219e+00
1.006616210721939186e+00
9.020030675805525977e-01
8.902014245033489370e-01
8.934513139070353605e-01
9.374353067940004447e-01
9.500781040401813371e-01
1.099134526141847479e+00
1.076249319973173746e+00
9.941022687183456163e-01
1.079344890947079971e+00
1.164952793886804949e+00
9.349807366872509018e-01
8.415905081558359146e-01
8.712055851166935483e-01
1.010806530949221571e+00
9.175334229146773213e-01
1.086414863013041909e+00
9.390013572759177141e-01
9.921066386903916179e-01
1.067072373958862119e+00
8.145695363940271827e-01
1.231776017535803902e+00
8.501358938486103245e-01
9.084405726519488855e-01
1.102452123215427626e+00
8.714667203211918789e-01
1.196406706087352001e+00
1.019511378117007094e+00
8.399864565606030009e-01
9.930364422180626427e-01
1.172053412644313619e+00
1.030146453007270146e+00
9.825067995587070113e-01
9.310981382804632833e-01
1.113607828658686127e+00
8.572910326373217593e-01
1.143253022758911941e+00
1.121273919620535020e+00
1.074565369546871318e+00
1.062754072589491061e+00
9.642672764215538539e-01
1.014252859096490544e+00
9.891834040094260594e-01
1.156832425728299363e+00
9.057883054995246042e-01
1.049112253448710064e+00
8.902013136087294498e-01
8.794740406912784358e-01
9.787745047353696437e-01
8.064836852755742358e-01
1.003857662377231064e+00
1.055509089732820316e+00
1.076320872983151933e+00
1.051251651834000267e+00
8.532259856627752992e-01
9.514876712474726883e-01
1.047313684959865876e+00
9.868065597217725582e-01
9.691515761712692356e-01
8.908098914586189965e-01
1.180351345031737331e+00
1.064977610696009158e+00
9.628701847012925974e-01
1.074926294577328578e+00
1.100250119773328095e+00
1.107646412263898039e+00
1.017934802833467600e+00
9.978802923989801288e-01
9.320984941334395923e-01
9.286927190374016927e-01
8.611840061950820635e-01
1.075984612062839574e+00
1.004625635745260759e+00
7.966017859628629072e-01
8.084276244717866211e-01
8.239486199972998470e-01
8.194523250150790306e-01
1.048331846014820323e+00
8.110969051704240984e-01
1.016146752165671074e+00
9.565172687198861823e-01
9.638396636113777394e-01
9.838986634527748798e-01
9.281392692262804278e-01
9.162262958862448237e-01
8.662703578138639671e-01
1.022038449159081708e+00
1.033649310841944446e+00
9.600448532329555196e-01
1.116575083431293747e+00
9.657282662103561233e-01
1.072965061750458249e+00
1.066170509263874688e+00
9.033716512948222199e-01
1.052457386932101890e+00
8.065837153741930443e-01
9.283099214535148747e-01
9.573587932682799950e-01
1.099549474663495729e+00
1.059137944312369850e+00
1.013943725978210919e+00
1.103241882572251864e+00
9.792495672718201094e-01
7.912647371340872926e-01
8.319379152925105991e-01
1.017741884310979339e+00
1.095435729277787429e+00
9.352231581625292112e-01
1.066322524735096700e+00
1.149578692332251739e+00
1.038009129474638748e+00
9.424313285842200738e-01
1.096385940722667485e+00
1.097439434358773225e+00
1.153711612048805346e+00
9.807224269889671664e-01
1.021080168020273016e+00
1.005811772655002212e+00
1.004076678339482775e+00
9.928064237053570995e-01
1.070642644910160035e+00
1.036386323567981105e+00
9.076714332270467978e-01
7.709770530117729948e-01
9.332500112380551771e-01
1.123807440541933156e+00
1.075654692426874171e+00
9.157974084474935772e-01
8.242594961856916091e-01
1.047545008678083756e+00
1.005226613669240265e+00
1.201449712441711171e+00
1.130867475653547061e+00
8.406154798026744812e-01
8.704205485098129857e-01
1.014874574072094804e+00
8.673523397915166022e-01
8.576137056738779574e-01
1.173410308991279960e+00
9.439523416319285376e-01
1.089962540654400236e+00
1.167122199787452574e+00
1.116271317237643279e+00
1.091623120174672001e+00
8.996110762592476329e-01
1.119291013517565769e+00
9.645091846175746220e-01
1.065792093659597928e+00
1.093871844521523640e+00
8.910898605035822984e-01
1.120329582995943429e+00
1.209210965867998144e+00
8.169016298101920981e-01
1.035764224131253242e+00
7.610226110723068427e-01
8.713855756603343661e-01
1.003487170728050604e+00
1.113578846117445842e+00
1.192016963191917300e+00
9.555147695607424385e-01
9.683976949477953733e-01
1.074273805603647380e+00
8.906385643264167484e-01
1.002611817622492518e+00
1.051966598251299789e+00
9.917388594301839166e-01
1.134037642568704651e+00
1.024523702284344084e+00
9.719545885893331461e-01
1.193352715181152490e+00
8.822303898023808877e-01
8.154987188875575388e-01
9.401975459127600576e-01
9.925342283844273972e-01
1.160732777253348003e+00
1.057520544115656103e+00
1.063639455944908940e+00
8.497848309663089683e-01
1.044476053739467725e+00
1.149156731389434194e+00
8.807593084511431414e-01
1.091209848028759533e+00
1.033281355892543996e+00
1.159676781878026697e+00
1.066779041088022240e+00
1.190833178185527474e+00
1.220106329491529973e+00
8.815380749053747245e-01
1.048983754884314834e+00
9.047262779173201874e-01
1.076611495424717679e+00
1.065643720893002078e+00
1.028205064186451745e+00
1.173534275368680824e+00
9.217201933428296190e-01
1.090640077759806870e+00
9.615135117604938220e-01
8.671465856012773310e-01
8.834723632099926727e-01
1.052285478928888907e+00
1.048275549180083033e+00
8.743608029046050500e-01
1.135359317547699920e+00
7.662551937245855038e-01
9.172683773412593222e-01
1.005004342317166177e+00
9.676559640488012759e-01
8.147180343134465819e-01
9.025110724707680054e-01
1.128449394566517272e+00
9.637089109353051963e-01
1.167322758692011853e+00
8.728791605212806726e-01
9.745061143285542737e-01
1.013384729870156153e+00
8.604413402697564939e-01
1.009882462862981889e+00
9.273286144057349967e-01
9.670804705267062040e-01
9.944273875635332161e-01
1.087142372780794064e+00
8.423065707063901453e-01
8.390655197871710325e-01
8.584452165438825055e-01
9.826177096825507995e-01
9.800018120642848274e-01
1.060001943768740240e+00
8.704163533599251767e-01
1.023230871988007662e+00
8.675938994978333874e-01
1.029771634402749658e+00
1.046226562641862534e+00
1.008264413742122834e+00
1.013610022644145348e+00
9.181409832233125012e-01
1.083175671485266500e+00
1.103653901941052728e+00
1.141198743526146364e+00
9.389149418916041823e-01
1.198794177769174851e+00
9.899982108174973927e-01
9.849252581381262583e-01
9.510993618332133082e-01
8.921617024436898635e-01
9.813658954633051046e-01
1.215139615659752259e+00
1.066458339645063758e+00
9.693644087720822977e-01
9.150464047461548400e-01
1.133237527637422470e+00
9.826024482931434711e-01
9.918355076771532275e-01
1.174503218625381651e+00
8.417227206417534635e-01
1.098667258255314527e+00
9.640090169429407219e-01
1.082747379835893309e+00
9.831539950423833218e-01
1.184293286124842082e+00
1.162510007118196409e+00
1.034381172628682677e+00
8.278044785626181845e-01
9.948034121857611822e-01
1.082851301809440336e+00
9.316426208093726569e-01
9.402565917119611871e-01
1.086416043369697881e+00
7.959998157968712906e-01
1.202662487779616596e+00
1.084252031473263544e+00
1.042874410496916759e+00
9.497993012873140461e-01
8.486244759681790262e-01
8.570110513967899024e-01
8.891227031221623500e-01
8.807078710757989537e-01
1.103203083243435634e+00
1.047302778166781412e+00
1.129384945051870037e+00
8.888130488262437900e-01
9.020988487406216283e-01
9.715418141205482971e-01
1.023181711205955802e+00
1.051920435908667129e+00
9.469619497682008058e-01
1.110744498884224329e+00
9.048633333064981521e-01
1.025399006741300356e+00
8.638864479237640115e-01
8.953611501179439269e-01
1.218113141773094821e+00
1.041699360682187159e+00
8.842903340424244085e-01
9.594475078340218843e-01
9.214610282993286328e-01
9.973054596110856318e-01
9.164362910203727175e-01
9.764370071212316038e-01
9.707451557824895438e-01
9.404277228830038027e-01
1.014023996836924013e+00
9.652824301523899031e-01
1.032759159329531329e+00
9.862947837292239672e-01
1.066120883072655401e+00
9.488370650928221739e-01
1.018256317282411727e+00
1.098320656174908150e+00
9.298681951839260496e-01
1.171503007940538188e+00
8.353674232881000972e-01
1.008415586772946071e+00
1.005972296416318912e+00
1.004823538591840926e+00
1.125786646944184843e+00
1.161426576850846271e+00
9.586224333238606565e-01
1.090658376953948183e+00
9.768985170713229138e-01
9.671275233469511790e-01
9.222056184517757327e-01
1.078682124695875988e+00
1.051911090917563296e+00
8.567424465579096537e-01
9.249885346633295313e-01
1.194200329613699152e+00
8.748850158450576231e-01
9.382877851296624883e-01
1.052940950253115959e+00
9.188501336492723714e-01
1.146007937645822317e+00
1.114710558616199165e+00
1.077214159979625885e+00
9.225107712003590699e-01
1.087463414064159029e+00
9.486344438497109621e-01
1.057364943761191167e+00
1.057154197172197385e+00
1.036315245729233725e+00
1.221768942610905295e+00
1.032569691236256526e+00
1.104039107538915543e+00
9.292111506487583661e-01
9.634762835132075764e-01
1.032694688230730407e+00
1.021027071665062680e+00
9.041009600812850433e-01
1.142002074971309789e+00
9.022606343494753434e-01
1.076049181828044432e+00
9.440291683088533059e-01
8.636969351747927348e-01
9.146738385384851622e-01
9.376562151219446362e-01
1.039066004772011942e+00
9.031427802148764838e-01
1.040929703337957868e+00
8.482847845604530868e-01
1.196503610818978602e+00
