9.829788831500172464e-01
9.751103855279232846e-01
9.676626444530824767e-01
1.005434981462383526e+00
8.548681264146138492e-01
1.062720667852737444e+00
9.091785242734697903e-01
7.784908301185422541e-01
1.117402136196369522e+00
9.201756855809926083e-01
8.931583659937769593e-01
8.257697230813345612e-01
1.095300689515973813e+00
8.982088039483941966e-01
1.064095762666914524e+00
1.039702294354350576e+00
1.018126620483083000e+00
8.963360224678258437e-01
8.548487217986876496e-01
8.384367596956541213e-01
8.681661374093374572e-01
1.081822981625808255e+00
1.134834699532780711e+00
1.016940216414785159e+00
8.198432105114827895e-01
9.996016971433538956e-01
1.079422841889634554e+00
1.027821721354277296e+00
9.206403173775217219e-01
1.081613535952751226e+00
9.657852470665703182e-01
1.084854020000350472e+00
9.963021322070002572e-01
9.992628161489698346e-01
1.183501867131009355e+00
9.505382246434705973e-01
9.393679106078991481e-01
1.073311630830457997e+00
1.090497154556389292e+00
1.009094618236658247e+00
1.202247099704660593e+00
1.025847731985633837e+00
9.280332311455747885e-01
1.002143044640182890e+00
1.146202397817360996e+00
1.065221287578879572e+00
1.160006612346468957e+00
7.996834822984453250e-01
9.334952129311306912e-01
9.279801867785272274e-01
1.157670020008221723e+00
9.040244090367257623e-01
9.862659262973421104e-01
8.694921278210152593e-01
1.041962690844837613e+00
1.125196611045989448e+00
9.726296117935491203e-01
1.103934819414373880e+00
9.252888394953842077e-01
1.068436455396401419e+00
9.921145633524041108e-01
9.305420132113755294e-01
1.099717888715107339e+00
1.061572882473947876e+00
8.352920968396719825e-01
1.161992329285146175e+00
1.049851299643988156e+00
7.971392790408631246e-01
9.840069456501414624e-01
1.139624901948806279e+00
9.124871380965993151e-01
1.038423977121067043e+00
1.076370739709252122e+00
9.286296461691112558e-01
1.041257103997793587e+00
9.520295418775697183e-01
8.454358419769443245e-01
1.037999336085771773e+00
9.419382004133247666e-01
8.210399124199243559e-01
9.272930755198897090e-01
9.311296523490724120e-01
9.600871678024813782e-01
8.381732776660159034e-01
9.459932890248127224e-01
9.708355853809600422e-01
8.464079586822493839e-01
9.766826029878032944e-01
9.395585016898440056e-01
1.123562002907839474e+00
8.349191597132015197e-01
1.028911058322324656e+00
9.263370577123964944e-01
1.090229528161469119e+00
9.844507067108636544e-01
9.558497830594183675e-01
8.399686185298187446e-01
1.066726915572461909e+00
9.460055208745516975e-01
9.227725978055247857e-01
9.114531945524447787e-01
9.352848509793330045e-01
1.013622789421492643e+00
1.083939204787234711e+00
8.108512317100573519e-01
1.128451312658104833e+00
1.098674696588662236e+00
9.203098680609536064e-01
9.974296580519059763e-01
1.123490716741632811e+00
1.008662574161484082e+00
1.077338744943473259e+00
9.287270464369363765e-01
1.037542796400615197e+00
1.001196514272728377e+00
9.294613412918037998e-01
1.024369263047356871e+00
9.745391292942207073e-01
1.045117591282359371e+00
9.931225157879361998e-01
8.683546603109822959e-01
1.014987731761704204e+00
8.997887572549364554e-01
8.415768218885758545e-01
9.223863847085607137e-01
9.437039291209075031e-01
1.004525845383611893e+00
1.067182430241861102e+00
9.372149032947436620e-01
8.951394123501441591e-01
9.154708576345826909e-01
8.425230440686194422e-01
8.533923625285806391e-01
8.556243491332540252e-01
1.040060287103092618e+00
1.043560188614576667e+00
1.157523055228860231e+00
9.579335077749173699e-01
1.066706126123611043e+00
8.833657595038437726e-01
1.001663845461559399e+00
1.047766547003652793e+00
1.052896407586028982e+00
1.052077122397534037e+00
1.092022935284044038e+00
9.597543096163062559e-01
1.006635797866607174e+00
9.013560319505202756e-01
1.192716765238517995e+00
1.050993948623351937e+00
1.003497574435364026e+00
1.132654948769193037e+00
9.672011378063944953e-01
8.794431605220489612e-01
1.002129762492133036e+00
1.102626843798244050e+00
1.006864050257391785e+00
1.016653038931276232e+00
1.154357306784404180e+00
9.010516162024455600e-01
9.497653199140135838e-01
8.034706488175920036e-01
1.176563878404664143e+00
1.003849466047856964e+00
9.726006542007961109e-01
1.112598054236435763e+00
1.043997203370590654e+00
1.019753321750212827e+00
1.050020201938114184e+00
9.157720014200290137e-01
9.205022335518464605e-01
1.034959668190931659e+00
1.029497532273607074e+00
9.331015854252653341e-01
1.026280492807997158e+00
1.055627941880893372e+00
1.022012359821361516e+00
8.570579240392977027e-01
1.165987223554060259e+00
9.176849639635635825e-01
9.922511475100019851e-01
9.659184833972295214e-01
1.064735130720320555e+00
9.563185051903415612e-01
9.371743218760604233e-01
8.817418801344816259e-01
9.675392725920122228e-01
1.091546060686723330e+00
8.653026595728740000e-01
9.857747123083280272e-01
1.135105386539750905e+00
1.067443619560217938e+00
1.035741088372406082e+00
9.130577959594334825e-01
1.031891969665560627e+00
9.814475845415560062e-01
1.047941351526041398e+00
8.678452376978398330e-01
1.154506979911956721e+00
1.067557590605090478e+00
1.092451558209506679e+00
9.615263893015906227e-01
1.068345350484004364e+00
1.175279588084191307e+00
1.049611312500580151e+00
1.026452597337815353e+00
8.497624088077599946e-01
1.034448189195539936e+00
1.046777433206509622e+00
1.068354325653224191e+00
9.068677079488505210e-01
1.092937726639140905e+00
1.012412406881172844e+00
9.223651542575315165e-01
7.992206590830119861e-01
1.016525031156796155e+00
9.844293401006244393e-01
1.001903244488096423e+00
9.399249708137777937e-01
9.866993936726558001e-01
1.115047504326326377e+00
8.955503585543542755e-01
1.063361317682393281e+00
1.094346289410860873e+00
9.553663263790334037e-01
9.661560571956011589e-01
9.148438875680293680e-01
9.831071512841527138e-01
1.083117308056001926e+00
1.040558472607826745e+00
1.114709065575519409e+00
9.665602861958009218e-01
1.085581041077114728e+00
1.044352734322107512e+00
1.014350014745458495e+00
1.000847565340601042e+00
1.100640190448037403e+00
9.606882038951207736e-01
9.511406086864212517e-01
9.844678257768633145e-01
1.074516529206067439e+00
8.781383996610528930e-01
8.986659745525290566e-01
1.037342175963570590e+00
9.889690308999001811e-01
9.862305716804997680e-01
9.219028005576614948e-01
1.052356112144003042e+00
9.048809587447318448e-01
9.817451665398632121e-01
9.940073642264293241e-01
8.164427843110086958e-01
1.037419431016733729e+00
9.718126192216451908e-01
1.021299873960629156e+00
8.126331397848405302e-01
9.629286152959901646e-01
9.781483805593611525e-01
1.106364043838141242e+00
1.128716429025400370e+00
9.469976157071138267e-01
9.913268668346675305e-01
9.727681637915053248e-01
8.152176592529356558e-01
8.755127481749344076e-01
8.190985731483353405e-01
1.064464936143803442e+00
1.033056021490356580e+00
1.164611300617031331e+00
8.832859340507097645e-01
1.159459147905935961e+00
8.538906316167366173e-01
9.809516566755300815e-01
9.779592035401559746e-01
8.206917948271548191e-01
8.944659769212821576e-01
1.041601418483703023e+00
1.018336393933055861e+00
1.008254772815541100e+00
1.135579146122710714e+00
8.549419421822689324e-01
1.023871407446969695e+00
8.782079498879409307e-01
9.594062183681459910e-01
1.167711011771601193e+00
1.029741811521921901e+00
8.680064344605704640e-01
9.777249437511884578e-01
9.095367723656604397e-01
1.172622942309959004e+00
8.953168562926502316e-01
8.258550443039012201e-01
1.049080778464072772e+00
9.521222349464526502e-01
1.089992597324544565e+00
1.125220509000386837e+00
1.027600252885968457e+00
1.075787896531517296e+00
1.193993281955265440e+00
1.085497091507483081e+00
9.022552193890298611e-01
9.337302216793399445e-01
1.048096011724832799e+00
9.003676046871664784e-01
8.693274611473351676e-01
1.122032321903860819e+00
1.078830741496193513e+00
9.808246092684449469e-01
1.167315725799896953e+00
1.005949285838099616e+00
1.007724084907608120e+00
1.077099940970123626e+00
1.105178937565084007e+00
8.895260733113891094e-01
1.094265058480085040e+00
9.913476630099475884e-01
9.998831487452159994e-01
8.374682036253305872e-01
7.986349536579062658e-01
9.631435704217097271e-01
8.299882908369180523e-01
9.076328632000526531e-01
9.703616114873849785e-01
9.922928913376696247e-01
8.689488432559937525e-01
9.012296058657852660e-01
9.357962050518416897e-01
1.009732198850716411e+00
1.067606676801429622e+00
9.809245723329715894e-01
9.701167053167782939e-01
1.014509665233337632e+00
1.140205878388554028e+00
9.693943015536574670e-01
1.201369108127777086e+00
1.103097330852612412e+00
8.757866416008801558e-01
9.515518857860449931e-01
1.111708371313369970e+00
9.699729385338009546e-01
1.189791624401246084e+00
7.878750084275296661e-01
8.754485103006666158e-01
1.109684287753643916e+00
9.180396761971690855e-01
8.710931482962074313e-01
9.627983863226446948e-01
1.064317188311960871e+00
9.799465831886402523e-01
8.362837200865225196e-01
8.755243299627686326e-01
8.603944212672660630e-01
1.037627858090168109e+00
8.082621584019755723e-01
1.007176937157168606e+00
1.029320046318467963e+00
1.047317808030061803e+00
1.051513797862323685e+00
1.132365221990240034e+00
1.132241652721361458e+00
1.016637131352279733e+00
1.014709194954179772e+00
8.971961594192818801e-01
8.972778061413418937e-01
1.001304248422273169e+00
9.920011813940006196e-01
1.173187185112908093e+00
9.765233912444649667e-01
8.673141907514078097e-01
8.430895248349786764e-01
9.922871561451800382e-01
1.132241138575451833e+00
1.091418325107688769e+00
9.856746271266974002e-01
1.122455393106013055e+00
9.673162790852241066e-01
9.293454260341629247e-01
9.850133846567943330e-01
9.242355893304197156e-01
1.023547280092211409e+00
1.082794755043456680e+00
9.871486025756124327e-01
1.138543679629639538e+00
9.980182316820196409e-01
1.211180066795962018e+00
8.619673605732499633e-01
8.933930138275986144e-01
9.506382283254446453e-01
8.596576493587917422e-01
8.950876944763477283e-01
1.145174536992487058e+00
1.040786466929225718e+00
1.067002321120150699e+00
1.063540560933075918e+00
1.043765580248799285e+00
1.195149521910064294e+00
9.997074302063713169e-01
7.845386036475640035e-01
1.175528250253951246e+00
9.719788192396385806e-01
1.131065547939795080e+00
1.007666599640752336e+00
9.850630694687061428e-01
9.353115148071471374e-01
9.562981601717430724e-01
8.709563870079113368e-01
1.169935502511945558e+00
1.012225986355634655e+00
9.077439351162730485e-01
8.363451277475000278e-01
1.106772789505196197e+00
1.168498964012856689e+00
8.296667932271823975e-01
1.135175797791286856e+00
1.002805196633221652e+00
1.117869094070156777e+00
1.028233108880689084e+00
9.455519767173332646e-01
8.730559220028147882e-01
1.123269381039033288e+00
8.197625569600623940e-01
1.090777819507348090e+00
8.578912832850229542e-01
8.341745955025122727e-01
9.606424004025400087e-01
9.636641875327015550e-01
1.001031694957020157e+00
1.138676045464255271e+00
9.807668292555323797e-01
9.674337788618874168e-01
1.008097152015705156e+00
1.159359339507305631e+00
1.039704644839240411e+00
9.862104655568439959e-01
1.034013129520191532e+00
1.150509531590778289e+00
1.116409841061518415e+00
8.143782542712656447e-01
1.034392364553177845e+00
1.153664334325226859e+00
1.010870035540185841e+00
1.053215656552545898e+00
1.116277271123472969e+00
1.019920447355146642e+00
8.898569970794466544e-01
8.006689344446813461e-01
9.144092772716025941e-01
1.042444513617102775e+00
1.092241348750809582e+00
8.530275320071701861e-01
1.040547595075518750e+00
1.143212835651622683e+00
9.634120297157040547e-01
9.312667585075604659e-01
8.903362581148253074e-01
9.943250021330719557e-01
8.565743681876391014e-01
1.038048554294816794e+00
1.056851534979341256e+00
8.775802847735699741e-01
1.057444849503202056e+00
1.135250065232051409e+00
9.209289075442161909e-01
9.873810917885492699e-01
1.055911660646733585e+00
9.277647204442942552e-01
9.812729667514606957e-01
1.062945240264538294e+00
1.024616672494501390e+00
1.058395729424008502e+00
1.051006276998840638e+00
1.058447550838102824e+00
8.915576250039545236e-01
9.971768514887759949e-01
9.913203644576067397e-01
9.859873435864801028e-01
1.071866115810795606e+00
9.785291553731909620e-01
9.433585116678296911e-01
9.178643338548080344e-01
1.001202416112163318e+00
8.924299611818091726e-01
8.798502253138196227e-01
1.081131183664005846e+00
9.492328580909492608e-01
9.445266294439647048e-01
9.409113080943769525e-01
8.307445981720013028e-01
8.985354601250008511e-01
1.007218433394636570e+00
8.704793987413177447e-01
8.999645769760330483e-01
8.603946403811584265e-01
9.552469342191990398e-01
9.050532834859238429e-01
1.051761600491456283e+00
9.827437928968595360e-01
9.611783681955927694e-01
1.025233763772688711e+00
9.739924704955960078e-01
8.478262613024252214e-01
9.876117322513329189e-01
8.472825077574976937e-01
1.054457360222275986e+00
9.169089084780535082e-01
1.033467658966866320e+00
8.515489302615608658e-01
7.917104600434052841e-01
1.118609171476860897e+00
9.730511529836219919e-01
1.068060994469939073e+00
1.057378118396339772e+00
9.384424023350066424e-01
9.515348572498054658e-01
9.549756604200796417e-01
1.122080451403765888e+00
9.292650611248758352e-01
1.000107871729341236e+00
1.035912383654262969e+00
8.159537489912167540e-01
1.076419170606162323e+00
8.544026797262387340e-01
9.331696471821631089e-01
9.717827563541340252e-01
9.018445785133709647e-01
1.051206691927282444e+00
8.702657819628485392e-01
1.188781815297252908e+00
1.156879457017207402e+00
9.171292559117751875e-01
1.037682957491707691e+00
9.868041219678096443e-01
1.204027119120682165e+00
1.199423787243177220e+00
1.052248565419484638e+00
1.060894083864097448e+00
9.274465069047963528e-01
1.005971753658036816e+00
9.143474026851277081e-01
8.309777353684346668e-01
8.194373978402094139e-01
1.055700357409264933e+00
1.131718908743469587e+00
1.045557742285249114e+00
8.021047150520252966e-01
8.259323684577828395e-01
9.371812942471244856e-01
1.222750618768811304e+00
1.073311809005415229e+00
1.007717534735709464e+00
9.021934906770521234e-01
8.704966370125374331e-01
1.056138594273688280e+00
7.989801338986033397e-01
9.678780540935032484e-01
1.219658214927438200e+00
9.603028982534786984e-01
1.129900851254454386e+00
1.021603680969545014e+00
1.036253036292125618e+00
9.733441073585973324e-01
9.961044494155482099e-01
1.108550854077931858e+00
8.441068946364215231e-01
1.103824254342440803e+00
1.026172046417288097e+00
1.037061582907832902e+00
