8.395897879616713855e-01
1.227147275907910284e+00
1.168561433060492094e+00
9.246366539449256683e-01
1.089543425419335243e+00
7.683381209668512790e-01
9.083692611833714681e-01
1.008668205372803106e+00
8.372025902609245840e-01
1.072468206351899100e+00
8.784990029903343434e-01
8.150843131858114265e-01
8.374865537812168359e-01
1.017283589227429896e+00
1.020787562217134958e+00
8.728349509295705300e-01
9.269606244951842378e-01
1.044733641660269940e+00
8.986659351525141393e-01
1.171386441682691792e+00
9.966939607180596017e-01
1.059182297209107171e+00
9.903491010173954834e-01
9.459755590968681460e-01
9.452238290741227233e-01
1.041235870597040591e+00
1.107259134642615495e+00
1.089713485438606355e+00
1.001598243576378167e+00
1.147248727002059487e+00
8.805148946592680215e-01
9.180710117259586189e-01
8.917924883533865366e-01
9.817147287082248486e-01
9.522620581948211260e-01
9.174027881263011608e-01
1.044030785576266718e+00
1.124413480747590732e+00
9.101552976163300723e-01
1.013025775439780896e+00
9.680230486436265380e-01
1.009743614952637314e+00
1.117947952886617413e+00
9.768878713181652351e-01
1.017484583127619358e+00
9.960893252097700046e-01
9.145823029524791092e-01
8.599307421788409123e-01
8.585050505192940440e-01
1.031491529428848697e+00
1.080769832185644930e+00
1.044286742394700873e+00
8.914343501222434796e-01
9.715848128893680435e-01
9.037765818120686578e-01
8.661284285812120842e-01
8.888593137926277254e-01
9.827630751038408663e-01
1.182172375745609960e+00
1.133015124348213387e+00
8.719148786904207249e-01
9.380340962702926610e-01
1.013098653802588567e+00
8.782887270402209845e-01
1.136501530644910440e+00
1.043873790673056856e+00
8.374496876125515632e-01
9.405206613778185343e-01
9.025097208065275822e-01
1.056849421053699167e+00
1.064182254643038839e+00
1.166718655838503649e+00
1.106154183359724374e+00
7.913483999727513041e-01
1.076845737814699833e+00
1.107318639173272778e+00
1.076314611554654466e+00
9.988774907584112572e-01
8.735849826359710635e-01
9.542188538584566171e-01
1.051788468290748568e+00
1.146912468438182842e+00
1.099361861148746566e+00
9.138332731859275526e-01
8.984256278192697120e-01
9.220847055083832844e-01
1.000259020788447417e+00
1.163919041059431114e+00
8.708961609801504355e-01
9.316899211882556653e-01
8.630283811103025560e-01
1.002836545215851194e+00
9.544942047695423870e-01
9.823652620549876424e-01
9.394259597410811180e-01
1.057874575277916174e+00
8.537765145494842223e-01
1.230241523223062572e+00
1.026979145212166600e+00
9.885680247108996621e-01
9.064001022540860708e-01
1.153882893629945450e+00
1.092108519277335654e+00
1.089670173355665073e+00
9.694374263998870589e-01
1.193988893566894083e+00
1.068489106859065840e+00
9.600356424857068305e-01
9.720469030811229594e-01
1.143078446726869313e+00
9.940692700369294643e-01
1.161340269612330278e+00
8.775297932920247401e-01
1.139284052926758051e+00
1.007267889391599391e+00
1.143837177508750802e+00
1.114809658009727311e+00
9.899310097038672707e-01
1.152583305256226653e+00
9.559329826013949205e-01
8.015922721508084159e-01
1.113586259136251533e+00
1.135029998278837216e+00
1.147194381603908742e+00
1.139986739642217195e+00
1.052489338751086301e+00
1.033897728131036420e+00
1.000634658424157886e+00
1.065606876228961886e+00
1.016308959224626829e+00
8.253872736170974056e-01
9.307851646787438371e-01
8.701156866436554616e-01
1.013047764267928752e+00
9.130863350131901424e-01
9.321283862848819268e-01
9.190514847477100346e-01
1.016991072497767323e+00
1.110246372288209660e+00
9.672005976001679661e-01
1.065543592133796569e+00
1.074031668400928563e+00
8.646110359565144510e-01
9.629424562469626192e-01
8.793185683513529138e-01
8.891373072469053174e-01
9.534576289401304194e-01
9.527894593240597843e-01
8.572806029040382914e-01
1.158796775696127046e+00
1.073160233981680367e+00
1.136904278588093620e+00
1.065150078943047474e+00
9.367619052413311831e-01
8.501771260877686309e-01
1.050640321595416538e+00
8.542913343442168905e-01
9.927386533161199900e-01
8.957155809368141375e-01
9.946548091793090407e-01
1.075588324218375469e+00
1.061731862995859421e+00
9.357365240005878215e-01
9.508784034268173979e-01
1.024402642919959305e+00
9.198592593732637379e-01
8.084383885852490792e-01
8.537869227700642938e-01
1.154339631746953643e+00
9.054657646027122198e-01
8.343935829573563279e-01
1.010115676116933869e+00
1.095218144440044616e+00
1.163716620462211360e+00
9.517710855770245004e-01
1.059197396152375958e+00
9.927825491132176161e-01
1.082718585016402724e+00
1.068938603339888882e+00
1.015399919889301561e+00
1.050007933969647311e+00
1.171973483511391079e+00
9.441228978480044054e-01
1.003106096817417692e+00
1.036765327376830470e+00
1.075700939216275298e+00
8.800896976450014453e-01
8.918098366167750424e-01
1.137100978454069322e+00
8.073360530455303552e-01
9.635996837202382981e-01
1.001958854475752947e+00
8.949333590377508418e-01
1.166133190653668494e+00
8.383585127207247023e-01
8.551989187644652990e-01
8.008029411597283875e-01
9.583169537503894997e-01
1.089078251173883238e+00
8.818050114432605113e-01
1.053416397967384510e+00
8.716351173667576946e-01
9.236882513174690112e-01
9.712455115346413370e-01
1.156636966874523553e+00
1.129527321669766105e+00
8.846832777584074936e-01
9.978144438631912916e-01
8.385950976514959798e-01
1.131821835870094217e+00
9.591810330684353847e-01
8.874822794916421564e-01
8.516262417124631501e-01
9.645645506260351887e-01
1.061222418422155700e+00
9.934365471014323656e-01
8.231639354804953790e-01
1.075488685322315785e+00
1.161790758313202332e+00
1.118983465849263670e+00
9.333225600327650362e-01
7.805839177156393971e-01
8.108359013347381516e-01
9.634502738767019014e-01
9.600452929547171887e-01
1.005858943886934975e+00
9.074877518084685235e-01
8.890100318428435511e-01
9.977703016974939221e-01
1.085408569501129072e+00
1.160127772084281972e+00
1.008716622883852443e+00
9.098321861392357768e-01
1.001538365317111490e+00
9.832024784787762872e-01
1.090066295272781538e+00
8.689179955593444582e-01
1.060862578281954516e+00
1.079549143386083765e+00
8.683607247915537952e-01
1.081873392807503276e+00
8.357901391777257105e-01
8.639790371809239478e-01
1.012256922346005839e+00
9.233463500782069788e-01
8.581723364955253786e-01
1.019025816204065293e+00
1.014055296610542500e+00
8.026342050144541496e-01
1.088668163568796254e+00
1.070187904456724404e+00
9.664847020314688564e-01
1.013665812536150401e+00
9.133582290930816194e-01
9.858122659043515590e-01
8.362508465936508983e-01
8.713684665102280347e-01
1.152154139596981430e+00
8.766321387834556944e-01
1.090886262131422590e+00
7.777927655464420553e-01
9.743248798265905508e-01
9.871715184372275020e-01
1.079397335345508857e+00
8.890439974584372074e-01
9.048596790109186827e-01
8.880193140783267935e-01
8.332337797618942776e-01
1.084976072821610238e+00
9.887824133716504038e-01
8.324606857111638281e-01
9.308752767601577993e-01
9.747718224337538206e-01
8.433352900628132698e-01
8.177314198375766896e-01
1.043448324077701272e+00
1.040971164874266108e+00
9.778218500097826116e-01
1.122177194552188118e+00
1.014577987795127756e+00
9.612358761470312096e-01
1.069024104213924797e+00
1.096003067718308355e+00
1.102328125802020997e+00
9.151846597067616607e-01
9.756124026310767361e-01
9.661238809260792593e-01
1.138418817309816866e+00
8.510768794278797955e-01
9.658183498537462608e-01
9.291500393625349297e-01
1.091389889233418176e+00
9.614723743942709122e-01
9.675801558243687372e-01
1.059944187754276346e+00
9.934984707005327653e-01
9.334159059575797279e-01
9.429469867057739263e-01
1.007569773288110149e+00
9.647459714063827407e-01
1.026934115865906438e+00
8.419522973318473991e-01
1.050246991695637622e+00
9.417172910467833669e-01
1.131458190354588611e+00
1.033994557447819318e+00
9.450047195972008929e-01
1.004539371370551937e+00
9.063497996321824290e-01
8.903734431233297775e-01
8.233907337639048141e-01
9.703203294190200223e-01
1.065876380277779534e+00
9.706055177426059499e-01
1.075599731047390595e+00
9.679347888635581043e-01
1.125623392395502353e+00
9.308358821997773092e-01
1.020042083032715041e+00
9.967815621308124818e-01
9.465437786464006020e-01
1.011036778885062049e+00
1.072769269386325108e+00
9.361217754949614500e-01
8.827371032154744945e-01
1.020848719336581834e+00
1.096906819152374535e+00
1.033413367007300021e+00
1.111203344773562307e+00
9.103314900466144000e-01
1.157159964991236967e+00
1.122378847291917614e+00
1.121791473946879059e+00
9.964534679315226740e-01
1.052353021451805759e+00
8.386192494931651309e-01
1.003863996702767158e+00
1.095295215099192365e+00
1.042057337045208198e+00
1.057406051147287362e+00
1.086287927415237720e+00
7.982785285321466473e-01
1.090006455118405881e+00
9.229708421695463905e-01
9.553087560867283834e-01
1.073340714969845733e+00
9.268230915038695450e-01
9.053830397811438724e-01
9.623985947498101545e-01
1.032597265700509359e+00
1.002535741069011888e+00
8.056519965881507872e-01
1.075914641145353734e+00
1.086456325122549416e+00
1.042618614467648808e+00
8.377204385321959101e-01
9.642907282779646927e-01
1.147439235526876100e+00
9.819049040805196693e-01
1.014250209047442342e+00
8.571656628991045634e-01
9.740460982903498266e-01
1.169866351034764662e+00
1.004812420099659542e+00
1.017890052639666809e+00
1.149248793459754170e+00
8.537910707196679772e-01
1.053073893228338997e+00
9.748116723789828075e-01
9.774671198966161656e-01
1.028712083175190362e+00
8.291828058132069135e-01
9.782254627244331147e-01
1.082029903616077426e+00
1.077501246511708644e+00
1.074147369795163343e+00
1.114042116125189441e+00
1.057711730016062779e+00
1.049665405644984784e+00
1.148221865072372339e+00
9.196686470793761226e-01
9.653071791493701426e-01
9.340757950935275611e-01
1.051872368708072214e+00
9.253210829818212524e-01
9.027857390235082269e-01
1.113918368212453158e+00
1.025857269055262311e+00
9.717543101156822516e-01
8.753026684410556424e-01
1.071515868086425405e+00
9.856828584369965451e-01
1.072737023174385795e+00
1.141834969767197006e+00
9.979830246321423903e-01
1.071772036266230188e+00
9.127941736745142087e-01
1.158322314067841141e+00
8.808614584386360580e-01
1.000752967466623566e+00
1.067028010158827867e+00
1.101375678453144547e+00
1.119604545178949140e+00
8.880334350918102082e-01
1.005689433612835026e+00
8.551582100579664392e-01
8.640691163660217944e-01
9.415628209658438719e-01
7.898686280791695768e-01
1.177516208785248875e+00
1.150121128708045948e+00
8.877461612925721113e-01
1.019027923577209283e+00
1.057147130682944969e+00
1.008756032273754100e+00
1.068406656037737212e+00
9.306671189425642643e-01
9.836230329093986757e-01
1.101387665987183961e+00
1.095789080164106810e+00
1.034539157088089523e+00
1.031167457701067880e+00
1.123446139968571789e+00
1.052418285333239334e+00
1.114748422065232392e+00
1.077249596332762849e+00
1.066358512027677952e+00
8.832718426185293126e-01
1.091547630504029254e+00
9.858041854175305652e-01
1.077083412839281884e+00
8.617128825606596987e-01
8.351447662883784151e-01
1.055925093243549773e+00
1.085099896141161313e+00
1.049056685925749743e+00
9.868023901865407010e-01
1.102255516320250095e+00
8.820495556522826019e-01
1.052891782076888827e+00
1.072803194078429279e+00
9.039995942474097212e-01
1.129146389241547421e+00
1.179968091136672337e+00
9.795888649334135723e-01
8.680284321660903801e-01
1.021667550926865342e+00
8.984443362886342932e-01
9.264584144912876296e-01
9.407710965955576876e-01
1.065462661580913961e+00
8.989356938425505650e-01
9.687519477544781488e-01
1.050563905180738500e+00
1.006855849058744479e+00
8.704979022835066527e-01
1.018367651341955282e+00
9.997010019083849564e-01
9.998598676599715906e-01
8.979152838940447356e-01
9.608180300134965268e-01
8.742818336672470991e-01
8.723664628059837334e-01
9.494437064286282979e-01
1.098176650287935097e+00
9.324468311110873930e-01
9.475628506956814689e-01
1.180236475504756966e+00
1.017002662165881866e+00
1.056346561471822376e+00
1.109439297243597577e+00
8.419526042499427820e-01
1.170545599933418890e+00
9.948291554110046953e-01
1.103325070243969197e+00
9.520802992978047996e-01
1.026378142889670109e+00
1.020616153850346208e+00
1.058096968036166263e+00
1.091217717482723559e+00
1.066204992688951858e+00
1.065124745013616536e+00
9.612179670575815571e-01
1.101767894962497385e+00
9.991345576266530415e-01
9.723237932226490576e-01
1.070394121281131872e+00
1.018799994527125774e+00
9.110884996191792595e-01
9.048965258305874393e-01
1.025390803919498328e+00
9.577378816910551151e-01
1.013420018813352197e+00
1.079911346394837102e+00
1.009236400930504374e+00
9.797394219019645023e-01
1.046276421712734050e+00
1.005191665212283647e+00
1.095270975789877532e+00
9.247238610594989972e-01
8.967617092818016555e-01
9.062761450927814266e-01
9.939000410198597368e-01
9.496183522453234271e-01
8.738830806822592834e-01
9.923384940558167555e-01
1.052292085072205730e+00
9.543639556841225779e-01
9.446455559381869982e-01
1.000310882641287646e+00
1.193866662398993528e+00
1.061893085170074080e+00
1.110955976261714495e+00
1.062953272306873975e+00
9.875895148621296471e-01
1.042357559046088067e+00
1.230149007225096236e+00
1.049116427387524864e+00
8.828474282087022118e-01
9.532585113518234898e-01
1.086435391125814443e+00
9.835050925665538291e-01
8.391307314635512160e-01
1.043074622999947687e+00
9.352826134045262307e-01
9.901631959926033844e-01
1.015865965976340490e+00
1.048731242118833951e+00
9.292817262742498752e-01
9.597770814439956499e-01
1.215485506088959111e+00
1.076945387517921793e+00
1.104569015320930880e+00
1.012588924534281620e+00
8.930329597431341249e-01
1.001493984626956824e+00
9.524019923511400920e-01
1.010842672826223421e+00
1.128602493235993265e+00
7.776828882874673443e-01
1.002587504726821566e+00
1.092057206950697967e+00
1.137767175853143353e+00
9.721386509813685350e-01
1.022727107040793948e+00
1.012748596193711936e+00
1.047833889316525102e+00
1.086491644796005129e+00
1.010698106167735588e+00
8.321055650006015103e-01
1.103647211743862044e+00
1.148432082324499559e+00
8.778045901156031894e-01
9.592741612912926152e-01
9.251518089796711974e-01
8.506517446879826583e-01
1.052369233341307719e+00
1.053399389471729730e+00
9.519188162983611701e-01
9.299420739807100489e-01
1.112330622326593410e+00
1.050339698490736939e+00
9.115356431539778370e-01
8.165391451986041549e-01
1.104610658292232817e+00
8.989315786958038679e-01
1.001620819804559748e+00
