1.041081632533374268e+00
9.751206177877729253e-01
1.089479626907194243e+00
9.389635375170046760e-01
1.161232430014118799e+00
9.242561414858262436e-01
9.388600525873891378e-01
1.058871273512006272e+00
1.049618323394046815e+00
1.035451128640316520e+00
8.749169003545138601e-01
9.361397660134819221e-01
9.512532026851566735e-01
8.462012382433266033e-01
9.463465475521583015e-01
1.139937878067361465e+00
1.100856278114549003e+00
1.112206728138221301e+00
1.074902459076369610e+00
7.951427470138936471e-01
1.165721608717617652e+00
1.125268303921693303e+00
7.862192091769043545e-01
9.222002246080756027e-01
1.089717619268018467e+00
1.014750572720507948e+00
9.852009447213094795e-01
9.492826995765752951e-01
1.146590573393542867e+00
1.208609392468112276e+00
9.300754562312208984e-01
8.559223312139419004e-01
8.582577849269910075e-01
9.284598838635076401e-01
1.030228510800179409e+00
1.063572528519467264e+00
8.458080868969261035e-01
1.003418964828453941e+00
8.899105949499026558e-01
9.897780705554168890e-01
9.425778964397848458e-01
8.095691608616677470e-01
1.169582527353752122e+00
9.535465729011998182e-01
9.708497870275879515e-01
1.011882205655703970e+00
9.293808820452530428e-01
1.136989460347112457e+00
1.030912937715620759e+00
9.531771459994178297e-01
1.124428859436545469e+00
9.060454758794502794e-01
9.267116193367948007e-01
1.039844198473898862e+00
8.961617608533641866e-01
8.142143956084333389e-01
1.063902626914177363e+00
9.609271647859614074e-01
8.812626765589225419e-01
1.177104100579337009e+00
8.892592267391326022e-01
8.763508084124085329e-01
9.613783209307497080e-01
1.048899115241094249e+00
8.940820766553179144e-01
8.795324688343197916e-01
8.475103560029662031e-01
9.873297444476945017e-01
1.078268112149163960e+00
1.035917138906746526e+00
9.445803446151121996e-01
9.428674209196534761e-01
8.421300664105777489e-01
1.071671322324778908e+00
1.078211585782424375e+00
1.194570518120525726e+00
9.821692603403548993e-01
1.038656754479951205e+00
1.172173199739408478e+00
8.794858662750519862e-01
1.062829060459478780e+00
7.923630026257729719e-01
9.022717763778060895e-01
9.561750654091161206e-01
8.066661647163498872e-01
8.933343445741763755e-01
1.200478530602136384e+00
1.101459094786112924e+00
8.420365352589855856e-01
7.830203379944202791e-01
1.015088692107339430e+00
1.041027993229407533e+00
8.610745501005283575e-01
1.116982260311886188e+00
1.061109406084199458e+00
1.096728196389096910e+00
8.971097207125851014e-01
9.547447459542255377e-01
1.033605166926066188e+00
8.298610634938303754e-01
1.092635633225355951e+00
1.105109999172948720e+00
8.545585143663390060e-01
1.167344804861597085e+00
8.811361491187275075e-01
8.649853258973874137e-01
1.118607940845715021e+00
1.090034304495420159e+00
1.049441091989518959e+00
1.123919089273436311e+00
1.001985172920496048e+00
8.920875843278276429e-01
1.071295478832072101e+00
9.319618144716006469e-01
9.049466901759455340e-01
8.647412809780796739e-01
1.079843298112806771e+00
9.688723538616678121e-01
9.469056875569763498e-01
1.096840286129191488e+00
1.140391561690743405e+00
1.196056661062048221e+00
1.034983701482316221e+00
7.697736422160559311e-01
1.022173654386146602e+00
1.049328152567922334e+00
1.146988827495081686e+00
1.119099138699880314e+00
9.793157367881117903e-01
1.121362320630051590e+00
9.499775084119266300e-01
1.160735469870229686e+00
1.010119040872133223e+00
1.071329119319500700e+00
8.972261085363940625e-01
9.931395516516934308e-01
1.056457898146498042e+00
9.536377965685609581e-01
1.012574297977534510e+00
9.556233408455548917e-01
1.074174905469791552e+00
1.072383824659213003e+00
1.093535297218117819e+00
1.097201694419909446e+00
1.098750697846530677e+00
8.078336773333081311e-01
7.702796646712992690e-01
8.011008463688369385e-01
8.698331916978407907e-01
9.542817499943632154e-01
1.134797399271991081e+00
9.885764526402203156e-01
1.032877215303247054e+00
8.806471206808437202e-01
1.125920025294620208e+00
9.371058259778853872e-01
8.745928123706296908e-01
9.898556205171209488e-01
8.551714850901820375e-01
9.232506385588583608e-01
9.969236262316787389e-01
1.043780183411618490e+00
9.460063376738895302e-01
1.149002378658732448e+00
9.344908683954877837e-01
1.063245227682854344e+00
8.612732407042927862e-01
9.801521081655411027e-01
1.025673211930173023e+00
9.655883398712932220e-01
1.050611509860600368e+00
8.393607476067300732e-01
9.867707185255687463e-01
1.130941767839835466e+00
9.092469102670333037e-01
1.012516922405655606e+00
8.710137765569875290e-01
9.986447265961850839e-01
8.728458319498388907e-01
1.069208093920488656e+00
1.035374858023316191e+00
1.132081976984833815e+00
1.159588051903731598e+00
1.098380402639184794e+00
1.119060660452243949e+00
9.452276641790791079e-01
9.733356549599174734e-01
9.032443558462919242e-01
1.043272131205692954e+00
1.162299821838279179e+00
9.926411695673663660e-01
9.295271485309377635e-01
8.724790015506597163e-01
1.077888134697646327e+00
1.029144376191193366e+00
9.660942709653679294e-01
8.791105221139365877e-01
8.656464731855910699e-01
9.915728174304666576e-01
1.097078133089470109e+00
1.081157887954635299e+00
9.150128092674134628e-01
9.977764411422632707e-01
1.146480726613980483e+00
9.745989018438825369e-01
9.560666133632969022e-01
1.113943998232594268e+00
1.086167794514468543e+00
9.535486438083153882e-01
1.180052339267992689e+00
1.056787837396083285e+00
9.870785569647675395e-01
9.248221065729564927e-01
8.682210750499537166e-01
9.797211071408943317e-01
1.076250076707261139e+00
9.962622927205438961e-01
1.093169591215175540e+00
9.698713260060589647e-01
9.872850120647698180e-01
9.236408873892221205e-01
1.076650116186017359e+00
1.112411828191978591e+00
8.527546261899181523e-01
8.047479993000479226e-01
9.089093508148704537e-01
9.946527481870370835e-01
9.543823085550431351e-01
1.163406861170564355e+00
1.097858930900636132e+00
9.539171759738449552e-01
9.653597436651680797e-01
8.922567741166673727e-01
9.108599586732473163e-01
1.084926030797680685e+00
1.027490904244173109e+00
9.786138688720766865e-01
1.058731952324321046e+00
1.164193364449221058e+00
8.952199587059104235e-01
1.016192848713696417e+00
1.104043402425826992e+00
1.029131694948954401e+00
1.061092194308732140e+00
1.006027846301675854e+00
1.056975101410244422e+00
9.262600150325114301e-01
9.540143231308577665e-01
8.808981777255004975e-01
1.106895454312283311e+00
9.069063720452390509e-01
1.188834183130485833e+00
1.002973816094633985e+00
9.817360600434015261e-01
1.058748236685956190e+00
9.040041037023422987e-01
9.356737658893157228e-01
8.838490222983081956e-01
9.700265428896290842e-01
1.056343555172059023e+00
1.087940499211549783e+00
1.042594492600295020e+00
1.133795230815226374e+00
1.008226360608198480e+00
8.009588505505141898e-01
9.146344915770410200e-01
8.548881821967257988e-01
9.510776163080776335e-01
9.026520040507122200e-01
1.007680208045449000e+00
1.085350979639075675e+00
1.057275321210891628e+00
1.015604416309913161e+00
1.133240802614173148e+00
8.693738784402198494e-01
1.010838863125347986e+00
1.220305683546025977e+00
1.045702980824954498e+00
9.755993830685629753e-01
1.022129301279109059e+00
1.071512738798936493e+00
9.534227410633725475e-01
1.201821457498925882e+00
1.058156401077244624e+00
8.938442699087942866e-01
1.006262964784390812e+00
1.012128839363644062e+00
1.158632599133064378e+00
8.519268356612437199e-01
9.707230214815021352e-01
8.783211109923583226e-01
1.060652269647404555e+00
9.292364803705981391e-01
1.026830710532474544e+00
8.597399446720985772e-01
1.036190146510837184e+00
8.607588661643191807e-01
9.906090396929044806e-01
9.870548325597159334e-01
1.016058547930533296e+00
9.178451025098091076e-01
8.577919231197990158e-01
8.677581420121383005e-01
1.179237496419448306e+00
8.670568756179783954e-01
9.420215082938971918e-01
1.118374342905940066e+00
1.090094274092179960e+00
1.116968379081475060e+00
1.027588898443436705e+00
9.937780362162249581e-01
8.175755629583880690e-01
1.115523754488537911e+00
9.920125586475445623e-01
1.014536187448081384e+00
1.091655513983522008e+00
9.312380191550033715e-01
1.114455849558598777e+00
1.113421740435560192e+00
8.569924649650930704e-01
9.091567727527121168e-01
1.174343657880526859e+00
9.691832751219893183e-01
1.090642957287471404e+00
1.053486649809265430e+00
1.101502920327397606e+00
9.568861199680911422e-01
1.051000799131072139e+00
1.121183753919883230e+00
1.162744281396091761e+00
1.178847332336474762e+00
1.120928744394048993e+00
7.677992493401832874e-01
9.034755920880990221e-01
1.136634150700581047e+00
1.044185127704742033e+00
1.067140025196973374e+00
9.833157626714079669e-01
8.618049796223150594e-01
9.392253959034337907e-01
8.235269629224813981e-01
1.181890280724968489e+00
9.442999319735974062e-01
1.073567805019185029e+00
1.010827643385604047e+00
9.501134629855048086e-01
8.846583828741980682e-01
8.993770180758311472e-01
1.126903029330702521e+00
1.038847427381106137e+00
9.846115618263751035e-01
1.090638920800593992e+00
1.050401805512122699e+00
9.276490917361384092e-01
8.257795273383468082e-01
1.004209921574763742e+00
1.014983105207790670e+00
1.109895306848645458e+00
1.183642626562648514e+00
1.008622074547169234e+00
9.947260450898010031e-01
8.078349082055620300e-01
8.968140395058178393e-01
1.220317328187333183e+00
8.130565778779100805e-01
9.960190801947603756e-01
8.487245187400058732e-01
1.028417642639480656e+00
1.062855220386870858e+00
1.040222831943691251e+00
8.461423974819826110e-01
8.825612595509679803e-01
1.172576187501947143e+00
8.006569763007295171e-01
1.036120874764483890e+00
8.633045098999239109e-01
9.525946197866239640e-01
1.032322111673407816e+00
1.085235140914565521e+00
8.308203015376429690e-01
1.037117392216965861e+00
8.980139881993931539e-01
1.001141030186893266e+00
1.033969392478461202e+00
1.060158315551750885e+00
9.085135301029609867e-01
1.143098834369874695e+00
1.034406488424656434e+00
1.060312448629576076e+00
1.088438177004257046e+00
8.491382958662920810e-01
9.864485473569434282e-01
1.146270550078083872e+00
9.062902776495364021e-01
1.196486363786311680e+00
9.000041792138652186e-01
9.458689353130780297e-01
1.015282816946921240e+00
9.321283276453646849e-01
9.775047376926564446e-01
8.886264356692897826e-01
1.085865766538451682e+00
9.700943108286534944e-01
1.027622189477584103e+00
1.022128652674928695e+00
9.352849416829793761e-01
1.113574066133674378e+00
9.041287998900914280e-01
1.033121995053644993e+00
9.298594307170409134e-01
1.074742582808989599e+00
9.688334109334136857e-01
8.766381884873140073e-01
1.138071370879068844e+00
8.799732018838049008e-01
9.152260428687426508e-01
9.051865459004502235e-01
9.860478137301714741e-01
9.938677668337791982e-01
1.080885546311096901e+00
8.216245089290656889e-01
9.338739203454922144e-01
1.105824580703116400e+00
9.367892413170810784e-01
1.093687955625763930e+00
1.091780848615077737e+00
7.730787471184301651e-01
9.703512260350988239e-01
1.042552405242171742e+00
1.155718997072271215e+00
9.036180829682038951e-01
1.166832515122491865e+00
1.067705812045235625e+00
9.957043102894014286e-01
9.338744054811127793e-01
1.081404677039184303e+00
1.099607334817955806e+00
1.004774777279330955e+00
8.556787991376795244e-01
1.034392813062495753e+00
9.216211981033615164e-01
1.156393872672454082e+00
9.698994143921505495e-01
9.213972760736839351e-01
1.001121036770962203e+00
8.657084268504842139e-01
8.531751981658484141e-01
9.799163217498521039e-01
9.197957381426390411e-01
9.793091900661973215e-01
1.126344961226498187e+00
9.161766257048316042e-01
9.148990100823658489e-01
8.503353837962263073e-01
1.047670056157868901e+00
9.497138204926981464e-01
8.901324652036302076e-01
8.796128246604200118e-01
1.071533650214160138e+00
1.102380014202039682e+00
9.919518541340003326e-01
8.119654234442648111e-01
9.508168263131959730e-01
1.020811663373001998e+00
1.064311581217089131e+00
1.082912739773154609e+00
9.576870135046322563e-01
9.611330582039514514e-01
1.042733460295662162e+00
1.012283473511646159e+00
1.015237489774633683e+00
8.284999877458545381e-01
7.858488053745560364e-01
8.948461892987958910e-01
1.148382036425681596e+00
8.927831279955416033e-01
1.171253068830377719e+00
9.418838691344934011e-01
1.033854711818087857e+00
1.177839372251303418e+00
8.520233952887854567e-01
1.043708388600831372e+00
9.929937722951132084e-01
8.613737627119111284e-01
1.029200785880628022e+00
1.100990517668186897e+00
1.141852142992565877e+00
1.048927933896295128e+00
9.506670333307247756e-01
1.069401489349109058e+00
1.000062863791919554e+00
9.623071994487233383e-01
1.088179547194292773e+00
9.514554360565564695e-01
9.963564672175009296e-01
1.103656405506064253e+00
1.028533866364842675e+00
1.209168007823417046e+00
1.202495994419309433e+00
9.414788620068252900e-01
1.057702621608346494e+00
1.037626432493033990e+00
8.198042310408363287e-01
1.094541843846466467e+00
1.155101766429035726e+00
9.337618386306106855e-01
9.244589973024168739e-01
8.362141852365447825e-01
1.215016763669166888e+00
9.549741500948724093e-01
1.052329295995267033e+00
1.036877670189198630e+00
8.289906302916862924e-01
8.351739244204388068e-01
1.088194749082596280e+00
1.171594080333620447e+00
1.012630333057972898e+00
1.118454449777533055e+00
1.022958434282483786e+00
1.150432876059899190e+00
1.106984871963798245e+00
1.154997235411028944e+00
1.077821134666547387e+00
1.157000712762319417e+00
1.077254456092612722e+00
1.087731604476519065e+00
1.001648539775968239e+00
9.843016481946473828e-01
1.098118172591559416e+00
1.036418353553266503e+00
9.864805026463674409e-01
1.049336677167675091e+00
1.012689407204713676e+00
1.078165245546249817e+00
1.061454919687940812e+00
8.298299344976504122e-01
8.397938500919821525e-01
9.723545454317779058e-01
1.182480301041417770e+00
9.495098633957603784e-01
1.009148951335298694e+00
8.579256508016641636e-01
8.295987906375562604e-01
9.600254170959534594e-01
1.151565704681377866e+00
1.021654290336626802e+00
9.703435371912407792e-01
8.479676589567457512e-01
1.162919197544933114e+00
1.042890471103474770e+00
8.941672278252547068e-01
1.065436934596499352e+00
1.045048173489644627e+00
9.766886171320767751e-01
9.219995507020593006e-01
1.054464878181768484e+00
8.679684293645663073e-01
9.693299197475158113e-01
8.687409627002764534e-01
1.122445127723221692e+00
1.031482932102271821e+00
1.213822400916341415e+00
7.974080526283081616e-01
1.026932239176919781e+00
1.188996846920014283e+00
9.835085639559403292e-01
1.061110277927368895e+00
