8.215963677277642319e-01
8.800195908670196410e-01
8.922007594113697815e-01
1.075891680362594194e+00
1.067066698459260277e+00
1.053976089797568960e+00
8.492123229923197458e-01
1.060584376263629336e+00
9.432168493067127901e-01
9.607970271674567408e-01
1.083802291500485460e+00
8.968646849726820136e-01
8.134423846185072637e-01
1.065322783623815051e+00
8.460697648614186051e-01
1.095056067162067714e+00
1.008852290360778614e+00
9.043454299790234518e-01
9.786926692699319252e-01
8.251717740466559814e-01
9.327306215146516921e-01
1.169720275690817379e+00
9.782151215535885846e-01
1.043478056650896768e+00
1.090872338610397341e+00
1.195338756244624712e+00
9.857500792563269609e-01
1.107579688147465991e+00
9.363851063349548642e-01
1.059979103379152576e+00
9.183301339686252840e-01
9.621627827573104863e-01
9.723481765973178703e-01
1.124100527440322628e+00
8.735518522938919839e-01
1.065794446229925585e+00
8.873881755732535570e-01
1.133211115036453887e+00
1.033113325005052152e+00
1.061553579632898092e+00
8.016721392943717550e-01
1.032936694042584147e+00
9.148213279670954767e-01
9.402240645254391627e-01
1.058775638886386039e+00
1.010568890672926878e+00
1.048073647524730312e+00
1.126275105308625069e+00
1.179476668269183293e+00
1.039818721921149880e+00
9.077601826272175822e-01
8.205063820376713446e-01
9.429757454903574532e-01
1.159512822950713007e+00
1.059945913222860137e+00
9.932225960320983926e-01
8.165923807609192231e-01
1.059364123066678820e+00
1.029857943815189358e+00
1.017064095569262472e+00
1.194780772286069492e+00
8.680547710637112058e-01
9.992737222501160144e-01
9.688151503528610320e-01
1.001555962394589550e+00
1.129592814108536070e+00
8.871749819037673124e-01
8.492165180623003629e-01
1.114801681949866730e+00
1.155814251549525995e+00
1.069844425837127799e+00
9.526710637723379005e-01
1.003248948321451062e+00
1.090689187681331163e+00
1.221941958734088063e+00
1.140017625873327667e+00
8.861670490197117722e-01
8.772249295963012727e-01
1.013436004924730405e+00
8.981563519112972793e-01
1.057037681282094965e+00
1.067911151185424679e+00
1.049079637108161212e+00
8.936715054255807145e-01
9.443345955867965547e-01
1.133537875483934920e+00
1.048953634646697219e+00
1.089503757283150520e+00
9.363485016545046724e-01
9.771022595404743605e-01
9.539916090403831594e-01
1.034198162078877159e+00
1.049084213386493492e+00
1.050498488769458838e+00
1.050464183853344613e+00
9.196839334110086250e-01
1.010375641026238780e+00
7.954168826290259897e-01
1.001561541383092280e+00
1.068490579319687273e+00
1.180327863177929704e+00
1.052712046131353496e+00
9.366235738920900555e-01
8.843109235674248003e-01
1.131138729949350052e+00
1.173917236049985657e+00
1.067518785650591218e+00
1.147450129957152454e+00
1.006898265636051670e+00
1.091783609501799868e+00
9.131173167699879745e-01
1.148255762688822790e+00
8.806552040099315803e-01
9.904718568277571800e-01
9.121882084838186522e-01
1.048432199011926969e+00
1.000166479981947854e+00
1.152969717677292616e+00
1.072781801026110537e+00
8.512553911282308983e-01
9.691326058852969272e-01
1.132868563347052993e+00
1.103419039253209721e+00
8.966648784359921853e-01
9.697149281112699137e-01
9.018993306692056899e-01
1.000737675461641718e+00
9.538611423142924206e-01
1.178128156471055732e+00
1.024529268563783901e+00
9.194512198510172984e-01
8.975955812197375927e-01
8.829905228243322135e-01
1.044880581954288790e+00
9.753940576707134102e-01
1.192090903464415819e+00
1.163398730352811272e+00
1.137059093213060645e+00
1.132959815505081069e+00
1.033765091032471828e+00
1.012535477899425329e+00
1.123651167101320736e+00
9.134735074006360422e-01
1.155853235331293360e+00
1.092136405174731983e+00
8.763863680094292619e-01
8.728652731593600222e-01
9.722468431654305299e-01
1.009538048162248902e+00
1.125429624103748916e+00
1.094807731780296889e+00
9.147735976199038443e-01
1.060180267540739241e+00
8.753330048938461339e-01
1.062423721390172382e+00
8.657607859052603994e-01
1.054507152999543784e+00
9.102740532910233995e-01
1.151430524248253207e+00
7.928149698377566779e-01
8.335521237716816412e-01
1.075544234910666308e+00
9.602541452365545016e-01
9.280204116608360421e-01
8.288292381664009723e-01
1.030535248197023357e+00
9.203919332131430542e-01
9.347907166330613471e-01
1.105250734327437812e+00
1.035955524489980295e+00
1.032924688598384044e+00
8.541872106663603859e-01
9.839356761046118560e-01
9.559377997854243691e-01
9.798285746684398667e-01
1.067940372024824836e+00
1.164260614327336407e+00
9.916504841796308645e-01
9.892244458753236547e-01
9.233840496301873868e-01
1.054559935074262489e+00
8.064148112767111076e-01
9.245761672471941583e-01
9.551216790109398058e-01
1.125483076907991986e+00
1.052499236481517109e+00
7.784744867727710904e-01
9.457341923278422824e-01
1.175824471006950089e+00
9.883538275710501697e-01
8.796600588388936437e-01
1.002781032302846098e+00
1.040085370739926462e+00
8.177692093780688509e-01
1.022920677581344640e+00
9.572339019742215349e-01
1.076850570939343887e+00
1.047334591244825530e+00
1.126093129899256917e+00
1.094267698454167048e+00
1.104310450278576994e+00
1.054529409767933856e+00
9.872080291949194564e-01
1.054148562578262283e+00
1.025517450607030812e+00
1.042359079525016163e+00
1.027949122020051398e+00
9.120127569862470640e-01
1.011745645760913082e+00
1.008739521362410851e+00
1.155800612313021558e+00
1.011682391873476972e+00
9.296663864045811021e-01
1.109116822248402245e+00
8.748683164033146387e-01
9.809052083283610335e-01
9.747180885483458512e-01
9.868533414636266876e-01
9.721315655365372344e-01
9.079480293143085134e-01
1.146075932525249419e+00
1.129723143083096515e+00
1.084999815734683404e+00
8.712397535885452182e-01
9.268762476789340621e-01
1.083282636861458759e+00
1.024845620871420504e+00
9.526072781927762412e-01
9.091567911736069263e-01
9.534519146721417426e-01
1.131875281643375919e+00
8.440989473314757241e-01
1.086184521490173083e+00
1.119827317414827661e+00
8.207207835392493767e-01
1.150905580279176554e+00
1.060351139432387679e+00
8.950998737895931034e-01
1.039739797776858099e+00
9.875943739122987619e-01
1.066987569615849729e+00
1.057314527382751557e+00
1.054596736388920153e+00
9.775528273197721107e-01
1.101809643106550718e+00
9.283584151758732528e-01
9.260182836360137948e-01
1.156211462923634636e+00
1.118427172051136287e+00
1.016531967695486705e+00
1.129009668672834366e+00
1.081542416600397738e+00
9.288004285021566053e-01
1.087262860789451002e+00
8.155356020611304046e-01
1.116738713537860583e+00
1.013045141308024588e+00
1.079035425004878812e+00
1.024887797057558503e+00
1.212014343682670692e+00
1.185925107530626299e+00
8.786520257197394379e-01
1.081047948036169659e+00
1.205090510503936896e+00
1.042094110234443649e+00
1.183883828623656820e+00
8.958570659245258527e-01
1.028612903917913712e+00
1.099324298888923357e+00
1.017559864951240067e+00
1.135047393796182247e+00
1.037764524640107267e+00
1.152865412736866046e+00
1.072896437739605968e+00
1.017675264392269741e+00
1.092007546312967703e+00
9.421265800831410964e-01
9.188764947100931391e-01
1.177736190176768449e+00
7.882085968636464157e-01
1.078145645193917534e+00
1.183931972823812684e+00
9.557321811554768676e-01
1.194324370261795387e+00
9.791704171736000939e-01
1.055054240325060233e+00
9.995935236583886052e-01
9.818041427459891501e-01
1.025529175532748027e+00
1.011513415838729335e+00
9.753664804036016323e-01
1.087879546546085319e+00
7.612126035161057569e-01
9.735493945574400509e-01
9.373017422867103710e-01
1.000636928117002666e+00
9.993774947056834890e-01
1.134625687311743736e+00
1.031952103146833277e+00
9.846180109445075157e-01
1.112788499575489753e+00
8.923019859113925367e-01
8.934934442346118555e-01
9.034988476166423421e-01
1.098708481574971918e+00
1.104039880209807256e+00
1.181321521619905557e+00
1.018434941239294567e+00
9.031830559642564094e-01
9.333693613135052303e-01
1.209929785535461155e+00
1.048577935719434917e+00
9.581804488749009474e-01
1.146694363887011070e+00
7.711533759430069246e-01
9.593188554066431895e-01
9.145443569262754480e-01
9.898449675319097585e-01
8.874735022287192354e-01
9.342791489020405571e-01
8.853007199955070794e-01
1.027624727225879386e+00
1.060857041565320458e+00
9.968309045195751228e-01
9.637025969547227122e-01
9.080356480410614051e-01
1.049484159448691001e+00
9.296143281769351230e-01
9.186818391096813752e-01
1.054229757246200494e+00
9.625318089547467704e-01
8.103432248655562109e-01
1.007248842045396442e+00
1.053720547346762348e+00
1.111030023884926887e+00
7.931314001677404191e-01
1.107838146910367527e+00
8.794704559024490997e-01
8.528867579687793299e-01
1.065589199944354526e+00
8.917242052491234361e-01
1.095040339738341917e+00
1.102179851178536785e+00
9.493961617266646336e-01
1.021289442312372397e+00
9.994026366528097061e-01
1.036837585498621817e+00
1.066710692402806915e+00
1.033099841239127681e+00
1.164429823850230861e+00
8.599956357496798542e-01
1.048939517692659029e+00
1.074895852556902787e+00
1.023001832570204828e+00
9.062996523406479099e-01
9.673328549296019707e-01
1.009558284177225040e+00
1.160752361016370804e+00
1.115403664839721420e+00
9.770182766929682572e-01
1.100233244584851500e+00
8.194231675409469062e-01
8.102515117355635343e-01
8.257997237675611668e-01
7.855409948810609944e-01
1.051941331909377331e+00
9.643337383627972326e-01
1.069476815175677720e+00
8.821900699013822678e-01
9.142813280623632854e-01
1.073735836357999185e+00
1.000970595867060053e+00
1.024537082542199773e+00
9.180216247036023791e-01
1.155782908311542956e+00
8.511119810652600925e-01
1.065269766458767364e+00
1.025025150649369277e+00
1.061399304563667156e+00
1.036447378259119700e+00
8.239393205550855637e-01
1.003570564615893446e+00
1.109627023184317052e+00
1.004247727802141332e+00
1.038987270227080373e+00
1.093597248306887426e+00
8.389369837443283462e-01
9.799376133999643246e-01
1.196793976692296368e+00
1.127022224907145542e+00
9.433817285468095726e-01
9.127168978877643335e-01
1.047042859844026896e+00
1.031945016236128554e+00
8.580210184487671032e-01
1.018017069496762073e+00
9.189816792320701921e-01
1.037310961257510655e+00
1.180934257952670707e+00
8.295309522555369686e-01
9.705446117483612634e-01
8.899251689828241441e-01
9.919432371064818010e-01
9.387210690564776749e-01
1.093851621712560451e+00
1.083868204302307570e+00
9.395725722547724201e-01
9.840146000509923940e-01
9.779258508493731128e-01
1.174500773802203302e+00
1.006206512877941162e+00
1.090182958662488932e+00
1.078664984154083184e+00
1.196764561769722901e+00
1.143987973001057146e+00
9.715903720269877253e-01
1.107903005950475750e+00
1.061495964176963902e+00
9.220676434288003209e-01
1.002344741062621836e+00
8.049808926472594717e-01
1.066646149255173537e+00
1.181458922518871413e+00
1.073695891100719058e+00
1.144781746712655757e+00
1.013070846125831093e+00
1.047340110559745963e+00
1.010982912705319370e+00
1.067150767174147141e+00
1.167280015322813336e+00
8.856806756190223062e-01
9.550145338447487697e-01
9.044400947091522092e-01
1.081940332994889120e+00
1.160988310436015691e+00
8.185453771843700377e-01
9.181777263331289962e-01
1.072677943152672064e+00
1.182425909780346451e+00
1.025238662633984887e+00
8.537673700667781640e-01
9.351121149719231473e-01
1.095775215878310727e+00
9.793527839822533387e-01
9.139045689230169689e-01
8.564197584131858498e-01
8.861160751002897795e-01
1.096331088058391190e+00
9.457959441642604936e-01
1.066088077595110040e+00
1.066542098098771207e+00
9.745164732910167604e-01
8.361410630459035209e-01
1.001269397329898725e+00
8.688185045110499161e-01
9.542874745062377428e-01
1.074509180279509257e+00
8.076172688935248090e-01
9.417447294316128037e-01
1.168816619214361419e+00
1.136155607511431409e+00
8.445076215720229706e-01
8.596281253918633958e-01
1.084378465192446184e+00
1.066348063970063542e+00
1.011312438045064432e+00
1.017484994344298732e+00
8.770319327292102063e-01
8.703829194484412612e-01
1.096225653788696075e+00
1.030375158974140781e+00
9.921555834806460306e-01
8.691878513646693616e-01
9.345196110678128942e-01
1.206660985496540439e+00
8.678738674889128202e-01
1.044388746450822802e+00
9.235420928914300776e-01
9.155195417405352920e-01
8.631984134005780129e-01
1.041284448006575269e+00
1.052196141326551482e+00
1.181391645628654841e+00
1.005241374672968702e+00
8.728100554330708860e-01
1.141457044916444064e+00
8.917604097530352769e-01
9.261123695092741137e-01
1.142565977777937780e+00
9.967346314786683648e-01
7.881450234535978261e-01
9.526199888071109623e-01
9.522915844737063207e-01
1.129381049748382937e+00
9.109876232976191757e-01
9.366259431716195127e-01
9.159107389686308442e-01
1.099525603867645085e+00
9.737327933055004436e-01
9.349204396053968358e-01
1.000709241535570282e+00
9.699915584229990007e-01
1.050449639409842151e+00
9.604571333408480349e-01
1.027039792922803230e+00
9.295500090593582510e-01
9.496400455020661546e-01
9.379022024652168277e-01
9.735888192623102233e-01
8.776552806303955512e-01
1.052757406443287191e+00
9.757467614942102463e-01
1.057465077665665332e+00
9.908547753922034573e-01
1.108350769806813130e+00
1.102786146492980457e+00
8.909210399407565539e-01
1.055656895320630451e+00
9.118603096436663780e-01
1.077819205959407611e+00
1.008724212729677827e+00
8.573673069490990173e-01
1.158284401311177270e+00
1.013476565811273877e+00
1.134280240578735999e+00
1.086352389894411408e+00
1.000804023008442512e+00
1.167239368568481428e+00
8.340976276960572200e-01
1.039779323134734756e+00
8.893865366873381362e-01
1.039162096544407499e+00
9.515697152128811398e-01
9.045946245716073308e-01
1.074542985164156361e+00
9.153807969019313040e-01
1.112893077924905771e+00
9.296143607769883355e-01
9.586481436738413242e-01
1.138139725549092596e+00
9.334653744842179579e-01
1.011664881727406984e+00
7.897603723638884077e-01
1.147500487659068868e+00
9.563066497894543438e-01
8.291982680579164100e-01
1.046252758883712497e+00
1.064850400985130952e+00
7.712687658159511628e-01
9.168770278225113479e-01
9.654162843051157239e-01
9.894133800652978872e-01
1.008755998459223147e+00
1.103832218019717759e+00
1.141002912775181954e+00
1.082427357582226968e+00
1.137905049716842365e+00
8.437618094788623679e-01
1.014213244493240795e+00
8.997433758563320172e-01
1.032240520015023089e+00
9.982392955586711913e-01
1.058269629967514058e+00
9.287916139326166665e-01
1.138314028420600366e+00
9.732587515502881814e-01
8.416701104980772730e-01
