9.905418761724547050e-01
9.453866964943027362e-01
9.453010792194455059e-01
1.027888498277716112e+00
8.733657410354971340e-01
1.020955515096293009e+00
1.044707316826684496e+00
9.573516774363535209e-01
9.502191324025828223e-01
9.985990027969080529e-01
8.963935184714557636e-01
9.594329456571162318e-01
9.147332591035106653e-01
7.949481134374085656e-01
9.056425060492900858e-01
1.092511100604635965e+00
1.143367595418867344e+00
9.733902706779433700e-01
8.755811664522277216e-01
8.842907985023336082e-01
1.092577954598396905e+00
9.743987089800500989e-01
1.084334668515824829e+00
1.053471624747365887e+00
1.025803583564618204e+00
1.204987929921077727e+00
7.749900830376443839e-01
1.140317887461903101e+00
9.960171352106377274e-01
9.700435030557639227e-01
1.230648043770096400e+00
8.871802223056457493e-01
1.024894527815422007e+00
1.174355647007744530e+00
1.009369699378527052e+00
9.066470271154059013e-01
8.768958183009186724e-01
9.937887149246728002e-01
8.771542929455925508e-01
9.999589656406515648e-01
9.279906117361824691e-01
8.947987539759350017e-01
9.360987204039241671e-01
9.202928941596659751e-01
9.573498482108345753e-01
7.766451318557988648e-01
8.846771618133517645e-01
1.107140456530332884e+00
1.007759138206295813e+00
9.992661062751824197e-01
8.867793348390391461e-01
1.203252219162191716e+00
9.082035410562316891e-01
8.497442373567477558e-01
9.422576845109416066e-01
1.092556463365274899e+00
9.910655748747667637e-01
1.011969775386598824e+00
9.770386269784889777e-01
1.223593788804660631e+00
1.104531449901985374e+00
1.016147313918498440e+00
1.049737460418982860e+00
9.670122751691740959e-01
9.220736639390411105e-01
9.887055058559011123e-01
1.138337463727403520e+00
1.004119242402331080e+00
1.028120282278056630e+00
1.071908168560549379e+00
9.412775111167570596e-01
1.002806528456233526e+00
8.324644474006664963e-01
8.603687218552531490e-01
9.869620797213609631e-01
9.764201402910441807e-01
9.634537173216808359e-01
9.089111767493771588e-01
1.107558116107741242e+00
9.177127491058296727e-01
8.654298987031405765e-01
1.104212429915984561e+00
8.516445115226467522e-01
9.656174795989451720e-01
1.126013832791152858e+00
9.484325229287234871e-01
8.349745053680167617e-01
1.040431352889915617e+00
9.378188761574409726e-01
1.142619717658307277e+00
1.051960554601746090e+00
9.621644034962616443e-01
1.213407854243605533e+00
8.368291449787326197e-01
1.110766439650270776e+00
8.468501714638880795e-01
8.878350827318257643e-01
8.285904336533927994e-01
9.936556774041233053e-01
8.246461320827290775e-01
1.028452386449684397e+00
1.020734577504344820e+00
9.994752300239178044e-01
9.744715908338625887e-01
9.658434419764581058e-01
1.089340626887178143e+00
1.011161249232369386e+00
8.125204080589234490e-01
1.103814481550096538e+00
1.121292094180921017e+00
9.382266853699767761e-01
8.588409772662890518e-01
9.205148698786990158e-01
8.942464232528932744e-01
1.141987648847723191e+00
8.823472646355825511e-01
1.130050353581789846e+00
1.151361730557297181e+00
1.050527286316319753e+00
9.042862962149508244e-01
1.135842790697032312e+00
9.364118466128521501e-01
1.137447526733485814e+00
1.059173760338228298e+00
9.730300915260787775e-01
1.084049498885535590e+00
8.661293156410254657e-01
9.397912164265940227e-01
1.088950480998057246e+00
8.883369055830887540e-01
9.303181937772049270e-01
9.605730529561001818e-01
1.138930172686747788e+00
1.027428154525831472e+00
8.055946366337582987e-01
1.001994761940996348e+00
9.661395893453674777e-01
9.610484835861650144e-01
8.932763772389001877e-01
9.683015209699605830e-01
9.483580394909570943e-01
8.178534161473036690e-01
9.599707070850636015e-01
1.045847542544724895e+00
8.213517588200773822e-01
9.042635149108151360e-01
8.817674589245714234e-01
1.060135473333420730e+00
1.032350189076808533e+00
1.170017282142014281e+00
9.477384415818348451e-01
1.216877226124692291e+00
1.152449937164901961e+00
9.865775692827416510e-01
9.330459369735137898e-01
1.013236157821595818e+00
9.723657256982873864e-01
9.403682287465622291e-01
1.018141743916203490e+00
1.000049464065212224e+00
9.827920985493108219e-01
8.276401157487938143e-01
8.212740273134225832e-01
1.148952612706384713e+00
9.944325004808383106e-01
1.066347038742083475e+00
1.018043391072336989e+00
1.056091650265451820e+00
1.108356923051359022e+00
1.063066257592039321e+00
1.093906876580155174e+00
8.652326028002648162e-01
1.039124139162776572e+00
9.793882062226582086e-01
9.768142327558269056e-01
1.181290659185330494e+00
9.580454874457329240e-01
9.686452098189882731e-01
1.042381137483928244e+00
9.734874029513184146e-01
9.839472991608956276e-01
1.046357533224057557e+00
9.805114331317310583e-01
9.699210854358698564e-01
9.781961328130400757e-01
8.956939531457873693e-01
9.594060064383063136e-01
1.112734781643327953e+00
1.001183530764796936e+00
1.124573814108805525e+00
1.005686151512609872e+00
1.127830541619230464e+00
1.046939217723186655e+00
9.801207142579165810e-01
1.058837621173661425e+00
1.052853433955434737e+00
1.108655422205281349e+00
1.039960091731753078e+00
1.102519008414820423e+00
1.028934628121861650e+00
9.719283941897411960e-01
1.011661990568173852e+00
1.095900299466448180e+00
9.075967486554200603e-01
8.968912216542987981e-01
8.568036280978206243e-01
1.098392470782872721e+00
1.072069444305829178e+00
1.043247082385448721e+00
8.948430990299170995e-01
1.000283962086883083e+00
9.251052672708020008e-01
1.059537264825175296e+00
1.116626616902164137e+00
1.126370699619746452e+00
9.880438999068823502e-01
8.828978634399524683e-01
9.311574845777285114e-01
9.312908982101750777e-01
1.151546335065777082e+00
9.990959027797969849e-01
7.643910812369761887e-01
9.530325467421305596e-01
8.444940156389603159e-01
9.552868227239610377e-01
1.142161142683268960e+00
1.067984006282316489e+00
1.040926164645203045e+00
9.581957886057972384e-01
1.110651643490121909e+00
9.117190650244306749e-01
9.878138585659530513e-01
1.073931653615932236e+00
9.623325088382694847e-01
1.134020074605795347e+00
1.078182029052125568e+00
1.060022062685264554e+00
1.078709287217602952e+00
1.063482720267174164e+00
8.910643578525763164e-01
1.081166799888933605e+00
1.001699808454011187e+00
8.267923363882182519e-01
1.041733672140778388e+00
1.117693790348005534e+00
9.451840642970739115e-01
9.891450142511897248e-01
7.849779743878555482e-01
9.500432233880744537e-01
1.015270978084942488e+00
1.037524685243438771e+00
1.192084444164508650e+00
1.007985932618754354e+00
9.226066103766117354e-01
9.294787095581641401e-01
9.880565607003872763e-01
1.177303173678933446e+00
1.139141895738368104e+00
9.677288930673108025e-01
1.011834765263281088e+00
1.207714016585411665e+00
1.189303711259100726e+00
9.880522864111997983e-01
1.189588061540243658e+00
1.172972574670725354e+00
8.385421787512096214e-01
8.629107110049183404e-01
9.797764955113719143e-01
1.048709663693402572e+00
9.098078162646154876e-01
9.621430896928000465e-01
1.038506739045459648e+00
9.501269446054634304e-01
1.067005904972261776e+00
8.797397976571219580e-01
9.449734433905772057e-01
1.088717629064477777e+00
9.533745614116035938e-01
1.042900337721769155e+00
1.131972275931155902e+00
1.037298500842499527e+00
9.262727016465510665e-01
1.111092781122267503e+00
1.107352145972712254e+00
1.083362434794812756e+00
9.939856800015745009e-01
8.564229863387039510e-01
1.071579953082655745e+00
9.696016035649489551e-01
1.055583055689629735e+00
8.651054447614761056e-01
9.716196520036989304e-01
1.103912346673630029e+00
8.637858173579292531e-01
9.476249468296119582e-01
1.042361454936867160e+00
1.030491326815252462e+00
1.178767005707091142e+00
1.037245436396011966e+00
9.428982227988255138e-01
8.773195002318293634e-01
1.024489949033679403e+00
1.112830642799731429e+00
1.044293567854984284e+00
8.669141273118745605e-01
1.100536462272510452e+00
1.057619172823013765e+00
1.169298357021067991e+00
8.534485090599868151e-01
1.123216399882742911e+00
9.671568957132781197e-01
8.982453418088537367e-01
1.031596345699535178e+00
1.175988060761933296e+00
1.066589778358772334e+00
8.182201652757603583e-01
1.105323947059742684e+00
9.410044873610949878e-01
9.046436081982431876e-01
1.006803425854956746e+00
1.096800074346043541e+00
1.037004615969771670e+00
1.185305934117033111e+00
1.035730266192298465e+00
9.537020600237979817e-01
1.153245347546805855e+00
8.409816778058702980e-01
9.387966965059754143e-01
7.944111016368864409e-01
9.796893243799589257e-01
9.761645601587509713e-01
9.520027661364325322e-01
1.001503784658543283e+00
1.116237243411818625e+00
1.011175296093352660e+00
9.105050715625582214e-01
8.981935120023090136e-01
1.029373333774290966e+00
9.089867727859790580e-01
1.134355284354142901e+00
9.892745971897587420e-01
8.402299951668485978e-01
9.648236338788951372e-01
9.198612250247112376e-01
9.372026036437320906e-01
9.714762796030127490e-01
1.159279588625435897e+00
1.077413871506343268e+00
1.034349416973223024e+00
1.094779872301751222e+00
1.065429463531605947e+00
1.164509521125083991e+00
7.759807613987290686e-01
9.070067637328069754e-01
8.700015984701127136e-01
9.533161994381602611e-01
8.691053353583504393e-01
9.274985755780725816e-01
1.112109889793822415e+00
9.090780825045189362e-01
9.881501974525861431e-01
1.004454741199481083e+00
8.987370030108847718e-01
1.091735845418281503e+00
8.551445147745797559e-01
9.157076059375071075e-01
9.300813629656352610e-01
9.759850985064524309e-01
9.872575607109432827e-01
1.008614443216611756e+00
1.123059263436907651e+00
9.539663023100171113e-01
1.022680193584787123e+00
1.077651141216704911e+00
1.053852614684620548e+00
9.439158939579528340e-01
1.025351422967621939e+00
9.419586908652874957e-01
1.139636862791430616e+00
8.449058886772388144e-01
1.028192438069852166e+00
1.085176526032768596e+00
1.064226061152408365e+00
1.168852821442166956e+00
9.199850629999929419e-01
1.087983885400227058e+00
7.960573931284968818e-01
1.046868401424662975e+00
8.606841813066151703e-01
1.116316524928977705e+00
1.104091876909755188e+00
9.557419223105855233e-01
1.155505603734375608e+00
9.715491806693772325e-01
1.064813221867652926e+00
9.146624191449663765e-01
1.017983936924814925e+00
1.111700205370375505e+00
8.980291924337895360e-01
1.009115336906648119e+00
1.017043218563029372e+00
1.071264682450649763e+00
8.261632039027597685e-01
9.799344641969094383e-01
9.415389190920144813e-01
8.960937704163777218e-01
1.149362011473710643e+00
9.257091755127960786e-01
7.967393307502484978e-01
9.404486610462901020e-01
9.991424673973856585e-01
1.041282442549687826e+00
9.408787188782694599e-01
9.947643720806172984e-01
1.045558075189421565e+00
1.097859891588333525e+00
9.860400109413463010e-01
8.179572981461964432e-01
8.467639113943286056e-01
8.656514674304935930e-01
9.918513079801585253e-01
9.806730221533230818e-01
9.705791678179278570e-01
8.507632858445941526e-01
1.149460212398616399e+00
9.551200319576231834e-01
1.082968300353088331e+00
9.696174506576550334e-01
1.136797399351716864e+00
1.101715303623695963e+00
9.461792990849355878e-01
8.417683279060687029e-01
1.018684297030251429e+00
9.574847994291311171e-01
8.044942451175546294e-01
9.869967733011020261e-01
1.100381605453108369e+00
8.572133805972554921e-01
1.215979769273931366e+00
1.134340252995336362e+00
1.060113953670565490e+00
1.020614811022075186e+00
8.991647417203459947e-01
1.088055325469970080e+00
1.035496028002042435e+00
1.025665832411923439e+00
1.014691345038424286e+00
8.602991327126403576e-01
9.550547323805005373e-01
1.107920444698124562e+00
9.377240116677142412e-01
1.058577760161897308e+00
8.907209401379139191e-01
1.055586233682043629e+00
8.229383687322494589e-01
9.657714800962297064e-01
1.083707209328635512e+00
9.521806430012176303e-01
1.090691694550245394e+00
8.937315853530873877e-01
1.048088463025469874e+00
1.116827493429391360e+00
1.001759647071361226e+00
8.573698507624027965e-01
1.001365858698925360e+00
8.083129047773964793e-01
8.547970182013850948e-01
1.128588333509826125e+00
1.060626399257906805e+00
1.054314124494817317e+00
9.759019239316440997e-01
1.052245396324489990e+00
1.060616952058069717e+00
1.162998586251731581e+00
1.043182258987279454e+00
1.078643682730577424e+00
9.611320626173892601e-01
1.104724662202676067e+00
1.040574272670264699e+00
9.360760005132318096e-01
8.200216823740320571e-01
1.068751954930263537e+00
8.425452196222439349e-01
8.799568864227613751e-01
8.287704599473380007e-01
9.591719158661816680e-01
9.252516718671183193e-01
1.117355508736695757e+00
1.002864256285479483e+00
1.056854066527172620e+00
9.934333251253242292e-01
1.056641948904034845e+00
9.391943967921432268e-01
9.816924935758115645e-01
1.016242105224578918e+00
1.043497073339091807e+00
1.060996309936355964e+00
9.910934192445941537e-01
1.059993675113690692e+00
8.374154182086309683e-01
1.155943806126106255e+00
9.132891969959781031e-01
8.377303265857778403e-01
9.492488901014082270e-01
9.507197452628159962e-01
9.248615042362160477e-01
8.540862119121663820e-01
1.067818345295938665e+00
1.046116612266620338e+00
9.651061762707975333e-01
9.142185966755809190e-01
8.522067626894969106e-01
1.089197921058086882e+00
8.919754897620277845e-01
9.147816705008213756e-01
1.045621365440798867e+00
1.167309429537080057e+00
9.213250824605525580e-01
8.334598250569430489e-01
9.803380794299909606e-01
8.764179197299459823e-01
9.961414806634845132e-01
1.183936391316985581e+00
9.147391299810674337e-01
8.484489002206232477e-01
1.006346323600778803e+00
8.356186856093712478e-01
9.721338867198747735e-01
1.098772441453496729e+00
8.606099807204612429e-01
1.040283024086869457e+00
8.098046701647968471e-01
1.047697623705270198e+00
8.766390520746978332e-01
8.936351029374878241e-01
7.978647703008845404e-01
8.271993616326885901e-01
1.051117553851026676e+00
9.396551603044418499e-01
9.187775030542979504e-01
1.046795998700444486e+00
1.050490656493024977e+00
1.034750800418681393e+00
1.213150872268008218e+00
1.101102944825686158e+00
1.033850196188623949e+00
1.031100676933056626e+00
1.052682771626424429e+00
9.968694486289491064e-01
1.037260306798165832e+00
8.518243421421611838e-01
8.947379616778640132e-01
1.156017039069884289e+00
9.429184546727542582e-01
1.075452513051535997e+00
8.879711832375762892e-01
1.029073768056165683e+00
9.699427837541146902e-01
1.048975884873486031e+00
9.951320610229118513e-01
1.073384400090440671e+00
8.432756883200023257e-01
8.123161722773073468e-01
1.144190757444975226e+00
1.107134060568784495e+00
1.055357517256542144e+00
1.177372978944949855e+00
