1.094691793729072771e+00
8.968759739464893244e-01
8.806827625412294580e-01
1.116249549006451236e+00
8.911324603711276993e-01
1.139138312835065392e+00
1.131754473453322030e+00
9.291137467158112617e-01
1.160450698022731375e+00
8.771035380358253031e-01
8.250000632154737001e-01
1.217301281400324564e+00
9.482223375067859727e-01
8.728150965500585112e-01
8.716932007592549381e-01
8.542868355320907270e-01
1.027460228290558053e+00
9.932946814922993806e-01
1.023677493880521316e+00
9.792658623948978791e-01
7.974652329986279264e-01
8.859457030804804845e-01
8.639450835483057922e-01
1.076791664913098634e+00
1.054565050741573362e+00
1.101981415093383765e+00
9.168468358364227910e-01
1.133181280457309370e+00
1.005469465993690026e+00
9.513163024263588952e-01
9.493029215817851973e-01
1.043372324600480905e+00
8.878545577991677762e-01
1.030479345977235228e+00
9.630140904191613060e-01
1.050992224399381225e+00
9.722683482854383996e-01
9.602768322807861967e-01
1.141641665623127411e+00
1.029671585912549592e+00
8.634590306727092379e-01
9.081320045564285071e-01
1.032279599642416779e+00
9.707342642428151702e-01
9.545033244108196424e-01
9.407712867043516169e-01
9.803570056097508090e-01
7.912307801838123211e-01
1.013442888268938358e+00
1.020950936407840404e+00
1.113711633018734881e+00
1.020961640486719890e+00
9.804576212277723579e-01
8.531372814613596978e-01
1.079125564593622633e+00
9.571647738386344084e-01
8.997035134676744095e-01
1.183252568541718563e+00
9.327957032713480867e-01
8.004153544466066084e-01
1.099005921801365471e+00
1.127356369974743311e+00
9.965410908137699586e-01
1.166749234734975493e+00
1.051950884025786959e+00
1.126927114790449602e+00
9.421652630422436836e-01
9.352906984145161751e-01
9.265974700824823884e-01
9.754883145871577899e-01
9.417941845408601687e-01
1.153947739076172097e+00
8.504716264080126598e-01
1.035082420989979823e+00
9.614658328584299030e-01
1.001659690148923199e+00
1.129615852389778796e+00
1.186015671643819935e+00
8.988389864872858848e-01
1.031177525242294557e+00
1.109096914958088043e+00
8.801184067916674181e-01
8.564340708847679728e-01
1.070960779640382388e+00
9.961966116301139706e-01
1.093037575131097672e+00
1.010361145311854614e+00
9.201627362026941759e-01
9.634865490138242450e-01
1.018109457950647778e+00
8.870648942392527214e-01
1.090634681623323887e+00
1.081764523645235787e+00
8.033947420014926344e-01
8.610816296403518422e-01
1.038563968218280564e+00
1.227468765428230357e+00
9.606296012311750232e-01
1.079564226138382210e+00
9.692706164926323531e-01
8.665449593205464263e-01
1.207234630007308240e+00
9.187178158799007566e-01
1.083982943945595245e+00
9.037943123392024880e-01
1.048116767303178376e+00
1.070654533273655229e+00
8.144496897171046301e-01
7.828418950198767767e-01
1.010507702518364415e+00
8.604762308085671663e-01
1.020930153429167930e+00
9.605026505350158228e-01
1.072826822609750375e+00
1.124023555970536492e+00
1.035638977076153822e+00
1.098623780487221424e+00
1.056505087630734696e+00
8.694090448946969474e-01
1.020627921834246221e+00
1.194450593462886401e+00
1.063238723804018848e+00
8.455548061091697765e-01
1.123295976249967243e+00
1.174477985410293801e+00
8.634690036410375136e-01
1.145303075234540779e+00
8.506311348522295201e-01
9.356339235460987558e-01
9.277646484283947892e-01
1.054337930948278768e+00
1.059872401886478244e+00
1.071388572423331409e+00
9.806877064671062350e-01
1.143916858826261818e+00
9.634018397925288024e-01
9.120659457434290296e-01
9.968185280592449793e-01
8.492022300721411288e-01
1.070318677286602238e+00
9.744326632283660805e-01
9.480522873851482402e-01
1.024687944524265815e+00
9.323539986940883040e-01
8.848525686496353515e-01
9.523361654890153405e-01
1.074648546467343424e+00
9.890166526228674204e-01
9.187711963888132161e-01
1.059138596703156354e+00
1.010614646997018973e+00
1.146183843535183655e+00
9.050746232973339023e-01
9.036237865225726917e-01
9.137269972069658186e-01
9.659834205809249008e-01
1.075854517861634330e+00
1.028520942131562643e+00
1.122418209230753749e+00
1.127497182385275298e+00
1.032149228202243751e+00
1.051395144538025184e+00
1.066525918525226491e+00
9.154126405422253754e-01
7.981740475520662237e-01
9.890394756569886869e-01
1.100901802888058612e+00
1.137165528753133259e+00
1.122991080573638945e+00
9.825540024387243720e-01
1.119055165213476144e+00
9.227497659105425853e-01
1.006864372825592602e+00
1.152568469809692298e+00
9.637186412310693173e-01
1.059788092308372232e+00
1.144980362581843547e+00
1.077374379553850847e+00
8.080383309879923814e-01
9.639299449361549144e-01
1.142626330132070267e+00
8.250888311442583500e-01
9.959379978833503566e-01
9.771641970277729072e-01
1.022656480035587956e+00
1.009593612482614589e+00
9.793458264530567892e-01
1.112053409069759358e+00
1.004080729965545427e+00
1.003193303489419153e+00
1.043800741507681540e+00
9.792121355188749821e-01
1.005278029296742259e+00
8.345849479264892956e-01
9.648315245923870798e-01
8.628740818856301953e-01
8.618424500290735590e-01
1.093964528013819493e+00
1.023958545044966861e+00
9.087351825807403749e-01
1.082110707044480646e+00
1.053918168213161088e+00
1.007085634525002327e+00
1.078203320598467574e+00
7.803460420703535183e-01
9.487752680197927280e-01
1.123201204511200535e+00
1.220105931117556608e+00
9.942665211205312659e-01
8.150427169107525849e-01
1.067718763160359741e+00
9.345700427688471423e-01
9.419362023231229175e-01
8.814388936321833068e-01
8.076834451440731977e-01
1.050747416378692289e+00
9.751244216827912314e-01
1.210523026318607531e+00
1.184705190499615535e+00
1.168468626574425073e+00
1.058098989547104241e+00
9.942306564053414730e-01
8.822188709135421192e-01
1.100496197594263981e+00
1.057418814577774535e+00
1.121948338688218527e+00
9.736785129535830974e-01
1.146488087152842006e+00
8.751345278807578509e-01
9.573387218181703684e-01
8.709953921670986476e-01
9.945537231512927567e-01
1.072209631104088734e+00
9.654223812695053031e-01
8.270837655629463825e-01
9.943167522741083175e-01
1.043669216682906686e+00
1.099019141652117115e+00
1.162387562418822684e+00
1.105898921570267479e+00
9.837786153148535551e-01
1.021054393241880076e+00
8.660011612641711487e-01
1.010678705602827465e+00
9.871412183703669463e-01
1.031718036372679892e+00
1.041149276217114394e+00
8.956508691898665830e-01
9.428961265158591898e-01
9.701197673153443279e-01
9.844467182069431832e-01
9.910213834351919715e-01
1.137800197521098733e+00
8.521840487601191061e-01
9.409729567821013552e-01
8.633610105235934862e-01
1.142657521018012101e+00
1.079580558040008631e+00
9.141944611210530702e-01
1.145462050567059631e+00
1.040407492262661826e+00
1.047763672176903027e+00
1.103020724978904132e+00
9.243723397895264871e-01
1.114526189126236355e+00
9.270105240987940309e-01
9.936956551460385256e-01
9.385969635844149117e-01
1.047921517549496251e+00
9.858998208566547294e-01
8.954465769833961364e-01
9.284406522857637789e-01
1.068904817565778265e+00
9.416439682991460947e-01
9.276125900893026355e-01
9.271936977427819304e-01
1.095811513160824813e+00
9.692205588835192120e-01
9.965441854478733763e-01
1.042772843572186359e+00
1.040410867057908861e+00
1.060511229281867696e+00
1.125639420434082716e+00
9.161614491812442029e-01
1.108931310022299499e+00
1.005481394537611317e+00
1.026323867514463029e+00
1.065648113025030597e+00
8.326562430830408701e-01
1.074277542834381372e+00
8.160845996027059623e-01
1.028398658938652011e+00
1.148961109021808147e+00
1.083743566011347248e+00
9.397332180039750238e-01
9.061737189657119718e-01
1.083055945256345964e+00
9.344673735669808412e-01
9.714500268671153460e-01
8.039245329912062532e-01
9.934417221188074354e-01
9.512973955412507010e-01
9.276495931771062686e-01
9.484787302104868978e-01
9.579006850637290515e-01
8.697181682543773107e-01
1.172366597663663690e+00
7.849423754204076786e-01
9.608112647333910683e-01
7.794253538261342040e-01
1.101973639663225590e+00
9.215597027790896068e-01
8.951047568268621912e-01
8.513023837462361243e-01
1.054971650582358089e+00
1.080762072023432108e+00
1.091090407488394920e+00
1.017621841523267401e+00
9.833010787684113296e-01
1.097155515622755484e+00
9.295736839866175494e-01
1.064593964088785594e+00
9.585200334970029878e-01
9.196372938208698944e-01
9.529119071316205503e-01
9.639685925852747861e-01
9.329487471403115073e-01
8.574739140919245273e-01
1.040674606857356688e+00
1.047020592968884056e+00
7.750854940360030199e-01
8.338787786700390114e-01
8.314065638303114181e-01
1.010960033654368040e+00
9.467720300389999011e-01
9.671779364454423655e-01
1.037481590853982283e+00
9.080278083417691048e-01
1.004402259226469196e+00
1.132088288484819794e+00
9.841574269169772737e-01
1.080344180207005733e+00
9.263551485472996116e-01
9.194742147563335077e-01
1.127342271321330358e+00
9.012699475581511521e-01
1.032942969376573927e+00
9.098318654018372476e-01
9.623181369146196484e-01
1.138146696144378689e+00
8.616471585059393146e-01
8.721619973584787688e-01
1.125347245849001032e+00
9.171965376439379369e-01
9.560053961920682575e-01
1.068821551689395077e+00
1.140287683344318959e+00
9.281193692877668378e-01
1.053879259683926817e+00
9.690173795318536287e-01
9.619711351810890099e-01
9.284178839008059292e-01
8.433425142269278529e-01
9.028470205579102181e-01
1.113404895312254839e+00
1.004505457872770569e+00
9.477109323318910761e-01
1.053877623420360177e+00
9.160219882365920885e-01
9.251611952729270616e-01
9.895049159174046371e-01
1.103645323749971041e+00
1.086154570204140413e+00
8.444836726660279735e-01
9.138421723835805643e-01
8.769904237043124606e-01
1.064818223471719172e+00
1.078587693090915733e+00
8.840950807323111338e-01
9.674590477844515757e-01
1.023461903461843514e+00
1.028507089739425062e+00
9.873203188478741898e-01
9.243097464463523316e-01
1.160088970253590812e+00
1.159305646395231371e+00
9.262985580262643737e-01
1.019690590636416427e+00
9.930679808837712397e-01
1.095919098931352309e+00
1.083042329812186955e+00
8.547204984453580234e-01
8.147092908898809771e-01
1.084727635313167626e+00
9.890805294653539637e-01
7.999154692085425067e-01
8.739875877603708876e-01
1.058046978149787654e+00
9.271846747343195361e-01
1.148927322161128473e+00
1.141399169377556477e+00
1.111825025195523065e+00
8.627805478354364510e-01
9.560331400016961467e-01
1.160000286105653755e+00
1.051253384259985824e+00
1.045391405734589441e+00
9.643225443456491242e-01
9.265064451767541787e-01
1.040789124489803985e+00
1.080728815045158386e+00
1.083413514714162362e+00
1.003649400102831546e+00
8.395465393430669998e-01
9.844047244607594394e-01
1.112562382501459224e+00
9.574176797644906589e-01
1.010771069089207108e+00
1.046404707941345880e+00
1.060838242049311875e+00
9.774748397481727302e-01
1.203965629538677806e+00
1.158783016859264103e+00
1.029091773069379823e+00
9.828949060402027982e-01
9.508434609618273692e-01
9.430627019451853776e-01
9.640623817109048588e-01
9.568550306225359625e-01
8.794023847789378401e-01
8.750870907385228659e-01
1.002501686207185605e+00
1.056631469488795716e+00
1.028495079551477565e+00
8.768030254553539349e-01
1.028776812342055758e+00
1.189019654203747889e+00
1.142061132116413802e+00
1.095036966468927453e+00
1.184808266346413674e+00
9.335644027665146449e-01
8.336518010389014632e-01
1.117093753576647863e+00
9.097705724198791311e-01
1.042527164747024226e+00
9.473703267966567809e-01
9.845968669131239803e-01
1.020667111681410555e+00
9.044680732786133381e-01
9.546226812030633724e-01
1.103690586195153367e+00
8.859841138920785397e-01
8.473191637770398632e-01
1.035600875360653594e+00
1.111035888470242927e+00
9.171645340229096499e-01
9.107870397000146223e-01
1.096147321387506146e+00
8.205292245267501450e-01
1.118964012428476762e+00
1.104858603583056098e+00
1.033484148084718779e+00
8.705235785443359298e-01
9.078943766106831736e-01
1.035505991526074032e+00
9.394924717683799109e-01
9.297586095734255984e-01
1.044699416736194708e+00
9.663822188615383002e-01
1.226046580594463808e+00
9.678621542656435928e-01
9.357314029062908656e-01
9.515648222383821242e-01
1.109260254591880379e+00
1.173499472412745659e+00
8.675312770211700553e-01
9.232552407378532555e-01
9.254329550887983036e-01
9.982308914385571441e-01
1.036656381154579254e+00
1.052700487739745672e+00
1.117489721641440115e+00
9.962043440929442273e-01
9.649855278487430299e-01
1.009727277895044351e+00
9.389423652216473126e-01
8.686066870357881387e-01
1.198482883998418291e+00
9.715999216607031919e-01
1.153264990021694025e+00
1.080748859648463123e+00
9.430386758515567625e-01
8.036415082020635925e-01
8.282863537161828660e-01
1.068899937403172240e+00
8.368588810505028786e-01
1.151425362143334796e+00
8.781996838824572826e-01
8.307369988998494215e-01
1.191319855261603111e+00
1.027228320611479617e+00
1.010569749119291316e+00
9.459117235930647460e-01
1.038269377509866365e+00
1.071314838280573722e+00
1.144692000098729734e+00
1.014710057486162942e+00
9.770718825425662724e-01
8.655139898083454852e-01
1.032931959710136072e+00
8.196895263084786887e-01
9.669895869519724574e-01
1.014244463962501008e+00
9.226126029179169130e-01
1.073769314055317059e+00
8.880767093826548164e-01
8.279747500803953386e-01
9.103938024792930239e-01
8.810398869343609718e-01
9.167773530850079622e-01
9.211974891976593138e-01
1.110790197719538464e+00
8.456364229070993943e-01
9.012603857199248392e-01
1.071653908662234977e+00
8.491577157270218112e-01
9.329175679654870823e-01
1.025211625649350200e+00
1.143698705047080821e+00
1.082119196648194448e+00
1.065640455173291645e+00
1.020592626770323808e+00
1.091845240981607290e+00
9.515929676297911755e-01
1.096450340920031907e+00
9.326386425040775752e-01
1.081577432893865431e+00
1.003912931714858514e+00
1.004273370280709621e+00
1.146134651218333689e+00
8.156801972259890565e-01
1.062346993345117951e+00
9.178312641301342722e-01
1.030722205158017157e+00
1.111452066926620352e+00
8.519104675491595557e-01
9.540920610991658890e-01
1.090698515736397534e+00
8.648126768149919652e-01
1.090618592701565692e+00
9.821757404383311130e-01
9.086601813753698575e-01
1.206905445655680920e+00
1.053292879361029888e+00
9.181492567419844431e-01
8.929894598465221156e-01
9.539479406770732250e-01
9.909039815920074323e-01
1.126940110771172066e+00
8.099505415799330699e-01
9.164938297483229412e-01
9.111936992220912579e-01
8.527365221649532145e-01
1.036156022126011989e+00
9.309757521991186557e-01
9.609822010926321045e-01
1.201265767195118572e+00
