1.077761521312779802e+00
1.093556835408121319e+00
9.571226578820493103e-01
1.008305259255336317e+00
1.070937945880007014e+00
1.056802189000396019e+00
1.095000499173788056e+00
1.035825412594620687e+00
1.069761085264232747e+00
1.171875440592691664e+00
9.405897555265056997e-01
1.122790513173269389e+00
1.159813286899231910e+00
9.986758352426945429e-01
8.973848650653964976e-01
1.085441062799519241e+00
9.283380423203920762e-01
1.067892876654924050e+00
1.118726330790255741e+00
1.147187097769843955e+00
8.298330356160343868e-01
9.769900915679161635e-01
1.014376543785423523e+00
7.954488911103670956e-01
9.236432290443234994e-01
9.766803751670161127e-01
1.213957558041107498e+00
1.054076611266386410e+00
1.077224696844261143e+00
1.077433553885612127e+00
1.082962638413570655e+00
1.037000533214589293e+00
8.817983644673412780e-01
1.065078568968647499e+00
9.892856449705780264e-01
1.116607414697567524e+00
8.848721326175701396e-01
1.049148998542143607e+00
9.407331342821698694e-01
1.012382351139332171e+00
9.628639355037357239e-01
1.042656263555397533e+00
9.153141975951583076e-01
9.741237426114753850e-01
1.008221555466902286e+00
1.066281362917324893e+00
1.023032140531716649e+00
1.084894586967104058e+00
1.025583877328563709e+00
1.018256998396997126e+00
1.195564837756571741e+00
1.047460752053631872e+00
9.728829193120820396e-01
1.024173671098928429e+00
9.550927035534493292e-01
1.174418843345424568e+00
1.017759189533314679e+00
1.116565312982459535e+00
9.278708801466255540e-01
1.084896040375016080e+00
9.037668691649184405e-01
1.038467555901954720e+00
1.110356570161754819e+00
8.866808501602245762e-01
8.922273743579851590e-01
9.226207041509892903e-01
1.108508445082184712e+00
1.009178588661940879e+00
9.307598635053788705e-01
1.026727354079751464e+00
9.762726978046569748e-01
1.015198786977435930e+00
9.019534298526965532e-01
9.784356718239014539e-01
8.431485663734703540e-01
1.133038713519847196e+00
1.058226665469258032e+00
9.495457656021606407e-01
9.787034792080884227e-01
8.908464041459089877e-01
9.275772777416886328e-01
9.056891833251794477e-01
9.589153005517812023e-01
9.959271182740965234e-01
1.072560685906900568e+00
9.902571303914424750e-01
1.108841850769051396e+00
9.595929274227432693e-01
8.856601822840648452e-01
9.771465895678017599e-01
1.077620835047233161e+00
9.942961365008535779e-01
8.221695219666149690e-01
9.654592932411277806e-01
1.044529293534947501e+00
1.116105203700307635e+00
1.103504037598821430e+00
8.930458445729487771e-01
8.186565772375851147e-01
8.989468929139853293e-01
1.075645710226641238e+00
1.107355425766049395e+00
1.078241173355525273e+00
9.620544674778198635e-01
9.598114581829810810e-01
9.247762787493720715e-01
8.081544424731239573e-01
8.947632708357785569e-01
1.103338115026778699e+00
1.045295600876614994e+00
1.034831955587012242e+00
1.165861995792256689e+00
1.019114428822217144e+00
1.051481310566753313e+00
1.012796294286335108e+00
1.143502684253244306e+00
9.093701893330921049e-01
1.046665073702527815e+00
9.669888216027719974e-01
8.251565018261595164e-01
1.056752553466620448e+00
9.888081071056524785e-01
1.058038166188737472e+00
1.128836697370775743e+00
9.539115974511767071e-01
1.185317114551472262e+00
9.052251927812913213e-01
9.580870963710976795e-01
8.047265100880951483e-01
8.997371293032314643e-01
1.005258213107038001e+00
9.993613511958114870e-01
9.249478523129484042e-01
9.607392170236299656e-01
1.021925472936800583e+00
9.261569324582266116e-01
1.087872287281149930e+00
9.005674145960931298e-01
1.090870809163415389e+00
1.125231507080228566e+00
9.140595404501745680e-01
1.045555907713421107e+00
9.198152251766645859e-01
1.036732625728295165e+00
1.064690473755106614e+00
9.531577025411763771e-01
1.101224901847458248e+00
1.001540201741071057e+00
9.070789368334100100e-01
1.113353102202215617e+00
9.551807195237194126e-01
9.814264428762911052e-01
9.181679992975777527e-01
1.055186153196997711e+00
9.217155687148383958e-01
1.018601468880573568e+00
9.220593277593651660e-01
8.659639783590511453e-01
1.016897723229556849e+00
9.943846013071238055e-01
1.158674246676362873e+00
9.375186919089109061e-01
1.088885834217713455e+00
1.017762279296696049e+00
9.226927836062955857e-01
1.032254334506392812e+00
1.096314994847741087e+00
1.114095977113483737e+00
9.489776460357521870e-01
1.186523033816277772e+00
1.232971566534740937e+00
1.105874632139729918e+00
1.064425624179226482e+00
1.035595633445266728e+00
9.180873527079369545e-01
1.082319276401514152e+00
1.076797994573532868e+00
8.671859398589052415e-01
1.117048104066827863e+00
1.032440074634490390e+00
1.028983914205936046e+00
1.100913133808333333e+00
1.093280411393372287e+00
1.187615074825961070e+00
9.936056081070870905e-01
1.011785804222765206e+00
1.083363111611103324e+00
9.678512973358307514e-01
9.059025209353051000e-01
1.140180127048554315e+00
1.010429745290301273e+00
1.212376278664757834e+00
8.265863182998633985e-01
1.102697957874687829e+00
8.654750785986211614e-01
1.143287442660648745e+00
8.970051343574199088e-01
1.156441562034015380e+00
9.754344931703105015e-01
1.103118755016650354e+00
9.570763789123796217e-01
9.419860713811967212e-01
1.006007469313703773e+00
9.715873089231661375e-01
1.150361903896425231e+00
9.778921678074621315e-01
1.049198832921589331e+00
1.083402516141372729e+00
1.071943321159669837e+00
1.070684624399002471e+00
1.016274260339256053e+00
9.490065918124623856e-01
9.344730693696334800e-01
1.075187850184371241e+00
1.134641979662028843e+00
9.187823687285814334e-01
1.044752269197734007e+00
9.673424789714640815e-01
9.924730920152617930e-01
8.936375405257863669e-01
1.026856869600851319e+00
8.669885242860828622e-01
1.023043716095217048e+00
9.162916501798310520e-01
9.687292431671528092e-01
1.024503148984941436e+00
1.065169890813305154e+00
8.619982609465359769e-01
9.920098041955374146e-01
8.689551743916718030e-01
1.025704545498034470e+00
1.098253010396422091e+00
1.037803364888829627e+00
1.117695401712329506e+00
1.041825511420802819e+00
1.011845915511688787e+00
1.078086400282742385e+00
9.397326541659548615e-01
1.000909921224210963e+00
8.344650082261924062e-01
9.617157582480810873e-01
8.580957113491913812e-01
1.096227442748422654e+00
1.033759959515621274e+00
8.962046546844091299e-01
1.000512376805982928e+00
1.070084667998561168e+00
1.082307715505472112e+00
9.324194027815118080e-01
1.084560105339587910e+00
1.126256850428638323e+00
9.910872267448207484e-01
8.329878871143541197e-01
1.114729744280562818e+00
8.131284218719060375e-01
1.114865519817680894e+00
9.718209258874017653e-01
8.984958248850878348e-01
1.055091783188429000e+00
1.007916594554168599e+00
1.041329921764057032e+00
8.508728744918161446e-01
1.075431061121920662e+00
9.776826177119700700e-01
1.063668516523355700e+00
1.056317512606329556e+00
1.011479432980743498e+00
9.461446803359940816e-01
8.779594247587575451e-01
1.169167212784469445e+00
9.554379614423544886e-01
8.541602522817061116e-01
9.701039870393766140e-01
8.418066407955425712e-01
8.915427794698493891e-01
9.606876130370413103e-01
1.014976756187708329e+00
1.021805585146174256e+00
8.809817986408370327e-01
9.375828162528928589e-01
1.092079761443452091e+00
9.719526648250184087e-01
9.156983526786129923e-01
9.249916971428098211e-01
9.461763238728883030e-01
1.104499269337110956e+00
9.115814530177495101e-01
1.118208127957533771e+00
1.061600782406235455e+00
1.134567741463782031e+00
1.137935096201797336e+00
1.152079762392671736e+00
9.339678825674528895e-01
1.021121604064106902e+00
1.101898349631415863e+00
8.601337725483880758e-01
1.133057221376499335e+00
8.509005066710605414e-01
1.000774441474603371e+00
1.127473188527859271e+00
1.096109549374573389e+00
1.021162728378052220e+00
8.361907880227971157e-01
1.006100650635438853e+00
9.110640892117863876e-01
1.046619817667924668e+00
1.087318671996236885e+00
1.054910134517368370e+00
1.043296914980254009e+00
1.110420305264554264e+00
8.161559521917254312e-01
1.025349094061998256e+00
8.964704372538043753e-01
9.500753242036348301e-01
7.900602361227360149e-01
8.775914103477127082e-01
1.199369504213603665e+00
9.672472336745336907e-01
1.025950159056608468e+00
8.181819181622331794e-01
9.700219808548030676e-01
1.040819393209219346e+00
1.142727378573869412e+00
8.878940333258654727e-01
1.022295579892074535e+00
9.451854071276279967e-01
8.782170946277578771e-01
9.574996959971400212e-01
9.416136752830600587e-01
1.019886903318736548e+00
8.509936716131081269e-01
8.873853722097616581e-01
9.658133328101895509e-01
1.108290282248628689e+00
1.034174347865724153e+00
1.000753011842448359e+00
1.126915932415171406e+00
8.326927335805967001e-01
1.022885239596128981e+00
8.260521957476493204e-01
9.814394029890919358e-01
8.735288835546770603e-01
1.044635294251945457e+00
1.002330236742726921e+00
1.044758053058403302e+00
1.031058400240010275e+00
8.264343237158320310e-01
1.104747530961190716e+00
9.946230500784130069e-01
9.256491134385906872e-01
1.044237980729808557e+00
9.195049704804104662e-01
9.777267255194372897e-01
9.534897607664065688e-01
1.011628853055741573e+00
8.972684427622041881e-01
9.782140629313811342e-01
1.113521743208625292e+00
9.317662877676202715e-01
1.060333457539548219e+00
8.585516230899753465e-01
8.628406900425594772e-01
1.143326858475791408e+00
1.180620225121100209e+00
1.111927230808751554e+00
1.079522743008870744e+00
7.902936076506045238e-01
9.979588265648489109e-01
1.092834972710055030e+00
1.134239244581938477e+00
9.557534989723621699e-01
9.049317315953564478e-01
9.183344457556441576e-01
1.088715479398540520e+00
9.932399142024602723e-01
1.084053949156690733e+00
9.549927078370606948e-01
1.114099166819733533e+00
1.177624486371004364e+00
9.020550293677855880e-01
1.106096424722054605e+00
9.070364101913557242e-01
9.738648040510122783e-01
8.993281503240371233e-01
8.649274383499332419e-01
9.323557147014008839e-01
9.072364253276867796e-01
9.816104852101210643e-01
1.082414096115803304e+00
8.266997347425888432e-01
8.670817226017295543e-01
1.101400610818313197e+00
1.197884372752253901e+00
1.005745882233620048e+00
8.508183826071229472e-01
8.553780909212813643e-01
9.088605718670152989e-01
9.784994888501894472e-01
1.000371906317405024e+00
8.217517769797877403e-01
9.252194937065263414e-01
9.443643180874021770e-01
1.071673828575490095e+00
8.506624301366181307e-01
8.955455309372453154e-01
1.213737246009847226e+00
1.007597310893732834e+00
1.137598382822303300e+00
9.741847613769110126e-01
9.727886657143534066e-01
1.013368454585201528e+00
1.208994096773661653e+00
9.450007696043540850e-01
1.202754259314287033e+00
8.970501840933869930e-01
1.095994016622221956e+00
1.096386261587772193e+00
1.010425354376600415e+00
1.113181087145832082e+00
1.223713869104159802e+00
8.631972533420007032e-01
1.129633425396411317e+00
8.745460822125317168e-01
1.140960955042247038e+00
1.004230644553562035e+00
8.904910329100519384e-01
9.151526989984479776e-01
1.070367981836678695e+00
1.074173461650847372e+00
9.173480208548265846e-01
9.526912426132467804e-01
8.615168167413247424e-01
1.086616629125613187e+00
9.104241170700468899e-01
1.015414987069302111e+00
1.159198015963425421e+00
1.002601646119953394e+00
1.117822914980831417e+00
8.684362820220394852e-01
1.031965479215913195e+00
1.008568738103539530e+00
8.990082086023793995e-01
1.153350888895604998e+00
8.876647273284830053e-01
8.982435958981676016e-01
9.490611679787513966e-01
1.049524986960060913e+00
8.058851356771401520e-01
1.060575635354896962e+00
9.067286971784542793e-01
1.129726451951099886e+00
1.053048642443323413e+00
1.027881650504466338e+00
8.700360087565301992e-01
9.345918450235919384e-01
8.681640277958937446e-01
9.681950889360870782e-01
1.030927127067304605e+00
8.737967798192792790e-01
1.047159295444826776e+00
9.010529640687083841e-01
9.109601223695622529e-01
9.744089374952065175e-01
8.583211393499430297e-01
1.162564146238320939e+00
1.190895317989336455e+00
1.184134822520862107e+00
8.854290612883702893e-01
9.581449859366391042e-01
8.463304403005249554e-01
9.890233212888539516e-01
1.102404466004998529e+00
1.093681552504956134e+00
1.138023028440066975e+00
1.062116030119288901e+00
1.242559464900134580e+00
1.000183090972207367e+00
1.061594952538219117e+00
8.811980799578114087e-01
9.551534881696169821e-01
1.060048868487972529e+00
8.150538270296685539e-01
1.112035155844961709e+00
1.086102599569626959e+00
9.327761985444131820e-01
1.129391894909304028e+00
1.028950309855736656e+00
1.027094171400430689e+00
1.076424690749498758e+00
9.678386481720275825e-01
1.139727067941858962e+00
9.468862701217808375e-01
1.018658036376079323e+00
1.003153673308894156e+00
1.009706008336715977e+00
9.451404847338171766e-01
1.029184304999291699e+00
1.178329373819237302e+00
1.010606480649143712e+00
1.081908586832769581e+00
1.012354540133709291e+00
8.181961879294119555e-01
1.006656075203245848e+00
1.098121403314060274e+00
9.236597827256209925e-01
1.133781558534143308e+00
1.037379591391051292e+00
8.838934037885068928e-01
8.988470472364129549e-01
8.250412707905714349e-01
1.158692243328373728e+00
8.929067600541573668e-01
9.184978457297829912e-01
1.117174767891897291e+00
1.145796452413456956e+00
9.248707930765639462e-01
9.677250464008985142e-01
9.646721445831258901e-01
1.009619807841225958e+00
9.788180452937191856e-01
1.048871751867207713e+00
9.654697267448251186e-01
1.141595760716281660e+00
1.093369448643821018e+00
9.294168856027211767e-01
1.009917476400054026e+00
9.243122482944631235e-01
1.010136681714004725e+00
9.093281320192493355e-01
1.104205666418780263e+00
1.079119236124294279e+00
9.854309988406200205e-01
8.106186410007796272e-01
9.347751449563921344e-01
1.073956581366983576e+00
8.632120724365470732e-01
9.678474110960137988e-01
1.065630258148593912e+00
1.040187958481910258e+00
8.440444373647977283e-01
8.135635945384412926e-01
8.655714502586921988e-01
9.400321777352989017e-01
1.046472540153746911e+00
1.133779968422147899e+00
9.546894717209156722e-01
1.079837611352043369e+00
9.947445018200562483e-01
9.419371121306076011e-01
9.797440369505896474e-01
1.003338116508706079e+00
8.664788437810374555e-01
7.948472970961928397e-01
9.931533480595484686e-01
8.880734481490534238e-01
1.119363190598420044e+00
1.155990174643608093e+00
1.014786329522863184e+00
1.012015617346359697e+00
1.000639635336747491e+00
9.720860913458799768e-01
8.382026384951860587e-01
9.757330123513893172e-01
9.677480173563715038e-01
9.239879207154062524e-01
1.182222164804454634e+00
9.816466239910679459e-01
