1.050811142538182308e+00
1.031868374324140136e+00
9.268189656101060159e-01
9.437760203460739961e-01
8.737495452386222494e-01
9.599703219117989850e-01
1.060770021836472399e+00
1.084844528683944098e+00
9.008929735351813850e-01
1.022603003628310692e+00
1.035470040313802187e+00
9.116717228323178990e-01
9.244721738375751841e-01
9.360935679434321255e-01
9.419974750173643052e-01
1.013771936990886857e+00
9.867462432749743995e-01
8.812614618094432029e-01
1.090255597983913249e+00
9.049029661736947006e-01
1.131486008577387681e+00
9.950859472526004668e-01
1.012350956808043101e+00
1.114021067613608196e+00
1.231504977243342402e+00
9.083150913095034973e-01
1.052117104434912687e+00
1.051089061180414896e+00
1.016656725186955157e+00
1.030348884335822834e+00
1.098543823278428366e+00
9.517245397918461247e-01
8.573549529108059897e-01
9.018633416904868749e-01
9.155538237325340223e-01
8.407791771717703089e-01
1.195945477847197402e+00
1.016131518797564359e+00
1.072848229403713161e+00
9.603486739720230592e-01
9.176603382354115990e-01
8.136207837563325107e-01
1.144370262794686788e+00
9.110783889385427603e-01
9.094041210674015385e-01
1.048119998503837857e+00
1.048556927458327959e+00
1.048697249576256540e+00
9.420869876933035680e-01
1.077036863558417323e+00
1.017793126970544915e+00
9.700270570296305461e-01
1.099323960660420596e+00
1.164957393655652984e+00
1.091283351544187985e+00
9.229397006337400899e-01
1.167958598716686947e+00
1.072950282717372250e+00
1.139760127330134987e+00
1.124875539380929323e+00
9.936291034210267270e-01
9.516235637980551276e-01
1.017771159128423308e+00
9.254215967324405101e-01
8.959276443293935355e-01
9.225435908323017520e-01
9.457981827716814838e-01
8.980365669695398179e-01
9.297479122213799796e-01
9.473108502553727606e-01
1.103253135712456201e+00
9.842354470919717491e-01
9.013916269476014431e-01
8.864306248406208510e-01
9.297304115776975353e-01
1.091750038366851472e+00
9.707978519802442641e-01
1.079252659624287070e+00
1.046347658636610944e+00
9.933550037645875186e-01
1.042684756979485705e+00
1.056692902232409637e+00
9.874994342625060817e-01
9.383939284481407350e-01
1.042871593516816464e+00
1.021704628682879257e+00
1.105227324404555622e+00
1.008308247617700992e+00
9.684424183307489553e-01
1.170551222869027796e+00
9.517475082806869935e-01
1.148761014516745060e+00
9.512924252741186137e-01
9.460431370333801659e-01
9.358364742047976526e-01
1.141493000094855326e+00
1.016888700304946713e+00
9.913846357894504635e-01
9.070396782986807072e-01
9.128495468864719076e-01
1.026862978130340887e+00
1.037766901451631751e+00
8.985059643800539231e-01
8.013757573729386463e-01
1.169261176515634881e+00
8.434315088301660435e-01
8.227226141584336183e-01
8.199900220050762023e-01
1.178771708962730980e+00
9.002163178450071079e-01
1.098185317752306878e+00
8.960486281884754156e-01
1.072830210825416186e+00
9.807281312719652311e-01
9.973060079332826122e-01
9.928806719865163055e-01
1.069751422468343316e+00
1.031477922689385096e+00
9.540825872214462322e-01
1.065223031727978942e+00
1.107657097386705924e+00
8.510665916139505960e-01
1.063304733671361912e+00
9.398248069272028271e-01
8.843354608472544509e-01
1.049847862663104259e+00
1.125864679053984130e+00
1.023053263451283001e+00
1.016903667750029605e+00
9.476212995534504246e-01
9.816046377923370869e-01
9.074069193662214206e-01
1.057381082165592900e+00
1.036702071587537244e+00
1.038901891538211331e+00
1.100233750532189969e+00
9.560811907677095878e-01
1.112313459604259425e+00
9.789912692988357312e-01
1.033463605068416946e+00
9.745675161331732728e-01
1.062867244515186327e+00
1.152872898369450949e+00
1.000618945083063149e+00
1.162899858504301775e+00
1.148227046688077069e+00
1.127121379484004038e+00
9.572015293973699102e-01
9.417921199776591035e-01
9.376260116432599823e-01
9.591287948394531249e-01
8.839905474732689949e-01
1.184034841201720534e+00
9.468906376792165513e-01
1.006708241064798282e+00
1.054430390277559360e+00
1.032360624418342088e+00
9.528294158434855721e-01
9.850344895392637579e-01
1.000725251269245941e+00
1.107220765939708196e+00
9.153389897870828351e-01
1.156853313889516510e+00
9.311762492905227839e-01
8.580214693002726767e-01
1.012341906919048018e+00
9.916798324696705080e-01
1.153646667960309680e+00
8.767807316556157637e-01
1.110269261859289092e+00
1.203224344446522265e+00
1.192799523700705411e+00
1.143778251520629841e+00
1.169665583181818569e+00
9.685845560004112675e-01
1.089606590222617521e+00
8.475582033366246826e-01
9.919854080355560155e-01
8.637463630908708279e-01
9.179220766740114890e-01
9.008254674004684270e-01
1.069792225462407931e+00
1.176295093714055717e+00
9.843294577480278251e-01
1.090632156779816286e+00
1.018728457580759361e+00
1.093714407907456776e+00
1.043285288137069777e+00
1.178401200032060281e+00
1.138761784384787257e+00
9.955057222104828352e-01
1.171678641259495501e+00
8.856158942353762331e-01
9.211401140405541810e-01
8.035355961743440023e-01
9.014651884994280273e-01
1.137976235151130000e+00
9.245062651957114408e-01
1.014417738557518156e+00
1.144990099436427711e+00
1.104451806723309559e+00
9.612843893804929873e-01
8.849345024587922381e-01
9.793903917243553803e-01
9.695916019978211287e-01
1.016699305356524752e+00
1.020132352583304369e+00
1.001384280540891014e+00
1.097189190585235785e+00
9.555057792035090980e-01
9.436371774247710453e-01
9.270475525657126958e-01
1.101980181827954208e+00
1.048490125568180442e+00
9.244968739066492525e-01
1.196417764498163061e+00
8.595172222105829096e-01
1.177940777518830640e+00
1.062455849200020008e+00
9.715767807806197087e-01
9.799341106920167466e-01
9.020142323993152189e-01
1.042152758343048324e+00
8.324518996451655273e-01
1.233447116540766553e+00
1.058665755558075627e+00
1.125839430549002262e+00
1.002018612322966629e+00
9.779191655330548016e-01
1.133653309295966194e+00
8.321180218064860856e-01
9.145229743291367619e-01
9.439653890390877766e-01
1.179062897208136729e+00
1.038241247949328816e+00
1.120182009070884055e+00
9.711904768742617433e-01
1.045110842200591472e+00
9.436668446684950418e-01
8.723704456979335387e-01
1.079274180250052062e+00
9.041397800818677943e-01
8.495716342542423138e-01
1.083927480764489859e+00
1.053846181307484420e+00
9.553947278242165275e-01
1.112138094111409625e+00
9.744298854137958266e-01
9.076282851353767445e-01
1.020239725507638751e+00
1.074825181144930530e+00
9.616858941480301848e-01
9.933583108263668304e-01
1.071389979920459146e+00
9.355158044983874488e-01
9.012606135667002860e-01
1.204339976080778474e+00
7.774587715941660981e-01
9.406738959862109839e-01
9.938618088160735553e-01
1.006728041032127763e+00
1.008651709382095252e+00
9.287499969768848729e-01
8.749586649553831030e-01
1.140430754108791911e+00
1.068716980742376643e+00
1.018184349936028577e+00
8.635347591699946701e-01
1.012351887734906031e+00
8.299107480455101271e-01
8.335062343131192097e-01
1.056822045342082017e+00
1.086468713947495557e+00
1.100465487830956546e+00
8.429966923387841593e-01
1.066546065969549595e+00
9.973501653641598796e-01
9.088780658831199233e-01
9.733803952769690682e-01
9.972924267347591520e-01
1.202095097479238150e+00
9.440651325001161442e-01
1.108923178502596807e+00
9.958558599048195070e-01
1.067865749569609779e+00
8.439136607419335245e-01
9.893027829560312458e-01
1.142748373991586464e+00
9.795859025250712726e-01
1.080937772237789973e+00
8.202152527551601624e-01
1.074091459628109479e+00
9.329946780616139579e-01
1.007473135490252858e+00
8.902551439758256135e-01
1.017735147390550488e+00
1.190855116929896429e+00
1.181267174294471811e+00
1.032011398799438595e+00
8.795838539405370637e-01
9.607610196612081932e-01
9.153707454281001521e-01
9.580409246778669452e-01
8.318982151633456112e-01
9.103622812146232590e-01
1.026558457377645839e+00
1.045869102566790998e+00
8.637201032948440549e-01
1.139916420640239902e+00
9.300524794710004484e-01
1.108851290429728964e+00
1.013387118326069203e+00
1.117099511486511210e+00
1.079020262351600978e+00
8.853179426738412294e-01
1.164022252605900754e+00
1.130851239800123587e+00
1.064596906920109776e+00
8.011314769924474666e-01
1.078208734355586396e+00
1.154219266626863805e+00
1.108066198857787343e+00
1.103986103648106676e+00
1.134820111652004027e+00
1.025883486627283236e+00
9.111001121262958247e-01
9.187927889027222017e-01
8.360368986394453028e-01
1.019481836154790821e+00
7.993350752759423861e-01
1.131534470081066779e+00
9.707204066831400802e-01
9.145171155721008027e-01
1.139041066963584647e+00
9.301258897481265997e-01
1.079914579597206936e+00
1.000581452318671571e+00
1.134124350792576008e+00
9.301792275119933340e-01
9.182126512658420614e-01
1.226085016862200394e+00
9.264500794759433777e-01
1.144757920941548379e+00
9.449291709255924765e-01
8.303788076722964373e-01
8.359626414601579736e-01
9.378483307538985070e-01
1.076855551799600574e+00
1.124840830824793692e+00
9.598238970004375759e-01
9.856698676634494394e-01
1.066370538594104911e+00
9.160990504796895362e-01
1.104862293857004740e+00
1.170049785399833286e+00
1.132186107956482113e+00
1.052985885523516574e+00
8.670087490115179207e-01
1.042180359319361704e+00
9.860157516850738268e-01
9.881887233245127966e-01
1.220390095775733208e+00
1.024578113507382149e+00
1.138905951588445653e+00
1.112112477473422345e+00
1.100753723110702964e+00
9.109642346113822065e-01
1.031634440955144338e+00
1.021895953422855108e+00
1.235262367445047138e+00
1.044248022046778690e+00
8.884921739005966490e-01
9.574423415286797967e-01
1.077184729429654153e+00
1.075369431478212068e+00
1.087905776982450057e+00
9.875509275533072007e-01
1.147442008354729648e+00
8.934651205989221356e-01
1.108420106665479743e+00
9.824100873937110512e-01
9.436262708894975759e-01
1.006203493315929176e+00
1.134357795730580376e+00
8.760075492149183018e-01
1.055014732036720915e+00
1.111985739965425379e+00
1.068830539647257272e+00
1.034037594988261644e+00
1.091231377224566312e+00
8.880242940185785194e-01
8.696997048891861315e-01
1.012798504728848581e+00
1.084738235820142283e+00
1.025004939053098418e+00
1.091546346586653948e+00
9.335672069544050933e-01
9.699540642135493496e-01
1.106338980359964808e+00
8.438270577706122877e-01
1.103623793143061027e+00
1.105326491280070655e+00
9.509044812242066769e-01
9.283083262690192683e-01
1.015430193380888912e+00
9.559705907309196116e-01
8.946740567355206952e-01
9.669117729782833459e-01
1.089859054822329476e+00
1.118195129456075465e+00
9.514426242209252926e-01
9.427134229882270233e-01
9.836212648642010947e-01
9.240666790802374297e-01
1.063972914979962603e+00
1.047088974741039236e+00
1.167188156234460816e+00
8.442720438982321829e-01
8.869001324282179688e-01
1.017420220697340616e+00
1.028875298320310439e+00
9.594921889241572188e-01
8.901211354045911461e-01
1.054574584995061626e+00
1.006040667670323963e+00
7.867160633105290124e-01
1.124702301656598902e+00
1.176386638374995686e+00
1.025703125772914115e+00
9.930886281050015363e-01
1.010982660554520685e+00
1.128604129527140953e+00
9.592641951057225835e-01
1.015714073972920684e+00
1.097582940185606759e+00
8.456285089314634629e-01
1.186928838030927524e+00
9.953969260364574634e-01
1.053675693126123081e+00
1.217650710313496365e+00
1.117151974864400987e+00
1.069882619638934607e+00
8.236421741277755171e-01
9.182664174920970312e-01
9.048752813790227334e-01
9.269156937981064548e-01
1.010883725484319706e+00
1.115811882683243272e+00
1.025654563943812159e+00
8.724423169468460415e-01
1.035973448285364418e+00
9.440458083972520509e-01
1.021163690893218234e+00
1.103064009680046809e+00
9.615457967922598215e-01
1.038626284715627124e+00
8.690564352410266036e-01
1.000818755378351188e+00
1.092789383402533954e+00
7.993140823433306785e-01
1.058553500392831470e+00
7.885983835848275891e-01
1.043022609717568328e+00
9.159384152458946993e-01
1.026436144326239086e+00
8.714195678834206760e-01
9.865019699351200710e-01
9.009446534052029110e-01
1.140379124927741961e+00
1.036195878899088818e+00
1.010194183407237212e+00
1.143953127775179324e+00
1.002083386499255102e+00
9.481997855520645224e-01
9.664377993036532555e-01
9.362085341350172563e-01
1.123347006544829885e+00
1.008046383313186967e+00
9.003194880264577815e-01
1.039623732634052056e+00
1.010005776066659422e+00
8.233101615241358306e-01
8.588137311676717900e-01
1.194195446831409102e+00
8.108876288047230929e-01
8.490346109267752350e-01
1.119015573530780960e+00
1.001742533237975019e+00
1.120664223911193247e+00
1.050690155965906092e+00
9.747944156700102392e-01
1.015465500080002137e+00
9.437563466494729436e-01
9.411175502836106599e-01
1.088971311852481971e+00
9.512271717454918729e-01
9.453590085080219030e-01
9.729093075659808187e-01
8.641368412156937850e-01
9.494982123657598194e-01
1.161327794430011773e+00
1.126292326096045349e+00
1.079218408065694579e+00
9.608925867070827742e-01
1.034386785943987030e+00
8.663769258056506217e-01
1.116295757861620164e+00
8.568852438771571434e-01
8.435497501433042444e-01
1.059790540440055384e+00
1.098263437614513505e+00
9.244701747815293746e-01
1.033294538834137022e+00
1.097848544367211021e+00
9.584215748803759372e-01
1.138705261791191692e+00
1.062426285527820813e+00
1.181244288121281460e+00
1.090884436804739455e+00
1.166607448781666445e+00
1.207013130974442294e+00
9.655680417407259686e-01
9.378625462321983353e-01
1.045944105605078889e+00
1.015497600767139019e+00
1.130127280417234426e+00
1.141364244523099813e+00
1.053241010398787481e+00
8.699246090726123759e-01
8.696939099114404659e-01
1.087524522174964536e+00
1.051539887919654914e+00
1.090848054574870885e+00
8.701998316292106628e-01
9.876086477251375673e-01
1.157166748124309752e+00
1.120534007329069714e+00
8.994453211597245312e-01
9.906800650391369700e-01
1.122121840277941374e+00
9.583184839943645894e-01
9.105302463833052640e-01
9.990191066910028006e-01
1.206689745528127578e+00
9.958284222328315227e-01
1.111067933542975172e+00
1.021037508159897911e+00
9.710373352241471467e-01
8.160474978251036626e-01
9.319258670895205210e-01
9.604714776102643015e-01
9.704458533489024319e-01
9.329054349746959129e-01
9.526098834656563374e-01
1.126277502318695722e+00
9.219226928141031063e-01
1.089657277205773767e+00
1.037438407004267482e+00
1.024489471918177186e+00
9.122126312299578821e-01
8.881363514077361687e-01
8.079687299014086665e-01
1.032322272813640973e+00
1.063433841131603108e+00
1.119102546845466728e+00
1.037773106685051072e+00
1.038332395186668311e+00
