1.139773190793792690e+00
9.624168005135711468e-01
8.784428655298103239e-01
9.234862218073380813e-01
8.534720963028590290e-01
1.010211086476747733e+00
1.025760273236092202e+00
8.486817034388367542e-01
9.152632537518898825e-01
7.756152082122981239e-01
1.018663581737258017e+00
1.038999406481478704e+00
1.159318667552554194e+00
1.042075156663335056e+00
8.553699823466756058e-01
1.003305182335406442e+00
8.712868721532252003e-01
1.059795760276614596e+00
9.369630048861219418e-01
1.025898687212499771e+00
1.092886106175867678e+00
1.085247118707500791e+00
1.106952892188562076e+00
1.076209637158112464e+00
9.550328417786753121e-01
1.082578313582025276e+00
9.732835375459267802e-01
1.160478793484261750e+00
9.965628735933478310e-01
9.668970402260068653e-01
8.439913351477265069e-01
9.618887755197327305e-01
8.532838233164192765e-01
1.090855229543659988e+00
1.019503876271694143e+00
8.438088698397337994e-01
8.368697050426592288e-01
1.076906386087371992e+00
9.262428825846654723e-01
1.022921337049911283e+00
1.110897329236163023e+00
1.114209631950351387e+00
9.985484120012499965e-01
9.971241068469964830e-01
9.380252153950561222e-01
1.086378037865139312e+00
9.792205190312999186e-01
9.262341722283564671e-01
1.152429969424017875e+00
1.190677107316659544e+00
1.064335937964938861e+00
8.998652683171513011e-01
7.947574920019884193e-01
1.100131038971502440e+00
1.074632655848587470e+00
1.042403168379195666e+00
9.396018287238716571e-01
1.010481036943623678e+00
9.870968374152202518e-01
1.015546039930792066e+00
1.021140566481058665e+00
1.069546034555907799e+00
9.690759798589531071e-01
9.539920421313354826e-01
1.006843689224331317e+00
1.030918211201006462e+00
9.877615266199454291e-01
1.065758760173968200e+00
1.203872344846718345e+00
9.856997482174129077e-01
1.041693735458346204e+00
1.235447961120499372e+00
9.635816750129972963e-01
1.019910450217272890e+00
1.219906260627783512e+00
8.834559434331363814e-01
1.022554219947777288e+00
9.212014306694742416e-01
9.347247314898733395e-01
1.011642246839608239e+00
1.138566907744156920e+00
1.180433306094819557e+00
1.153018035457876289e+00
9.950849464840358927e-01
8.925616572457332198e-01
9.599461790747432222e-01
1.226866702489465721e+00
1.182929357579972196e+00
8.371455515199177633e-01
7.814884084120894414e-01
9.616131235208686956e-01
1.097738007565037144e+00
8.484611060214442002e-01
1.066476919783061694e+00
9.266577254783803230e-01
1.072736302950351162e+00
9.611978403625793810e-01
1.086003709566054853e+00
1.176630985456279532e+00
1.069395233316632998e+00
9.491041283564227715e-01
9.117215876790740747e-01
8.865501746540577210e-01
8.281733421129194861e-01
1.033348700347295868e+00
1.097874536157105396e+00
1.100251831981760020e+00
1.121385107968084771e+00
1.010835094883901331e+00
1.110215065772397480e+00
1.015239745021041751e+00
1.092252507455805599e+00
8.455659300654052579e-01
1.125626640700811532e+00
1.068952430785959029e+00
9.468330119643357801e-01
1.037450972392437443e+00
1.083063596122774808e+00
9.841673369187862175e-01
8.574476078703326953e-01
1.012034004890919547e+00
1.144647585202968276e+00
9.028867522878636365e-01
8.734296048815114455e-01
1.094287860160196857e+00
8.017139181225497735e-01
1.114770057306798678e+00
1.078867656341031322e+00
1.136919632134753000e+00
9.506477116424254525e-01
1.140986991802290795e+00
1.113096788407965887e+00
9.594986666498299677e-01
1.044892689629403737e+00
1.195173607325291210e+00
8.690556624388441342e-01
1.070433155664049618e+00
1.040346130328368313e+00
9.561416275019010147e-01
1.116263050065663842e+00
8.939074082194146120e-01
1.099407006844572932e+00
9.111656294099891307e-01
1.097834509344386422e+00
9.167565158050028362e-01
9.682547190627217581e-01
1.184403539733422051e+00
1.121346961365680128e+00
9.995435174022637703e-01
1.013877687527062088e+00
9.599193882356311658e-01
1.011310611553683847e+00
1.055657756976184025e+00
9.612345232384436056e-01
1.141657955343566844e+00
1.189507614725831441e+00
1.052049511527289205e+00
1.066891674369289555e+00
9.245029240141240390e-01
8.825295608592410579e-01
1.045930897703360563e+00
1.094506496534424445e+00
1.195377018658032586e+00
8.171570205394003139e-01
8.802863752076731663e-01
9.259774594537730774e-01
1.068529854379783872e+00
9.666193662704065659e-01
1.127602347959613560e+00
9.964151090058041005e-01
1.048944378086057228e+00
1.143053885355673760e+00
1.124774600467212116e+00
1.171858805620100474e+00
8.738144891552102056e-01
1.026398868715943102e+00
9.344320172340105923e-01
9.318543705668075328e-01
9.537092449657710302e-01
8.682095000547352948e-01
1.052491232322161574e+00
1.086894654935464333e+00
8.841052864647813703e-01
1.039962771657875651e+00
1.121734241643585817e+00
1.027769028993463118e+00
9.968529398770995531e-01
9.677453553099721884e-01
8.382836686254639957e-01
1.037312894373514371e+00
1.100657907245541356e+00
9.940773067185675327e-01
1.125041486688503012e+00
9.506608361672796992e-01
1.053079933001409563e+00
9.008868167500343471e-01
1.017406124778117427e+00
7.695880843180309405e-01
1.143828026738703318e+00
1.067655653959531659e+00
1.052219980779712571e+00
8.659523693570065905e-01
1.107725744600875251e+00
1.139139966738849097e+00
1.224318517972316167e+00
1.196420077068827137e+00
9.812442490171280340e-01
9.744738480717840545e-01
9.094847506226177991e-01
1.218116244219676014e+00
8.638734257896130142e-01
1.133023807810871419e+00
1.191803199533443713e+00
8.819755969337851331e-01
9.035442677600895589e-01
1.021491794677489739e+00
1.044042302512860232e+00
9.420219834156438043e-01
1.219535332212689394e+00
9.958718658657492728e-01
8.894364999460990795e-01
1.074074683100397998e+00
8.209132662918556811e-01
1.041787622289469972e+00
9.608168322036121367e-01
9.080198137723606289e-01
8.892180340967579255e-01
1.216008646485280620e+00
8.677546193104559435e-01
9.288047360679841935e-01
1.002373893119626214e+00
1.019709104865556437e+00
9.139945443707381267e-01
1.198435814035813562e+00
1.026959216915826589e+00
8.026220854040874153e-01
9.709757144750670310e-01
1.094201355257711006e+00
1.121531545521503359e+00
8.826159594847948764e-01
1.097811371610486031e+00
9.778630599883126884e-01
9.693326831395334686e-01
1.077792928489628821e+00
8.980402826172037001e-01
1.117512276681847050e+00
9.117596577644093703e-01
1.054296206334799368e+00
1.048885369818599145e+00
1.083074446187164197e+00
1.011018205376742474e+00
8.732715434072007010e-01
1.108434557932177933e+00
8.137033461687962488e-01
1.102534396130574468e+00
1.002470231553249214e+00
9.966218698352085070e-01
1.151849649473704496e+00
9.365004276840757091e-01
9.803590219066223854e-01
1.110320603096103254e+00
1.197417563921234773e+00
8.734166885626714061e-01
8.622615916063897101e-01
1.019502531651418575e+00
1.015138525545692616e+00
1.137563235687831797e+00
1.126700769703534721e+00
9.760163988550558667e-01
8.924096398643609485e-01
1.064545804085990754e+00
8.649866125021083985e-01
8.933499123748849247e-01
9.627483781681714925e-01
1.106966098912582463e+00
1.035362355856173089e+00
8.782031729094863515e-01
8.879587679415449353e-01
8.615895832464695037e-01
1.045810989546684056e+00
1.149344374199071206e+00
1.052585887794091679e+00
1.072677760940394576e+00
1.067643822798163278e+00
9.711778599377456356e-01
1.032942739390843245e+00
1.079644135031891716e+00
1.090601361085406396e+00
9.547914829718479046e-01
8.656236601168760814e-01
9.499469301421045175e-01
9.273227256576708211e-01
9.393444442247544934e-01
1.116121349338922153e+00
1.120120928269659366e+00
7.933976236574996621e-01
7.739406189487663124e-01
9.780850497352586714e-01
1.129941313733546560e+00
1.041338159479112013e+00
9.988452839831160057e-01
1.069618102510136337e+00
9.895284050556206745e-01
1.071196489040832089e+00
9.299737951250066637e-01
9.710564816298836721e-01
1.037444378709115878e+00
9.758761680152797657e-01
9.133732604328745897e-01
9.938842636018412335e-01
9.931021589543269634e-01
1.103479432626670809e+00
8.978152864547146450e-01
1.046935768746167561e+00
1.033891296815570460e+00
8.270366872378223100e-01
1.012710321336731445e+00
1.119072264549204831e+00
9.637432636363023608e-01
9.596333749051888518e-01
1.153558518169310654e+00
1.002998345847395889e+00
1.034956362041915989e+00
1.023903137262472285e+00
9.087052746233419409e-01
9.634515597775923368e-01
1.035751607913149464e+00
8.374198651883091316e-01
1.034771130144655604e+00
9.174274545425809002e-01
1.058248494867756184e+00
8.155190104645120286e-01
1.147211399607421578e+00
1.018903396685369334e+00
9.235304420884100640e-01
8.565267158258632607e-01
1.060990188144526725e+00
9.800957965461478683e-01
9.031481575180778654e-01
8.116879195489278276e-01
8.192323703520261180e-01
1.085290424164385259e+00
1.026790384561477643e+00
1.146940473410550387e+00
1.077089408846109597e+00
1.055426908200852276e+00
1.094535329064422191e+00
1.128344196997463023e+00
9.048699371241721856e-01
9.373810516089260414e-01
1.105840658374835472e+00
9.692191371378773290e-01
1.119404275056348430e+00
1.004020568078311637e+00
9.445094511906106938e-01
9.405615929705861689e-01
8.389452072419334439e-01
1.123182258484102691e+00
9.773039458457557505e-01
8.262898413466717162e-01
1.065533939620134873e+00
9.915718586011452729e-01
1.112581725915693154e+00
1.012004071069085187e+00
1.188887179500662361e+00
8.700762785417042178e-01
9.885389249029680192e-01
1.099562622383462029e+00
8.594404551572883966e-01
1.017079852288241160e+00
1.006854753861232687e+00
8.912695679950769501e-01
1.085344070453565513e+00
8.887939988350871401e-01
1.037902862269032500e+00
9.743472558204409051e-01
9.921274255699408240e-01
1.029506349186025460e+00
9.219167044491283214e-01
8.078377836791120759e-01
9.540354948867331153e-01
9.898271382522096928e-01
9.081357412370228976e-01
8.660122113864876514e-01
8.382914806471368774e-01
9.819889349334329776e-01
1.038749901012380850e+00
9.882037511815762176e-01
8.045264704495271868e-01
8.463573782812923163e-01
1.059399330243548931e+00
1.017593521397519130e+00
9.062148132914099596e-01
1.135940939096031777e+00
9.296755956289983747e-01
1.002997970482709222e+00
8.618734115217157044e-01
1.028338125188172025e+00
9.864045869256201637e-01
1.116090547750734574e+00
8.376885432221248262e-01
9.393783431315378962e-01
8.249372201842355423e-01
8.226873905894407368e-01
8.060022942584441630e-01
8.967322396458191625e-01
1.034072883075161764e+00
9.266613035238053797e-01
1.080128857337413484e+00
1.044211598819031916e+00
9.586732368266441817e-01
9.583181909868851989e-01
1.124981395369731851e+00
8.747804111768788804e-01
9.234733146700816464e-01
9.457109926137241551e-01
9.815819813908601699e-01
9.612535799594676966e-01
9.387088989220963020e-01
8.944749842823795927e-01
9.642357605943054910e-01
1.174181027621022499e+00
9.655859179650418955e-01
1.049974471060901804e+00
1.167829099729647435e+00
9.961974114619203124e-01
8.647210917654286622e-01
1.011097579528290602e+00
1.083768784548110986e+00
1.180648697418591686e+00
9.476905730674974881e-01
9.727553553057343150e-01
9.436106848043898099e-01
9.571195577388621478e-01
9.386166258231551929e-01
9.452343492378825207e-01
9.418968751053715671e-01
8.498912817148699395e-01
8.893647529436936594e-01
9.957420307247198954e-01
1.098652271728242535e+00
1.098318810886384833e+00
1.007439708632197561e+00
1.009328012634944871e+00
1.149233414233240325e+00
1.051017792501066417e+00
9.039645607282423834e-01
1.162262417297424300e+00
1.062211252170683462e+00
8.340538159726027523e-01
8.560359069315173208e-01
8.413654945275539365e-01
9.267561864876101563e-01
1.023324673193367174e+00
9.439656677945013064e-01
1.124740611132018842e+00
1.126654066254773490e+00
1.031088832387066834e+00
9.873708104197140845e-01
1.045376921254130842e+00
1.089497567364536845e+00
9.265153085532169541e-01
1.070548936722170996e+00
8.249638503007058477e-01
1.049025806616774137e+00
9.346330571243547380e-01
9.254140729158571999e-01
9.023684443421982060e-01
1.126756429474351284e+00
1.204648325160408540e+00
1.221136190966814805e+00
1.014695599940959703e+00
1.013803704842991760e+00
9.203416325434929934e-01
1.192344249732610439e+00
8.856871912529524771e-01
9.548086398101158778e-01
8.148089847730937141e-01
1.075880486076176146e+00
8.760890585721246016e-01
1.083342391908810320e+00
1.097033467140537955e+00
8.106388882667860951e-01
1.008659742771862655e+00
9.264572962638826237e-01
9.043170841892795853e-01
1.085516153759399582e+00
8.637819556996331194e-01
8.967876495043550777e-01
1.087469241968051170e+00
1.012259034682415182e+00
1.016493944915823011e+00
1.093192028154922113e+00
1.062441998326922876e+00
9.324245139524631742e-01
1.111567266716826374e+00
8.429329124759590286e-01
1.062831735708980263e+00
1.072006944747758261e+00
1.076432683142016122e+00
1.106185584971051350e+00
1.106359380382532898e+00
9.021051539914008988e-01
1.112668812316313094e+00
9.069955066976864710e-01
1.000744647817516153e+00
9.179234355625669473e-01
1.111543955060918520e+00
9.485025007199169300e-01
9.541878642621139939e-01
8.334640435283293680e-01
1.075994649237074663e+00
1.124214492507204399e+00
1.130764685320657437e+00
9.536952418947526322e-01
1.090525001064915900e+00
1.060655572791854295e+00
1.148962947233864940e+00
1.091032955659856141e+00
1.021138574244246700e+00
9.598942453990372270e-01
1.018706252150406000e+00
1.086152417951770754e+00
9.727807045246354978e-01
8.127305561233507669e-01
1.096878509397800849e+00
9.020912027297284252e-01
1.092396735271893515e+00
9.623185346295632936e-01
9.023007961938704913e-01
9.657027062697178810e-01
1.096652008270293521e+00
1.127923074525736036e+00
1.187310371340762005e+00
9.593488189724674875e-01
1.007472697657915583e+00
1.102678461512717423e+00
9.947115935864794256e-01
1.118670758405494459e+00
8.949701643233377579e-01
9.162139945942965324e-01
9.222096802135852922e-01
1.103762007085100194e+00
9.753617741843202404e-01
1.056428319243116976e+00
1.076872361580573312e+00
9.569786912830048342e-01
9.812404005377644012e-01
1.021129776746613205e+00
1.082216424566365465e+00
1.098522881806165419e+00
9.374188596584642763e-01
8.896430893753819458e-01
1.118633552095043004e+00
1.032086652176105179e+00
1.110940746254242661e+00
1.020512197610837113e+00
8.738425192753553894e-01
1.122771409341019933e+00
9.964903284921471371e-01
1.124971397101300008e+00
1.082720069028286325e+00
1.066625101102370188e+00
8.074229845597273858e-01
1.080878789804819107e+00
1.142603311459697180e+00
1.092537862611879351e+00
