9.070728982675813068e-01
9.519672017074822801e-01
1.036335335515627065e+00
1.103264284451228150e+00
1.087960446493448696e+00
9.562999256075634946e-01
1.091556135853106513e+00
9.524489147681574064e-01
8.210014479764947692e-01
1.007660037634185768e+00
9.457110086567135365e-01
7.911615322060543409e-01
9.715701949362378631e-01
9.825336377292095413e-01
1.023398224359595154e+00
9.406667142311790908e-01
9.932070139197755054e-01
8.393032844930728986e-01
1.016372137989963509e+00
8.699756194897840800e-01
9.749001484239452342e-01
1.033287080010411696e+00
1.010695797280317665e+00
1.054634424762838085e+00
1.074742321782150789e+00
8.764756123851500380e-01
8.830070479206184597e-01
9.759107815787356754e-01
1.056582257928413870e+00
1.171217864679801712e+00
1.025714230201200339e+00
1.070336008046300691e+00
1.099704879881537201e+00
8.848231821497087868e-01
9.950567077373769775e-01
9.955128627310434464e-01
1.086595588149352754e+00
1.172626461175291679e+00
1.026280565525741872e+00
1.060083433868534541e+00
9.147264028131882885e-01
9.442047500113954772e-01
9.524411987078182928e-01
8.726451545320095260e-01
9.386151184598734432e-01
1.032123978708052281e+00
9.263767537079805603e-01
1.014866078574201413e+00
8.813197533408273499e-01
1.084584180715240542e+00
1.192283558218546924e+00
1.001540991645059275e+00
8.844629005324504689e-01
1.093249886323165443e+00
1.025858774252554007e+00
9.512015441083856437e-01
8.897773845026992756e-01
1.132437030099137321e+00
1.005426107639521005e+00
1.109728381412684595e+00
1.060883171839744232e+00
1.093145526344707186e+00
7.734352504060828526e-01
1.052553167743783824e+00
9.074843225323629969e-01
8.584208505566891523e-01
8.831925919172577411e-01
1.026714456419789867e+00
1.192965480997332905e+00
1.068748046678080765e+00
9.514535082495618745e-01
9.351288983730207116e-01
1.082525816006924435e+00
1.032552753047484284e+00
9.130125205408250455e-01
9.019017487663352206e-01
9.138659574008083375e-01
1.083758507090657908e+00
9.671332676313570964e-01
8.297761284572272578e-01
1.026916351251653037e+00
9.395471230663312578e-01
1.049494551974917478e+00
9.338640223003096263e-01
9.038886696462836712e-01
9.657122015781633984e-01
1.140089550848681910e+00
9.430648886817023513e-01
9.937257401332406648e-01
9.819938838576969253e-01
1.096650518442193967e+00
1.119614282571500530e+00
1.144289957889700338e+00
8.862454116762172873e-01
9.988846664198207659e-01
9.116109438868340575e-01
1.006693851971748987e+00
8.330738248212045116e-01
9.634756024700880106e-01
1.064367309502008752e+00
9.687254914737104539e-01
1.036835231487488684e+00
9.782419484472235638e-01
1.140654756304643191e+00
1.139476657333550191e+00
1.094243949241377800e+00
1.121241676480044580e+00
1.175925065648402157e+00
1.146415072459941120e+00
1.007203248228233372e+00
9.764084636534330341e-01
8.762844556373743377e-01
1.055930162668792693e+00
1.062865881686121172e+00
1.074476355141540385e+00
8.735620545734863462e-01
9.688239146724101358e-01
1.066150386831180574e+00
1.016399606073784767e+00
1.084332947521265522e+00
9.906163307450035482e-01
8.572182084429242899e-01
1.092661445332474113e+00
1.130437888486874876e+00
8.829150713060558431e-01
1.191801450951148977e+00
1.047185440045233396e+00
8.959138357624386595e-01
1.095049926030091214e+00
8.797588589808279513e-01
9.541450737832295470e-01
1.018339627810453951e+00
9.492661201327764475e-01
9.852920454408922168e-01
1.047033477041219962e+00
1.105905341872408965e+00
1.110070613692829555e+00
8.585325477913687831e-01
1.022142267186757714e+00
9.937066604288238292e-01
1.089276739988902065e+00
1.107738773548921696e+00
8.728287179109496252e-01
1.032911932366688657e+00
1.062694959178743792e+00
9.617433009812543787e-01
1.011369794266360866e+00
1.074660372632606498e+00
9.354946612484535962e-01
1.060656993652470792e+00
9.954669299060102672e-01
1.175708019747426336e+00
8.282135441911876450e-01
1.040463236703338401e+00
9.990199403089273789e-01
8.213961061841448252e-01
1.059836432776330550e+00
1.018544252262843397e+00
7.763403961242263396e-01
8.321173479151563468e-01
8.573834331482719229e-01
9.902772401073924868e-01
9.733173836365717202e-01
1.002087802992133403e+00
1.100094373818654381e+00
1.055697535261682862e+00
9.189654606407861026e-01
1.043728399185277711e+00
1.100226043181073754e+00
9.274608943579241149e-01
9.938383138343235279e-01
8.472275968636714394e-01
8.554681470869398563e-01
1.035078628241815624e+00
9.249059800450767366e-01
1.023873281364970911e+00
9.896742304251745503e-01
8.444776281188092204e-01
8.865327610677830039e-01
1.066751224369811624e+00
8.451490404190022954e-01
8.086815394214981190e-01
9.076809798797818019e-01
1.053260079098838009e+00
1.045299323423002802e+00
9.275319640254382492e-01
9.967476778716691799e-01
8.964976645815749823e-01
9.832274587592433335e-01
1.011750191104088703e+00
1.067718838512706103e+00
8.918678064443777975e-01
1.084587711210325711e+00
9.249994280403244229e-01
9.409154068878685662e-01
9.194960728715870779e-01
8.402060502422603605e-01
1.078248418196705138e+00
9.725079150956343899e-01
9.265009358467717338e-01
8.646198117231287394e-01
9.660653631064470837e-01
1.124391310424057044e+00
9.163475058999005496e-01
1.174503997855075532e+00
9.487879151092206698e-01
9.104484689231693295e-01
1.078142104621142350e+00
9.759416548392161328e-01
9.071307941960899957e-01
1.079286658994332848e+00
9.930595177797283402e-01
1.005400124400545714e+00
1.070896223953983428e+00
1.025451598139142995e+00
1.033639154348211076e+00
9.689212077249326205e-01
1.106034084002521567e+00
1.096372915794340264e+00
9.789207198585510028e-01
8.322345627925364919e-01
1.071725011102263370e+00
9.046145135491671097e-01
1.070951676544382059e+00
8.865299085515843114e-01
9.741638418563496327e-01
1.102189265734049073e+00
1.048170359500136151e+00
1.091118870791636386e+00
9.145990740351923609e-01
1.044014018246611331e+00
1.062329976361584993e+00
1.128837138384891192e+00
1.123718478119112518e+00
8.799035162217863082e-01
9.908722424760373348e-01
8.380942078826387753e-01
1.169759160032154632e+00
9.484844617254604149e-01
9.810183546172199787e-01
1.090506906918423002e+00
1.149677038004029761e+00
9.430874143657406172e-01
1.033796456548013110e+00
1.049201253576703907e+00
8.953201334211028373e-01
1.125701308831347891e+00
9.740577601182023315e-01
1.119832432863833604e+00
9.679293637113506321e-01
9.582828602538727703e-01
1.090055617540773181e+00
1.012480673764744710e+00
9.431787385349834629e-01
9.955476398359710544e-01
1.059400043604304287e+00
1.045255844048914362e+00
1.055480993282261082e+00
1.054521729760698134e+00
9.383537069444360945e-01
1.128577991892697474e+00
8.880081892542299737e-01
9.986028988168402787e-01
1.047341982850430453e+00
9.800447190384513618e-01
1.100768641260188474e+00
9.476815959111657417e-01
9.293254488005258107e-01
8.854695643331838006e-01
8.156151151681443334e-01
1.112827658987708856e+00
9.929957792536776573e-01
1.054484464420827994e+00
9.334213016359687032e-01
8.486518402676579420e-01
1.025660969121827470e+00
1.098194840937868788e+00
8.235392364875373516e-01
8.378439747806890603e-01
8.302172529206499618e-01
9.302401339200117025e-01
9.228875999364718474e-01
9.826832571725856447e-01
9.282512613034796800e-01
8.931819436863153161e-01
1.069170327742890114e+00
1.019437823728580828e+00
1.024412208904072363e+00
9.890419630819975438e-01
1.086781126172632339e+00
1.199029992640304076e+00
1.072996462655704031e+00
9.725611278889693123e-01
9.893471956262908096e-01
1.119226425860513796e+00
1.006776924756381364e+00
9.694456462304905653e-01
1.061672444761709189e+00
9.851991760392627695e-01
1.089555262875202324e+00
9.363914594248297085e-01
9.866872508026809374e-01
1.129125954632047124e+00
1.032428211415454600e+00
1.028692845062599615e+00
1.177547647618394810e+00
1.100452565480241507e+00
8.848014957398135927e-01
1.050614967346671147e+00
1.023783804006762832e+00
1.126369211549643978e+00
9.956140860384270486e-01
1.111318418668415076e+00
1.093226723688999424e+00
9.197196849110319539e-01
1.080740315433458942e+00
9.205435438884619348e-01
9.328748653712477523e-01
9.883627227473577026e-01
9.185713187559665371e-01
1.009028083676360543e+00
8.630896079953493949e-01
8.574967712122357755e-01
1.037329730615730750e+00
1.075086461174648900e+00
9.971895418184471005e-01
8.708409272893431474e-01
1.132960836938065041e+00
1.027389660682048733e+00
1.106929711600414867e+00
1.016347809857027107e+00
1.053912199415452555e+00
1.155441885666718349e+00
9.752841675063970150e-01
9.863161137714855364e-01
1.070212594901220893e+00
9.194325255176447609e-01
9.240220265800921373e-01
1.014416228652094132e+00
1.085029182998891395e+00
9.050472321582440083e-01
1.066812474627248486e+00
1.178356291292430358e+00
9.675592843021818545e-01
9.461477181940523007e-01
9.259601344787991017e-01
1.138106958070891350e+00
9.179318306861474763e-01
8.254910196096096886e-01
9.623751563927247510e-01
1.110255398202403709e+00
9.893941394425108671e-01
8.216813449458392205e-01
9.569627509871090343e-01
9.711948925604267924e-01
8.778697944868000258e-01
8.473229818544624203e-01
1.012805231604025469e+00
1.143907027523110242e+00
1.115324142982153433e+00
8.964950138809726354e-01
9.069687768574106190e-01
1.029455543269708118e+00
1.108729557777063279e+00
9.035406579527309745e-01
9.105325059599973514e-01
8.899953684504097184e-01
1.031181510890912589e+00
8.428619690732633840e-01
9.754115639611280475e-01
9.106258307277002029e-01
8.908003913256188344e-01
8.689211305370299065e-01
1.002755759360854926e+00
1.064341183212005326e+00
8.691607730729484782e-01
9.474086021198442342e-01
1.023011232865840503e+00
9.899097492638235796e-01
1.016200992415753790e+00
1.014202775237676990e+00
8.573235740205493727e-01
9.069870340182009105e-01
8.431402799034719564e-01
1.099051902039712925e+00
1.006625762967268578e+00
8.914303033014179256e-01
9.161716785609601565e-01
1.029503631062451019e+00
1.153559729305382975e+00
1.196321244091034686e+00
1.206617748462103012e+00
1.124130149558209002e+00
1.044653355593352595e+00
1.195378596495163759e+00
8.600063601144549708e-01
1.012499897740580135e+00
1.047810162406375589e+00
1.077783116786024342e+00
1.000285330488112301e+00
8.818024663283732245e-01
1.086014112927967457e+00
1.129961153729228451e+00
1.065387357999817874e+00
9.946247363052189705e-01
9.658117092467289888e-01
9.231926607828904174e-01
1.049975717903025130e+00
1.091775742654808479e+00
8.178357916973546526e-01
1.072390861287923158e+00
9.388930691397803230e-01
8.993251104495365578e-01
8.580717855518300574e-01
9.249741479888223816e-01
1.120821236083290984e+00
9.516281357333460367e-01
1.102100947950104937e+00
1.095431604833035699e+00
9.936910175148934155e-01
9.465841334233222604e-01
1.023701810950865543e+00
9.138862046092459668e-01
9.480897789652958929e-01
9.607800812569025073e-01
1.039376163504396100e+00
8.751660523236726164e-01
9.344333205178112500e-01
1.191440385624439768e+00
9.554680188483772874e-01
9.125439084533366607e-01
1.036308466132243922e+00
1.041288150724422046e+00
1.124574455284200747e+00
1.035740584375537399e+00
9.296310981129695117e-01
9.818561283306892484e-01
1.097496248232161076e+00
9.712441792029289367e-01
1.029962108395044984e+00
8.773591540113516718e-01
1.169586873458704712e+00
1.124599457272682734e+00
9.076561048041629221e-01
9.823998500294487402e-01
1.048208819526323055e+00
1.170658481920878513e+00
9.200504043634054607e-01
1.129517963912915590e+00
1.051847957478086792e+00
1.195208918411271526e+00
1.126860493354632453e+00
1.032879846518714340e+00
1.139382454011470092e+00
7.843931556332032207e-01
8.676254169358409429e-01
9.266031679058845949e-01
9.419146643982216904e-01
1.045455857907910291e+00
9.886127375401663198e-01
1.020170807932877954e+00
8.481733428147062437e-01
8.885035089121178231e-01
7.562171589717885389e-01
1.101194497215592927e+00
9.277227897413820035e-01
9.247154343897457940e-01
1.049136415555654622e+00
1.175560291271100510e+00
1.036430966001631315e+00
9.406707136011493997e-01
1.057227534199262076e+00
9.375235997860629222e-01
9.947951466112969765e-01
9.508372207079887062e-01
8.954626176083002598e-01
9.823109460402772442e-01
8.795445565191111204e-01
1.017099016904676523e+00
8.784383449791346443e-01
9.336340259825570698e-01
9.931856648496385498e-01
9.417230935733069686e-01
1.006401471643996182e+00
8.984953694721833362e-01
1.162715003135813108e+00
8.362216707836260809e-01
8.333714787893278242e-01
9.756390938141168423e-01
1.006013933785856906e+00
1.100311140461017745e+00
1.154387393932234440e+00
1.178907728330006455e+00
1.003905190584096108e+00
8.931969773436601034e-01
8.997895422246313668e-01
9.714996638592687805e-01
8.226724547490628092e-01
1.083239234597038081e+00
9.428136788321670458e-01
1.090284375212233758e+00
9.486698013725433087e-01
9.515364612985788284e-01
8.225820018061184014e-01
9.567986326173603118e-01
1.008678853117416230e+00
1.212716999584207311e+00
9.052688144831471106e-01
9.480150804843230361e-01
9.630102890042528951e-01
1.019150190768284281e+00
1.153717486452392915e+00
1.111654937819727351e+00
1.134352921111071888e+00
9.048638398560769902e-01
1.003897986556714583e+00
8.907240984533413286e-01
1.012949599789509936e+00
1.058751328692088212e+00
9.572541044520246345e-01
8.136661496643166069e-01
1.101905498186012355e+00
1.076240184101947772e+00
1.150117074939793094e+00
9.217248740807920671e-01
1.042163201466665079e+00
7.875721560569001189e-01
9.674907963497716423e-01
1.188194719783928210e+00
8.634075176456545986e-01
8.991670823063020457e-01
8.057528602191345035e-01
1.042453938521634038e+00
1.033388353589230535e+00
9.947040125113946196e-01
1.033354672790281370e+00
8.732993891080942372e-01
1.039041782726072505e+00
1.006557114224737592e+00
8.435837574086429980e-01
8.862370141482179831e-01
9.426759315685974139e-01
8.058783770793283008e-01
1.174165353362276676e+00
1.099343750792973751e+00
1.137584204708711244e+00
1.119640208670811043e+00
9.282737414815811494e-01
9.855320749334868236e-01
9.019287377123315075e-01
9.269227688981267477e-01
1.079445455000888066e+00
1.009935914631424181e+00
9.189339576239707874e-01
1.003374828565992249e+00
9.493967789234745158e-01
9.973948911890144764e-01
1.116692965147476402e+00
9.503393457069178041e-01
9.610055900552503250e-01
9.673188759114625945e-01
1.047029561794063035e+00
1.142652491565841144e+00
8.179027430787786379e-01
1.072416795996838923e+00
8.608642656804524895e-01
1.066881749872608420e+00
