1.041731789719025469e+00
1.056006484683745583e+00
8.911446480632023714e-01
8.707217920080180251e-01
1.075767831660928264e+00
9.953205471934731818e-01
1.026100427169116536e+00
9.082630007311479625e-01
9.249202140863375110e-01
9.486467385772729966e-01
8.834586698787141312e-01
1.163856009444563355e+00
8.403452301022252824e-01
1.110943277047608868e+00
9.659904401780080585e-01
1.187515731134483721e+00
9.876066272141824642e-01
1.117895585103880540e+00
7.819539356674356512e-01
1.035932804258047124e+00
9.493962517578624638e-01
7.973777798699142050e-01
9.304332161744753860e-01
1.130323421040462017e+00
9.717602465075482199e-01
9.374172504084065105e-01
9.346698979629819437e-01
9.645177433741816131e-01
1.109551644894813283e+00
8.501499874029685433e-01
9.813821781441337544e-01
1.019725108414997194e+00
1.090262378983458680e+00
1.030339786619291376e+00
1.021138362843745151e+00
9.140932641287672356e-01
1.096106792615848313e+00
1.084059848756503408e+00
9.285912535237852428e-01
1.199899486059497589e+00
1.002279494735756060e+00
1.024673842852426242e+00
9.260207491994957296e-01
1.110980868291886026e+00
1.045579941002545477e+00
9.996641766186653566e-01
1.100577330796005393e+00
9.913248234419885785e-01
8.760625118169094172e-01
8.341804924368037000e-01
1.103652017719275236e+00
1.023617567391737149e+00
9.213133934107391454e-01
1.072473085910123469e+00
1.055916435646879092e+00
9.356749690415584464e-01
1.122610810286359229e+00
9.744975143527615513e-01
1.173740586838961431e+00
9.110054045788477106e-01
1.071950942502579052e+00
1.145977180225098424e+00
8.739132728112508630e-01
8.225500044969533686e-01
1.060018049503629989e+00
8.354309404277091566e-01
8.097553043385272709e-01
9.262982403039679014e-01
1.087364154997000121e+00
1.034694282643115582e+00
1.045061618338794851e+00
9.174168535537646774e-01
9.750585080208071798e-01
9.340083197412509808e-01
8.605000220130364363e-01
8.171072146782105694e-01
8.711611488974176920e-01
8.920153388617078072e-01
1.204674194015726174e+00
1.012964026545603691e+00
1.005431762611855628e+00
1.171658159102598740e+00
9.870172956809691867e-01
1.120245684410583697e+00
1.059502273084344859e+00
9.763666769401337930e-01
8.751494586035727385e-01
1.019425861440140801e+00
1.055380311237253732e+00
9.257114422940446730e-01
1.137725107346289954e+00
9.599737557155498813e-01
1.073760552747112129e+00
1.160548578711696033e+00
1.089748983618098688e+00
9.929215113961991079e-01
1.083709138575152053e+00
1.183182336718713978e+00
1.068965986300065341e+00
1.110314359669350992e+00
8.861024431598809592e-01
1.140170539168572139e+00
1.038296486957147380e+00
8.263589937534537855e-01
1.067820778665341530e+00
1.165085631672145183e+00
8.077979776426654768e-01
9.643851534895349076e-01
1.056729590812394148e+00
1.127704740438516096e+00
9.391045636124606411e-01
8.887733495232625902e-01
9.742027530471526475e-01
1.052836352726241209e+00
1.134799309102320297e+00
8.246461522841244118e-01
8.981150685125672828e-01
9.777437875235688303e-01
9.538066907044076004e-01
9.511481126628176241e-01
1.091688585130502931e+00
1.061217742164370259e+00
8.347029112810728790e-01
1.013545737132182989e+00
1.180858610632420591e+00
8.530124588617320480e-01
1.089540749374115158e+00
8.440208708055570996e-01
1.060359495560175391e+00
9.744688192264068238e-01
8.873703354831732337e-01
1.111858571657065253e+00
9.737281603686798181e-01
1.093977663433848946e+00
8.664670980597943828e-01
1.223923456048709779e+00
8.735619069316893359e-01
8.218093679179616640e-01
8.924367592291826412e-01
1.161773804125229903e+00
9.175919393494019749e-01
9.158207512186755661e-01
1.183692532378334272e+00
1.077112251823186151e+00
7.771966260141056626e-01
7.928917160811790321e-01
1.048747536183423312e+00
8.569953650305877080e-01
9.724071258883069113e-01
9.634184886301155881e-01
1.075993323948027491e+00
8.361986318128511453e-01
1.027566369489358644e+00
8.465089626398591971e-01
8.059629693193151034e-01
8.103540998678485652e-01
9.005210831994937548e-01
9.836284354798046081e-01
8.220333980722958067e-01
9.954102821976243964e-01
9.063845337933722490e-01
8.946645075934820390e-01
1.171205641486303461e+00
1.192911449535242641e+00
8.367244388388178633e-01
9.313370232119060343e-01
8.676017378993545748e-01
1.061175739167952381e+00
8.338878580588324763e-01
8.278890316094402735e-01
1.114922469148801110e+00
1.061945982882182227e+00
9.848155612686479987e-01
1.037273085393391581e+00
1.230520172156007064e+00
1.148515631483292720e+00
8.962561582439282359e-01
1.012435287427167818e+00
1.061857026405762960e+00
1.205583729539296822e+00
1.015072635800946532e+00
1.154025068716415525e+00
1.014782856252491428e+00
9.412945594328140375e-01
1.024899450380453159e+00
1.087743756043928478e+00
9.708513622875789562e-01
9.799860980143707545e-01
1.161264657331199546e+00
9.835711435454139728e-01
1.080911257269120629e+00
1.009198660959188310e+00
1.059703968586559686e+00
1.046006809518285730e+00
1.005938306546210415e+00
9.535185894693359865e-01
9.195831603084424488e-01
8.527698959386303956e-01
1.060351415282774212e+00
1.072057592046104846e+00
1.025707863575421097e+00
1.028042216128151498e+00
8.953540981628165252e-01
1.003001489630288789e+00
1.009989874530197618e+00
1.014996495300181767e+00
1.081843231980030851e+00
8.618376472716278158e-01
1.047729350705345119e+00
9.051463685257848946e-01
1.015363493011688156e+00
1.132388882244038886e+00
1.005311083017483398e+00
1.065956285272168902e+00
1.025588106600662019e+00
9.370655250593371566e-01
1.023459499842916065e+00
1.114246697265097730e+00
9.054684504748031770e-01
8.902261195962100082e-01
1.180593083538910681e+00
9.564736202059344050e-01
9.983061831678822218e-01
9.557332821610808882e-01
9.895691627238891730e-01
9.724206356513502847e-01
9.869348811310141301e-01
8.810051416255829659e-01
9.766201374218659303e-01
1.088516390615611229e+00
1.025980970588884267e+00
1.066384015169776989e+00
1.073982619619959999e+00
9.670871489974387503e-01
8.858661754016912138e-01
1.006689357411521435e+00
8.715521173897549101e-01
9.283477477799155775e-01
1.046254462348088943e+00
8.941045922973924753e-01
9.859988865588643625e-01
9.253081221984441607e-01
8.145079597691499140e-01
8.881780156049547958e-01
9.632025023259065399e-01
7.966536962718360204e-01
1.136147295631154908e+00
9.786832864484475980e-01
9.421772604229482484e-01
9.715583986021180118e-01
1.134941414234973633e+00
1.136981253583152052e+00
9.265599860605442384e-01
1.061526424010329706e+00
9.222154302153471317e-01
8.489010338412755763e-01
9.749716006587012540e-01
1.082163839262228588e+00
9.316743635382847000e-01
9.145180183202956670e-01
1.053153695154078751e+00
1.039176443426769403e+00
9.464678160376052141e-01
1.093044815031775308e+00
9.497107059394018780e-01
1.142985091862649627e+00
8.657960685605590179e-01
1.080052093458340856e+00
1.010609768768478300e+00
1.029454609772938234e+00
9.484727980949143600e-01
1.036593070856571819e+00
9.784589932987642902e-01
9.250168774229162727e-01
1.037942013223878579e+00
1.044469833697006189e+00
9.523862854935447597e-01
9.761194096247667318e-01
1.109150318365817345e+00
8.538603764026813092e-01
8.847243649901697093e-01
1.050149701493299670e+00
1.051737651326795753e+00
1.012065370108236051e+00
8.739395039202491056e-01
1.107180662869229781e+00
9.213106208707327882e-01
1.144568710290717828e+00
1.034397554032564504e+00
8.697353850800378927e-01
1.025803002596925362e+00
8.150157463388963963e-01
1.110350520371641503e+00
8.925571027205569941e-01
8.691595171366545136e-01
8.253911436357317388e-01
9.691101478106789457e-01
9.429501835272464660e-01
1.164997014862235281e+00
8.337784174268831894e-01
1.046076977231774396e+00
1.202820916562675535e+00
1.160961275884453192e+00
1.041278846652260448e+00
1.023985123736825820e+00
1.155073915504420290e+00
8.880813407055159203e-01
1.076278437656833731e+00
9.343295723202695857e-01
1.009219115293433333e+00
1.158020401752473116e+00
1.008491885010551536e+00
1.041909617931884524e+00
9.558591198845074466e-01
1.100606902314744895e+00
1.073854999994183990e+00
8.907189459093008965e-01
9.636259055649927241e-01
9.936462027977315259e-01
8.874501297046342163e-01
1.129963476449550974e+00
1.117723492089437221e+00
9.922800959284223676e-01
9.915885266058924730e-01
1.008239231251616630e+00
8.871054323305749278e-01
8.342970369659594709e-01
9.596997373011129095e-01
8.758185702724000654e-01
1.115642759084096935e+00
9.752555895261107999e-01
8.607709348108351088e-01
1.093343354431476566e+00
1.137722309121180109e+00
8.659685886401593535e-01
9.329426217437029045e-01
8.791433345684879219e-01
8.873441618021979949e-01
1.048357192383916781e+00
1.008964994954614669e+00
9.444810570455119958e-01
8.846550713348053652e-01
9.480871897134277582e-01
8.820639210850069745e-01
1.068138127338922772e+00
1.081038248300573601e+00
8.605623303744956987e-01
1.104162565241594063e+00
9.994801653428699861e-01
9.127563094126240895e-01
1.003098856305268960e+00
1.133099505645119631e+00
9.981430924364214086e-01
1.037990785629358426e+00
8.961970561955563408e-01
1.094104762785213181e+00
1.077705340767497910e+00
1.006504310320328832e+00
1.028159947893990456e+00
9.500551874036153865e-01
8.601284224550298507e-01
1.024780776063166865e+00
1.155233092971998277e+00
9.448099978721699044e-01
1.094427227798058233e+00
1.013122941801811727e+00
1.042120912551407708e+00
9.112029366022138532e-01
9.284994964425198338e-01
1.091945085140669347e+00
9.170700597463520287e-01
1.139120890730687563e+00
9.547081429171073719e-01
1.143559818468713019e+00
1.168503022154309345e+00
1.026261921630456264e+00
1.012863577905243284e+00
8.549674379599992990e-01
1.106503624027356025e+00
1.020542367667410355e+00
9.820909478565000850e-01
8.353307003150383103e-01
9.500162545457456753e-01
1.163348630817632845e+00
1.115063271635023279e+00
1.061857211415998092e+00
9.963785056302305598e-01
1.039511816739181471e+00
1.052537959901962639e+00
9.432175892507026482e-01
9.333657654556830607e-01
9.349391144243077711e-01
1.040717370836163891e+00
9.988501237152280776e-01
1.029735557504561250e+00
9.220455724149448917e-01
9.427095643562516392e-01
9.732451784491518154e-01
9.572886814268481981e-01
9.304021245567241083e-01
1.130555544858707240e+00
1.159040319704044641e+00
1.113646944224631508e+00
1.175606686089379460e+00
1.027919363512934003e+00
8.104510880831385933e-01
1.065243884541557717e+00
1.024085967962500510e+00
1.009461511606583262e+00
1.106396816540507810e+00
8.381643792605448784e-01
8.071162348268142717e-01
9.846633351285078994e-01
8.822524289788695739e-01
8.828526656703619135e-01
9.367549507563119882e-01
8.740334182344466907e-01
9.433294353205575744e-01
1.027744567422589128e+00
1.043659827883547164e+00
1.177982929977409166e+00
1.009099973933038186e+00
8.760475721852106767e-01
8.895834981795973651e-01
1.120522257776510378e+00
1.162614203888922670e+00
1.095473238881008005e+00
1.017649471624369584e+00
1.067212448268795022e+00
9.352964064276385603e-01
8.315323224007822311e-01
1.100047632200378933e+00
1.100753513754741730e+00
9.019723885566984789e-01
9.682806585160717017e-01
1.020740744977224335e+00
1.010101130134243963e+00
9.006580986611822937e-01
8.338045319155189539e-01
1.022786891137374310e+00
1.023554931975250826e+00
1.176901406420920670e+00
9.541635134229369264e-01
1.119542919703335970e+00
9.442319630015669762e-01
1.044441568090219041e+00
1.007631305928282206e+00
1.008696765086496860e+00
9.840846632725501753e-01
9.614252153137217149e-01
1.112724032198151747e+00
8.968972396290255666e-01
1.196945738740797571e+00
9.328192774042887159e-01
1.006817155623255911e+00
9.940520754900059597e-01
9.105525521514110654e-01
1.093636235847075922e+00
1.088293270988527572e+00
1.065712072435781810e+00
9.078956622798128873e-01
1.066375889467302551e+00
9.332878511697166868e-01
1.206626651327161293e+00
1.064974166581710291e+00
1.149205550489957206e+00
9.430739825398664067e-01
1.157230949119083974e+00
1.121953110718999724e+00
1.008364538852429160e+00
8.812409682768136410e-01
9.462775941977144001e-01
1.097809334319879149e+00
9.729744278840095628e-01
9.234124552226753435e-01
8.353858347066946965e-01
9.143332012293010624e-01
9.891505292269143768e-01
9.360223971346190996e-01
1.133620447446597401e+00
1.125556990388462797e+00
1.086171021675791382e+00
1.012881929423577798e+00
1.242517285686505213e+00
1.008039936734811404e+00
1.233147106942356075e+00
1.028377800599900027e+00
1.073550304598323679e+00
1.116255151543260826e+00
8.700663121454320637e-01
1.098683155127612388e+00
1.103359868971336200e+00
8.269853410938867722e-01
9.963173818872619325e-01
9.140427046741528283e-01
9.674127070473748091e-01
1.154342880229370705e+00
9.748984341151916144e-01
9.158866465639569077e-01
8.237737322977556342e-01
1.103106912614214563e+00
1.092919328936666101e+00
1.042345920765214817e+00
1.205850791582717907e+00
8.761144530577424927e-01
1.106377745741967900e+00
1.061544265479537730e+00
1.094489124878847086e+00
8.882863075596049152e-01
1.113222748745557045e+00
9.940415606471153520e-01
9.298436025676529715e-01
1.132595798573013957e+00
1.128721666401896639e+00
1.123856965735289926e+00
1.006206095030995895e+00
1.130892640341843114e+00
9.878823201864674886e-01
8.143911242320585053e-01
1.061261968249509025e+00
9.096441052485733092e-01
1.174988937988531656e+00
9.818731525679478267e-01
9.562386659097062980e-01
9.738533250216836468e-01
1.108289823695571830e+00
1.061079677925321096e+00
8.749617758105465715e-01
9.454631863876024056e-01
9.800975531835625087e-01
9.041829552424940353e-01
9.392717721659928909e-01
9.912848972992200913e-01
9.907975632117795861e-01
1.122308948553404795e+00
8.619300118915941278e-01
1.052593693267410480e+00
8.875992349510819501e-01
9.725697852866668214e-01
8.862298071933145671e-01
8.728478157914687507e-01
1.074570649756128038e+00
8.526661487143627483e-01
8.767828086187854364e-01
1.078980902548131837e+00
9.476429297708204302e-01
1.119077792398291082e+00
9.159658879434258161e-01
9.575981854617509059e-01
1.091772700058906143e+00
1.110875801526016282e+00
1.082912876792230250e+00
9.182260307816385581e-01
1.064750861093777479e+00
8.059172581093847487e-01
1.025336166299315677e+00
1.014523857420857267e+00
1.118438286174897378e+00
8.878052242758738277e-01
8.370903180820274958e-01
9.436688961106607376e-01
1.028121255390979982e+00
1.002749812581461786e+00
1.135836503975528711e+00
1.110488158862226182e+00
9.201110569321366839e-01
9.910214527662553063e-01
