1.132038251484224434e+00
1.023264456850278226e+00
1.059009520160276052e+00
9.904860963347962288e-01
9.821330981331741761e-01
1.026530761867943564e+00
1.158897375235701910e+00
1.099895540112806991e+00
1.005127342083370401e+00
1.019384413052927263e+00
1.055898050029943303e+00
1.159920602076993656e+00
1.051108470098798042e+00
1.054888404126576917e+00
8.941291357704360676e-01
1.120967356948149085e+00
1.177039638031756263e+00
8.819827216542941439e-01
8.666615526317897888e-01
1.013008979939837406e+00
9.130866128212730137e-01
1.086858834178611621e+00
1.010764169914285082e+00
8.869041488290488884e-01
1.159175467464738318e+00
9.481345685607271978e-01
9.258421498155532392e-01
1.147149732359329821e+00
8.018385158175004301e-01
8.215351003487614268e-01
1.056010111424005027e+00
1.119736900160537729e+00
1.066360699572008741e+00
1.110023537291277673e+00
9.552198456820204520e-01
1.013488043940351968e+00
9.504907961424396978e-01
1.085721625479301400e+00
9.412498078946494040e-01
9.215611611735703423e-01
8.875306605608830335e-01
1.187547595635706221e+00
1.076979114007995841e+00
1.068473541481452793e+00
9.709628369320720820e-01
1.118732551080019455e+00
1.052143941272416283e+00
1.090504535759699190e+00
1.107678100238448593e+00
1.174838645965973427e+00
8.710917511372264777e-01
1.043607614575089215e+00
9.461608436642805486e-01
1.023093914402474658e+00
9.121590811643627283e-01
9.838541043763063820e-01
9.921210773346745837e-01
9.117266307021416605e-01
1.157017280227291778e+00
1.197201161925066648e+00
9.877392167705721926e-01
8.711283247540495545e-01
9.684962407495429915e-01
1.075765632426915364e+00
1.054979483090818126e+00
1.149711728604001504e+00
1.040252349741879634e+00
8.951218411137891184e-01
1.030931589252170211e+00
9.508464304824090219e-01
8.234056514624893408e-01
8.878775958493130283e-01
8.443733447925254598e-01
1.053572762786368244e+00
9.702392610709469345e-01
1.017517961037159413e+00
1.173423718586903641e+00
9.204214347168891974e-01
9.865062436863833994e-01
1.071505901196415866e+00
9.686515986998422978e-01
9.466223208325112992e-01
9.745820222194434557e-01
8.955293213098185490e-01
1.080983218274359725e+00
1.124483453458278825e+00
1.099925701666952360e+00
1.080842008394333531e+00
8.097653326986664624e-01
9.015152458068693697e-01
9.953085651199946593e-01
1.183977841700963651e+00
9.413395331945273448e-01
9.732115595931744023e-01
9.095487506108443920e-01
1.033444225456932486e+00
1.028963884565980536e+00
1.025558865763704697e+00
7.832575980595992693e-01
9.179568963254899350e-01
8.569708325408325056e-01
8.905523695642071358e-01
1.068811635259147907e+00
1.053195598396944543e+00
9.608440419698479618e-01
9.058051521838353937e-01
1.105339812124390919e+00
8.957096807100786151e-01
9.824200340316939783e-01
9.100953893101069170e-01
9.023767344118855949e-01
9.728975684354742581e-01
1.107040132486012629e+00
1.064760951070759631e+00
1.206095756824425935e+00
1.042344246068815705e+00
9.985927456202168262e-01
9.905707961569825137e-01
1.095173928516676387e+00
1.107459096333853310e+00
9.895738170284333890e-01
8.822198808911697610e-01
9.186948744043722526e-01
9.243936387508444597e-01
1.079736605713658815e+00
1.179439702778048549e+00
1.029747978191790425e+00
1.110145692246216287e+00
9.799826488782708012e-01
1.032419805401149304e+00
9.294626271443787724e-01
9.878063605167202166e-01
1.004984953403040615e+00
9.067176331254533928e-01
1.018815712671815588e+00
1.188231444556386851e+00
1.076834780751601439e+00
1.206262460130825609e+00
1.234899289144104406e+00
9.800251454620079183e-01
1.012474122750048444e+00
1.008540796973169451e+00
1.020971440085448823e+00
1.226514667032662542e+00
8.835049940730430595e-01
1.014195077891880237e+00
1.127733116915241363e+00
8.312734553333078757e-01
1.001156597301224638e+00
1.109831440339677178e+00
1.050087036771956583e+00
1.001185519225652687e+00
1.095566482948696407e+00
9.735429834880393596e-01
9.363775400649053671e-01
9.397503843285497371e-01
1.039903371817530786e+00
1.089928703157941436e+00
1.001487639850886957e+00
8.605069146868298269e-01
1.061294083933881360e+00
1.112065012901262140e+00
1.027411161121894123e+00
9.652701253912685520e-01
8.423715297883883624e-01
1.083659757736226581e+00
1.084405319224637232e+00
1.040742380278882218e+00
9.695093830160327331e-01
8.897142698086140111e-01
1.098422753648639283e+00
1.024131854928082896e+00
9.972561718034078648e-01
1.199438001419855127e+00
9.831962317349702829e-01
1.129271936418972055e+00
1.088029222794635320e+00
1.043832918524077336e+00
9.916090921508479150e-01
8.771407292025372726e-01
1.118934161483660095e+00
8.622498329836668640e-01
1.038297780982029073e+00
1.002325731955323818e+00
1.082691853336072985e+00
1.198497692728436981e+00
9.813512402170512239e-01
9.890950619548067868e-01
1.075228700348319855e+00
9.641913052893114067e-01
1.000679011999131784e+00
8.405325613184603251e-01
9.381268284305925853e-01
8.715591185382514094e-01
8.552396060006610679e-01
9.524524677251373639e-01
8.465531945657551738e-01
9.332024865830959026e-01
9.866563036851789814e-01
1.071087808427048982e+00
1.166191026739691772e+00
9.929757102693239634e-01
1.058967321617343638e+00
1.103163924811124463e+00
9.473960611071293725e-01
8.392339674887981937e-01
8.285552653334056217e-01
1.059742385544888865e+00
1.024081368652846935e+00
1.170093621911480586e+00
1.031293575201078783e+00
1.090396717808587601e+00
1.032209057021469922e+00
8.791698930327367378e-01
1.078892188378682393e+00
9.612613664932718738e-01
1.009281506624136293e+00
1.098497456578107601e+00
8.053469186678576808e-01
9.766101849321786599e-01
9.208716111103626423e-01
9.096642024399592685e-01
1.069086071599147925e+00
1.058493722978522733e+00
8.963801972219376246e-01
8.658166972345079371e-01
8.720708382739221776e-01
9.407448957613476770e-01
1.155460560265191505e+00
1.075399759194978655e+00
9.617902163390142922e-01
1.094217771746712531e+00
9.958793068862690223e-01
8.531292865015456250e-01
9.927281549538455874e-01
8.380288588375742753e-01
1.175947070151278862e+00
1.061192414608909340e+00
8.775138766024483949e-01
1.059727437903174918e+00
1.044258483708219831e+00
8.731152601131598745e-01
1.045452943414444613e+00
1.064655701355534001e+00
9.020327730721795501e-01
8.941357445746783705e-01
8.537623043995764549e-01
1.117814106184057410e+00
1.133510886404633045e+00
1.028015875691879355e+00
1.046122268297350777e+00
8.912810631956669116e-01
9.676318006110371517e-01
9.623549590936941733e-01
8.883569430180462412e-01
9.455777084417040790e-01
1.162631487313608325e+00
1.154510558136941700e+00
1.075704006567396176e+00
9.397641129721446829e-01
8.799800633054501997e-01
8.460506436817800680e-01
1.002690171120701024e+00
9.989077484498285475e-01
9.793213561920464105e-01
1.051463961463555030e+00
1.131860662942763218e+00
8.266223156742822376e-01
1.074776116180397922e+00
9.050632875822526291e-01
9.679333615658337608e-01
1.042066895544937255e+00
9.700131287331529295e-01
1.091341727198546829e+00
1.035134193987939266e+00
9.585453175447848917e-01
1.117552072506419414e+00
1.010200372464431062e+00
1.080325450490940753e+00
1.079408125281974051e+00
9.125401052532020607e-01
9.975267324695511473e-01
1.084756712133210010e+00
1.004476182181396116e+00
9.834409944719268992e-01
9.959399205687025081e-01
1.143981624919843787e+00
8.935037301638990570e-01
1.071255802637987475e+00
1.093387823668664938e+00
1.012593790745727640e+00
1.022387854764069237e+00
1.051748478552930299e+00
1.051636355916612198e+00
1.124769451644854756e+00
8.477360547729200224e-01
1.087237632353891037e+00
1.128309403471215777e+00
9.092448282028235962e-01
8.466404762899475411e-01
1.080083233030225465e+00
1.025306908815223572e+00
1.010921485796771435e+00
1.160646862925985623e+00
8.587708927561517047e-01
1.096939319893441400e+00
9.906644815316886232e-01
1.139851128153284820e+00
1.139188709846565839e+00
9.560222302510347214e-01
9.158032718543902551e-01
1.018394118185617536e+00
1.105760547589107690e+00
1.194533083653212646e+00
1.027221587151955440e+00
1.062157550516399818e+00
9.822674524263967921e-01
1.072959589979707085e+00
8.896270654139200040e-01
1.127385241393262572e+00
8.164007939470901976e-01
1.062887069335124668e+00
1.113876607883505843e+00
8.603303864709141990e-01
1.121472396619862089e+00
1.081819216667253336e+00
9.395514187655586991e-01
1.010532182785891075e+00
1.128231796400749998e+00
8.222920802791390260e-01
9.524617619973236859e-01
9.633823715978921953e-01
1.087923339072010886e+00
1.026100694904539701e+00
1.004539747291002261e+00
1.020094317094993652e+00
1.028242193226060808e+00
1.042755502951477231e+00
1.031401352109425851e+00
9.515512762399372937e-01
9.198205618096555458e-01
9.950318530734216793e-01
1.074909574387862055e+00
9.111957062681903530e-01
1.040402317493568374e+00
9.697322181509825390e-01
9.799490446634657737e-01
9.639940561094755278e-01
1.048350400847367636e+00
1.004053788181901830e+00
9.478432697167358256e-01
9.741860518628437937e-01
9.045894626465740274e-01
1.036644266642758438e+00
9.813727744137190623e-01
1.007853326075183853e+00
8.689412061251975405e-01
1.077319773123959878e+00
9.610452247799179393e-01
9.474548173665231499e-01
9.692903807580307562e-01
9.576192933744887004e-01
8.747534903570416409e-01
1.167072657066673402e+00
1.090611150560723441e+00
1.001620413023697198e+00
8.650810314843495608e-01
8.637819577390184467e-01
1.123367293553053869e+00
8.969859126155672602e-01
9.838509519962199690e-01
1.004275467447258929e+00
1.144883542853929237e+00
9.209917952510071615e-01
8.527285460588203136e-01
1.136323321112077789e+00
1.129849228249616644e+00
9.569202426653169447e-01
1.089177838403547316e+00
9.950446709015171587e-01
1.062739614437128610e+00
1.025480925693612377e+00
1.142976069330679856e+00
1.119235434680231789e+00
9.854604994657925054e-01
1.109459300803863790e+00
1.016808503640371342e+00
1.075755054264796451e+00
1.048100318874098491e+00
9.689311309538657380e-01
9.901593858003079340e-01
1.036398843815342641e+00
9.729155423027322502e-01
1.150106498289459989e+00
1.078990138375397478e+00
1.020691742948617309e+00
8.159910304152837579e-01
9.146851718901281014e-01
1.070423258992850846e+00
9.492008672632534783e-01
9.703459209920555217e-01
8.314156900400829775e-01
8.373845318586203845e-01
1.078149077505507369e+00
1.073226088396038058e+00
8.686846534968108990e-01
1.040747304632265058e+00
9.522472889601796275e-01
8.048967827411088738e-01
8.642217170699884043e-01
8.038560243369146097e-01
9.182864224996039049e-01
8.829133837797621398e-01
9.027814519269955484e-01
1.003260805666152722e+00
9.654771472973922020e-01
1.069137544445762256e+00
1.179793039960605805e+00
1.035443225982696003e+00
1.070389718381501654e+00
1.160641168591041827e+00
8.655665731540578278e-01
9.126686869343324515e-01
8.974209828798369593e-01
9.172068218808306916e-01
8.235098984485775819e-01
8.313143654791261827e-01
1.029664789155213533e+00
1.148389941577780515e+00
8.721207265097663530e-01
8.605552079973965984e-01
9.991436562637883156e-01
9.258320029195463707e-01
8.884369389247892546e-01
9.343616886143791822e-01
9.339127992549209889e-01
1.166279179761830598e+00
8.541680242347211571e-01
1.112795501655254649e+00
9.588545405153146017e-01
1.083908073573158326e+00
1.099136699064881872e+00
9.434974278070076270e-01
9.910224775852968238e-01
1.142101151930376091e+00
9.275113582103581278e-01
1.121755362671525980e+00
9.342221311592422417e-01
1.099840226938665344e+00
1.069232668666264097e+00
1.113456935325294328e+00
1.079519067107365338e+00
9.423878666914904390e-01
1.039010219828336634e+00
1.057864290044043809e+00
9.229915381221828197e-01
8.231549133601442358e-01
8.313180233205577085e-01
1.218302758806339314e+00
8.410775771653307142e-01
8.837877246707326329e-01
1.025940247213620982e+00
9.218234421685689295e-01
1.007737541725997055e+00
8.949906251434676108e-01
9.964386121597907930e-01
9.725919286269839592e-01
9.006632842697208652e-01
8.128233740586592315e-01
1.155917275441995740e+00
1.091924160717744341e+00
1.034767885053275105e+00
1.081028858224919009e+00
1.029230207119797402e+00
9.079526230934154007e-01
1.199117450806870044e+00
9.650310482970169135e-01
1.115224120303828448e+00
1.113410777204262070e+00
1.002256510330629791e+00
1.094151211154256842e+00
1.136898012838527983e+00
9.851310214588566705e-01
8.465313759808832383e-01
9.051276213493935074e-01
9.359390865288839123e-01
1.093997860723441296e+00
9.513709845246809405e-01
1.062767332092757089e+00
8.855988749934302628e-01
1.052600125055443536e+00
9.939913064817340604e-01
1.154855032841894058e+00
9.037193172399077268e-01
1.182014801679397431e+00
9.063954727831167180e-01
1.019126885428713658e+00
1.120305164690026167e+00
1.219160264986912212e+00
1.102859004066967241e+00
1.181522137268950390e+00
9.623615486198215940e-01
8.403066999156464378e-01
9.473505385920151234e-01
1.161587018935037019e+00
1.000850400416564590e+00
1.028452878667089454e+00
1.011753655342179314e+00
8.878601593286216120e-01
1.081378690306311174e+00
1.033016234921725118e+00
9.345255044357654306e-01
1.085428289399832824e+00
8.778448139534642536e-01
1.049385789911611688e+00
1.177292437291000970e+00
8.471354655450232807e-01
9.901879896951055748e-01
1.096537058312233359e+00
1.147711721897683557e+00
8.492738625242579609e-01
1.191266504861876241e+00
8.241460559280013864e-01
9.270402205974404009e-01
7.946752870622642018e-01
1.058406065966314813e+00
1.003000385309587461e+00
9.639676652356030662e-01
1.028698247226830675e+00
1.129094047495548647e+00
8.742208762309300329e-01
8.975626470029469672e-01
9.910267883782823972e-01
1.049678993733918819e+00
9.827590281794387206e-01
8.075149034844212315e-01
9.882977442156795078e-01
1.106059623070135833e+00
1.099202720698727598e+00
9.831953096562618954e-01
9.794390183110124326e-01
9.678536141613001131e-01
9.811027047486783337e-01
1.057400470298645700e+00
8.164225366740218703e-01
9.191574765404674219e-01
8.190278257909433535e-01
1.032407464181370305e+00
9.008935344243783616e-01
1.026670919794059555e+00
1.088982356517478989e+00
1.049122749640108321e+00
1.064080693238095288e+00
1.022415882087338801e+00
1.135425814898662011e+00
1.219795245015268481e+00
9.400988813856021586e-01
8.591521717250822920e-01
8.763869141884981229e-01
1.000609661827357222e+00
9.201583302247503537e-01
1.025262607480661892e+00
1.197639869241867716e+00
9.340220294903848197e-01
1.072504579092508514e+00
1.050576466992416691e+00
8.009338305300988115e-01
