9.209445290510598348e-01
9.572387746223891547e-01
1.172082117390617073e+00
9.383693982307891313e-01
1.133124603665463415e+00
1.082818163494571939e+00
1.114935687876017045e+00
9.284706396224112757e-01
9.363768818460445065e-01
9.422635898434246204e-01
1.139716805377288589e+00
9.691260072907748047e-01
9.673746939299255887e-01
1.026266314193619023e+00
1.105318196871419856e+00
9.686781615745987395e-01
9.890820685819611269e-01
9.351933363760548401e-01
9.925103274591824398e-01
1.060239304417560424e+00
9.349426043398416653e-01
9.903341083497447794e-01
1.123165841725742631e+00
1.054275074315787153e+00
9.502137732505524514e-01
1.198984520838939583e+00
9.691149779167617107e-01
1.075723971386077116e+00
1.035022647590109424e+00
9.810778078418235237e-01
9.284567534985026516e-01
1.080394488540627584e+00
9.735468168449643578e-01
8.676660435601042387e-01
1.030293242226981709e+00
8.247553698217466867e-01
1.003592504885226777e+00
1.134138018700279860e+00
8.500630512123621418e-01
1.120210239377127159e+00
1.071576910610046562e+00
1.037044736861277183e+00
1.210022630286200496e+00
1.061481467797625200e+00
8.551085672471292476e-01
8.648743331201378393e-01
1.153757056509518986e+00
9.714630195511784194e-01
9.146224910368353500e-01
1.102238697676647838e+00
9.168703703311764652e-01
8.291262902516803868e-01
9.699743117215109400e-01
1.069269711666559264e+00
1.045278171086157837e+00
1.116145100743586083e+00
9.015147406355730197e-01
9.517280366306528627e-01
8.199839646359405876e-01
1.128597729656818816e+00
8.651868958993815806e-01
1.139189390285387349e+00
1.123427782601748914e+00
9.950447314238419771e-01
1.161794194315156625e+00
1.083372548421848824e+00
1.158279157088091482e+00
8.728287975413708821e-01
1.068536849584957871e+00
9.612654422614994587e-01
9.200985676189499252e-01
9.785325653786394184e-01
8.687798545212654933e-01
1.107040136320634804e+00
1.032958185842758114e+00
9.483845231534213660e-01
8.670966364180839880e-01
8.176135839939011607e-01
1.064864932976121503e+00
8.837618720473298106e-01
8.530995871548097131e-01
8.940017098615424818e-01
1.021534673960276640e+00
1.058269130498979749e+00
1.065777756136016663e+00
8.225813970680135867e-01
1.188431683543902384e+00
1.115863586342797475e+00
7.944367496202474621e-01
9.138539541574720593e-01
1.004129980512541209e+00
8.771978380396696640e-01
9.086359367804019982e-01
1.139543976414188808e+00
9.925529305800726565e-01
7.864327985928054598e-01
7.882642883810992984e-01
1.004270216949332273e+00
1.052021593132622446e+00
1.061358852275029019e+00
1.137368745660895630e+00
1.168296132465850734e+00
1.019278889580524705e+00
1.130684897153398705e+00
1.070162906737452957e+00
9.251686877202380810e-01
1.034583451509558882e+00
1.127803416000649372e+00
8.808826597850163420e-01
1.035794198599350846e+00
1.025831666388587360e+00
1.088426015722268492e+00
8.348966975193050644e-01
9.465909157005245600e-01
1.084554935529369546e+00
1.118580216532654603e+00
1.050967125311762951e+00
8.895477229021384602e-01
9.819816462610386765e-01
8.209951854118698877e-01
1.001246162576120868e+00
8.341480639240751449e-01
9.699774153828977230e-01
1.041329741365150330e+00
1.108450958173555767e+00
1.030516602108370927e+00
1.084560064868743012e+00
8.378480905059566552e-01
8.770745863810464060e-01
8.146522362555327357e-01
9.966998308106100879e-01
9.999130899367824066e-01
8.359002025371373712e-01
9.602546387869622668e-01
1.187384395857343566e+00
9.877627202220728986e-01
1.140248783205971117e+00
1.144036579205678361e+00
9.434997463817356156e-01
9.885779139086867673e-01
9.533178557547941079e-01
1.002692342399868597e+00
1.059497992777250763e+00
1.136500190111197739e+00
1.143246540581363435e+00
8.854288511498175085e-01
1.142252634928365929e+00
1.007983578603018238e+00
1.140526068421947814e+00
1.124930151957934443e+00
9.667161309491218990e-01
1.092774986943787496e+00
9.351201211402198066e-01
8.426377656186050391e-01
1.117711532431295618e+00
1.115635554064589030e+00
1.050716026881808762e+00
1.102680289058372010e+00
1.077265536348690933e+00
1.083149551121697751e+00
1.171915383006475908e+00
9.165729289553659065e-01
8.700414789435064744e-01
1.027776358944360702e+00
1.129299364255306859e+00
8.956021785156926818e-01
1.190286398534102119e+00
9.474141377162481614e-01
1.013435227302416308e+00
1.074064410955619220e+00
7.874391731652126136e-01
1.082036101826232999e+00
1.016426660966406104e+00
9.908295925097856394e-01
1.052698933691508243e+00
1.034722829172799674e+00
8.998772077207668474e-01
1.095119053226574213e+00
8.197796718166804331e-01
1.038493010616891254e+00
1.026850495557233067e+00
1.022457243860412257e+00
8.273296167255321798e-01
8.440761623660739676e-01
1.117500345413090512e+00
8.619863725906925511e-01
1.022637018912932128e+00
1.155143964564618653e+00
1.023559325553121457e+00
1.111684178041214111e+00
1.113085757986752355e+00
1.020731681676557701e+00
9.643154588958828821e-01
1.012425163102113057e+00
9.050449600406786921e-01
1.123194785110827487e+00
9.492587765263513777e-01
1.004791513326797281e+00
1.074800145526364714e+00
1.022307138592511988e+00
9.062282947393075494e-01
9.147036719333874188e-01
1.013079415330527366e+00
1.188905975105235768e+00
1.029027121702841052e+00
1.076096332959748159e+00
1.195680982169214701e+00
1.010551942408293602e+00
9.667167681164772208e-01
1.097912541801166153e+00
8.843195211753926976e-01
1.017506270758786968e+00
9.868456016194984137e-01
8.413373247440893987e-01
9.000810392579290387e-01
1.034797063440859199e+00
9.729572841975596686e-01
9.728508548739707162e-01
8.458772639866349863e-01
1.026554328384412074e+00
1.088594824879837830e+00
9.623187263854774409e-01
9.918692877561462451e-01
1.015138370859060668e+00
1.002905120302951758e+00
1.013463189111623919e+00
1.143974806709379122e+00
1.140234400367498457e+00
8.148084086517686231e-01
9.937243377054582050e-01
9.836250697321902159e-01
1.135433413385452450e+00
1.073193021188179941e+00
1.096590687178502055e+00
9.396944466505258164e-01
1.122916076425815035e+00
9.789177974726109843e-01
1.039545800097007033e+00
9.169285757702947404e-01
1.167390636821448835e+00
8.762568163342820959e-01
8.661592884153586080e-01
8.711394503676186396e-01
9.462609766574074932e-01
9.057760691704566103e-01
8.481332720521812529e-01
9.296885154220819736e-01
9.993376170567970229e-01
9.378206603560046428e-01
8.563532099504223005e-01
1.084480758424122060e+00
1.005264743468780031e+00
9.913483382479106876e-01
1.067499925715309050e+00
1.178973335697126146e+00
1.091958068500823442e+00
1.025154641521435650e+00
8.664348951939326859e-01
9.768443744366612780e-01
1.116681414168450681e+00
8.261026217770743862e-01
1.021167636138337498e+00
9.545218265722055229e-01
8.139744071045406093e-01
9.259143300674856913e-01
9.894664347156796325e-01
9.983367909363780601e-01
9.767348566005562560e-01
8.684735358830949492e-01
1.111743140178002021e+00
9.702504877749337231e-01
8.833155557148839598e-01
9.646726265965173130e-01
9.931273642349434105e-01
1.018284313534495444e+00
1.215458410561061298e+00
1.056403333361177088e+00
8.649341195536004445e-01
9.578281436313835773e-01
1.051332055077608629e+00
1.163157889608566142e+00
1.140046429805906314e+00
9.433171423991955074e-01
1.160741883039239308e+00
1.040241699199148773e+00
1.001101375614039668e+00
1.191086780709246229e+00
9.165232970510972521e-01
1.075044940613873790e+00
8.991984225982356804e-01
9.830732811287330453e-01
9.188575737721154102e-01
1.120727823826207503e+00
8.703125301482519394e-01
9.724055580136339305e-01
1.015935334645134525e+00
1.122839070604837453e+00
9.323409532404185462e-01
1.122169772576936175e+00
1.090265884991940437e+00
8.831865861592109734e-01
1.014741854024530987e+00
1.104125280090359595e+00
1.074874877275911800e+00
1.141849370766840011e+00
8.334885613615626854e-01
1.056488960822234757e+00
1.022817262607572886e+00
9.329802192035383523e-01
1.007664465440375023e+00
1.080284230650569555e+00
8.837033225516419677e-01
8.396310005345866134e-01
1.162085181712888104e+00
1.058934495945793808e+00
8.597340151683492415e-01
9.033186172618336007e-01
8.973728407142793628e-01
9.145877067479577516e-01
8.657850112905937090e-01
9.242008103126572172e-01
8.884300891066826411e-01
1.095470067105791534e+00
9.181622005572693812e-01
1.032823112562089030e+00
9.811175770846303212e-01
1.054036281462083835e+00
1.062971455130907517e+00
1.161082511524171412e+00
1.046673777493084323e+00
1.031359111347539770e+00
1.209917125106417801e+00
9.523413474244498689e-01
9.343908776928790960e-01
9.083771634540409590e-01
1.094459022887908528e+00
8.489164114302574227e-01
9.479727248218561275e-01
1.020339570401566309e+00
1.075596875383019402e+00
9.758902182038846629e-01
1.056139687126928406e+00
1.135775988701321459e+00
8.421164639510081429e-01
1.038840368892712585e+00
8.821170458171025963e-01
9.410816400674125726e-01
1.137057067978634040e+00
1.197049889192189909e+00
1.067536886120564299e+00
9.208986127666305421e-01
1.058958240093395453e+00
1.002316865754915076e+00
9.697361542124540712e-01
1.195296814291671783e+00
9.118566879876931486e-01
1.022327492389087267e+00
9.909416224696534492e-01
9.629075980727117567e-01
9.226456197977319640e-01
1.110120561651051219e+00
1.066263665999503951e+00
8.170687205836830724e-01
8.907363860417816248e-01
1.055919890187568155e+00
1.053668350604634485e+00
9.072018094192816351e-01
1.019568535292629141e+00
9.656834986836968504e-01
1.116055337272662706e+00
1.126773262106435247e+00
1.048405440455480786e+00
1.145613913683451779e+00
9.016151739438205137e-01
9.828946437032092254e-01
1.024035330015767631e+00
9.436393298576203348e-01
1.043131252603988202e+00
1.070347619020830088e+00
9.678499451693362010e-01
9.866921885038453244e-01
9.368158935219130790e-01
9.025051219341425623e-01
1.118874893998287989e+00
9.639391196824096397e-01
9.586645884095674752e-01
9.470414776536075774e-01
9.596576584359279849e-01
8.321282521140778154e-01
9.777730682358041214e-01
8.640216251059562591e-01
8.581505309572059481e-01
1.040822323554891238e+00
8.344419622421193061e-01
1.007665766871238322e+00
1.095644799432244021e+00
1.061867321411719800e+00
9.762705709160514056e-01
9.696641754041067651e-01
1.058493448161036632e+00
9.437441176662506592e-01
1.084908066065529919e+00
8.426602143732021544e-01
9.105920062659633718e-01
1.084619846277142585e+00
1.071043483727638579e+00
9.591289131646922872e-01
1.218573546113421280e+00
9.640598828837161349e-01
1.024050024066843756e+00
9.183001087304984988e-01
8.843432081622779606e-01
1.082525071166068109e+00
9.640753572546879591e-01
1.174228099492236277e+00
8.255521268406992297e-01
1.153960711375948245e+00
1.096256175372402497e+00
1.067907857948157124e+00
1.189998448287534538e+00
1.078331024773608871e+00
1.099946146472489783e+00
1.115410766923554897e+00
1.079898256571640847e+00
9.928092975479354543e-01
8.300631885065667959e-01
1.157632028508261079e+00
1.164881646506522372e+00
1.035652391099770586e+00
9.706946724999453435e-01
8.830642515789699498e-01
9.630876711956114500e-01
1.014860580910265764e+00
1.013672312607878823e+00
9.487732159688136990e-01
1.151315811789952237e+00
1.000742316581711755e+00
1.105462755714657463e+00
1.080295698945565652e+00
1.186077888897789201e+00
1.090879865874482268e+00
9.286856546581991889e-01
8.982334530969202646e-01
9.291536785130600773e-01
8.881199108648305529e-01
1.050836637906766846e+00
1.181548509287805970e+00
1.055646766191771224e+00
1.154504099194054056e+00
1.023693645299854182e+00
1.081595999086354620e+00
9.500451976083206240e-01
1.121153917177504233e+00
1.138363733584145665e+00
1.028722979791165670e+00
9.042519679403124844e-01
9.054527646651278072e-01
1.106294702024431365e+00
1.027685002289464578e+00
1.009000531353444474e+00
1.077707616502630472e+00
1.019745749426271830e+00
9.512170995302715593e-01
1.063918019019058248e+00
9.607450090345803773e-01
1.060355140035872612e+00
8.839254335877120283e-01
9.164240979487918715e-01
9.543954965799292811e-01
9.072739804618141779e-01
8.931915402221448641e-01
9.262738798787224503e-01
9.276774320146206065e-01
9.939036322575549587e-01
9.658682197555219506e-01
9.707183901747789001e-01
1.035619026273222554e+00
1.076172076531547006e+00
1.046088994306720865e+00
8.772731768152238763e-01
9.739803533267505919e-01
9.043263672260093422e-01
1.204846888410899375e+00
8.745376694753487223e-01
9.982283979470094604e-01
1.115607018614985568e+00
1.112162538699745795e+00
9.203807957809724272e-01
8.580881010064602687e-01
1.116114636838957619e+00
9.768091235863929356e-01
1.085265765908238533e+00
8.889435173988640138e-01
9.784116312552306738e-01
9.633761222971923832e-01
9.516685874924915023e-01
1.022825178102336530e+00
1.018414221446438672e+00
9.811875071185686137e-01
8.724672064221155043e-01
1.046806660576100390e+00
9.621717591770657663e-01
1.021085337176258268e+00
1.210173708046802021e+00
9.623456316779550601e-01
1.058531600832492758e+00
1.057264999661161387e+00
9.708598547930555878e-01
1.011471240588325493e+00
7.886581618279944195e-01
1.008158595257820034e+00
9.595075082713815373e-01
9.933362568205215126e-01
1.083651129276361313e+00
9.889426600629303010e-01
1.097606643844875940e+00
1.131488622241757058e+00
1.009081674756326041e+00
9.234869364902797972e-01
8.190914708731291682e-01
9.490299297661215494e-01
1.045676836191211656e+00
1.008495383053646277e+00
9.635102102818364767e-01
1.000874554652046111e+00
1.054007609066913709e+00
1.080742057311894433e+00
1.009631853403041957e+00
8.515999805773026843e-01
9.278834219594899180e-01
9.430633729476229909e-01
1.024262056910134167e+00
1.036118224059119797e+00
1.077777099440957675e+00
9.718618715101563499e-01
9.478025562710200580e-01
9.206000547226761421e-01
1.063302827358941327e+00
1.047702720239276797e+00
1.027156861849883418e+00
9.452726429673643516e-01
1.142509198853866259e+00
8.578612950953012906e-01
1.011623673716663063e+00
9.133952472385451493e-01
9.319548987991830291e-01
1.049895991032846254e+00
9.025713240523826064e-01
9.231730135473859011e-01
1.186592107702493237e+00
9.623744077901412730e-01
1.094208492297307878e+00
8.963771236278729182e-01
1.138265373385024315e+00
1.016946587674606217e+00
1.003006007476568984e+00
1.037525203449651157e+00
8.712248074950275090e-01
8.935506645314514884e-01
9.757433075380810283e-01
8.833151480624268359e-01
1.069380645863830193e+00
9.381262894316633183e-01
1.135261305942197874e+00
1.062495248292909311e+00
1.097236928024403202e+00
9.612721603230649503e-01
