9.696967237224521918e-01
8.659047283298374476e-01
1.121115393378064651e+00
1.070182389657867716e+00
1.141560913518604226e+00
1.013237010020652029e+00
8.557101045202795131e-01
9.098808399478002240e-01
8.770695816901148412e-01
1.226083914251770102e+00
9.290457202393265224e-01
1.110867226799463259e+00
1.195914178416360718e+00
8.294595078092763529e-01
9.253477434145626068e-01
1.013766626851320130e+00
1.167247522928237968e+00
9.178947986504752965e-01
9.215681977802989699e-01
1.054747161947030332e+00
8.918108398614366106e-01
1.074394380336903820e+00
9.840648791520163474e-01
1.088302182506551974e+00
1.159019891982963735e+00
1.007901725631832335e+00
1.091145055818882881e+00
1.142006775909679472e+00
1.235950164535634999e+00
1.119733163494309069e+00
1.102874424805917464e+00
9.923500463662946469e-01
8.603432134480977211e-01
9.325213616233204439e-01
1.101258148320353847e+00
9.418576741578269518e-01
1.147350906176141772e+00
1.032947337848991731e+00
8.408440930363194621e-01
8.844764248755164759e-01
1.051373685742405639e+00
1.059806865534822728e+00
1.046452940635735018e+00
1.095559968665608785e+00
1.007930599756080792e+00
9.737540308061186645e-01
8.398915402328022139e-01
8.501905767348904019e-01
8.187889124786762451e-01
8.128515132678808541e-01
9.663997455764935518e-01
9.472228869814167673e-01
9.911332538729447084e-01
9.245711945450096891e-01
1.047214362543405830e+00
1.116814834008842849e+00
1.074424214336556327e+00
1.019905355822013915e+00
9.476910370954696461e-01
8.872406728098740647e-01
8.916442557966819393e-01
1.133424426288037523e+00
8.247453349351481222e-01
8.380816492660003725e-01
9.633425329716212016e-01
1.059065465944308615e+00
1.027447252314941828e+00
9.392738478736566421e-01
8.709166426192840316e-01
9.205622252550964557e-01
8.860893155547966415e-01
1.174931202572173872e+00
8.871072997852114117e-01
9.537057626354552564e-01
1.131958730125991464e+00
9.142332354993039090e-01
1.032637729237106061e+00
9.930863086451777733e-01
1.136813805104446740e+00
1.034900238692243235e+00
1.142446729503742375e+00
1.124041761024310304e+00
9.777590122127461925e-01
1.058814971268698280e+00
9.443684750363292579e-01
1.015773343923190852e+00
8.993599902784201738e-01
8.565127367496111477e-01
9.187191141132533545e-01
8.548107406055590607e-01
9.811920313415112282e-01
1.014411723114976072e+00
9.779404686888687470e-01
9.790070859622469479e-01
1.015215134195904811e+00
9.550147492397447202e-01
9.385676409627634609e-01
1.167795695316613092e+00
1.096474051899108515e+00
1.026869610609204120e+00
9.727559824171894132e-01
8.158887274035452331e-01
1.130446368727358486e+00
8.606439247991179986e-01
9.636296340725896137e-01
9.985629096986643471e-01
9.458955447245582793e-01
8.941776328823156650e-01
1.003471431389968416e+00
1.012843718164699203e+00
1.033249803278344814e+00
9.189095386890813177e-01
9.983535576942280665e-01
1.153855501174066100e+00
1.001988917343730856e+00
8.610447637268958676e-01
9.319769319617074999e-01
1.004160257858019989e+00
1.055221499605730973e+00
1.156289641219155451e+00
1.169850911195075227e+00
1.116708588667395974e+00
1.065126099273074223e+00
1.000464122901375319e+00
1.096131971946236128e+00
9.154737442438595219e-01
1.080460973886321563e+00
1.037654554524688688e+00
1.067122261940814498e+00
8.814112012851552658e-01
7.598562629462424223e-01
8.257044732947168564e-01
1.025884881047887776e+00
9.783201127840412958e-01
9.290386185666660301e-01
9.732414836747045328e-01
1.117937131032864961e+00
8.913083579866806216e-01
9.174767769150291574e-01
1.185194336904611179e+00
7.853665985273914352e-01
9.919064665116061885e-01
1.008079413986716855e+00
1.011146450090850246e+00
1.013732106278232736e+00
1.026932394706382201e+00
9.842243450455478992e-01
1.065973373140977287e+00
1.074671456719371587e+00
1.005464437513693632e+00
9.269768713686286077e-01
1.020052208821725870e+00
1.149611759367239916e+00
9.604234039757666430e-01
1.037677978977979976e+00
9.787195728890891733e-01
1.076067707023516951e+00
8.893460511894780707e-01
9.671284420710761776e-01
8.648377258300854464e-01
9.195246431931172193e-01
1.166811369267480636e+00
9.595211358500882470e-01
1.106803492332784078e+00
1.032975706180182751e+00
7.643730309977769810e-01
7.729884675090923363e-01
1.120690088704644483e+00
1.019963022263099761e+00
9.970287209735787526e-01
9.977159915108688715e-01
1.065495705027545981e+00
1.032884748969510547e+00
1.018147486433707227e+00
8.968826024424640941e-01
1.121859252502166671e+00
1.009368051750101358e+00
9.493857686823993225e-01
1.010792465613401081e+00
1.156952522416508700e+00
1.050134518259296268e+00
1.063658562341298630e+00
1.061434911586605301e+00
8.908807684690372986e-01
1.077989852245227809e+00
1.035665904812397065e+00
9.224801913758928773e-01
1.110126546806748049e+00
8.323131896058215684e-01
1.048924182362849455e+00
1.060153672076442843e+00
9.439497789546660300e-01
1.064401203972846766e+00
9.148456826905175809e-01
8.689489409159270039e-01
1.079964196514112240e+00
1.166441952966816187e+00
8.991141242595128702e-01
9.048524738604627471e-01
1.035569569225802899e+00
1.147291708399696075e+00
8.707132126171994724e-01
9.578066638436883995e-01
1.122545163652488354e+00
9.637366131361964072e-01
8.270189675481673941e-01
1.030613630998533869e+00
9.722732070338453436e-01
1.122484706562915546e+00
1.034274659023572740e+00
8.621026926404002921e-01
9.023350031355901191e-01
1.159115205375671254e+00
8.573481803827155412e-01
1.118231092889983014e+00
9.993386809833371132e-01
1.147812807941847257e+00
1.036399455474935616e+00
1.025324586333347332e+00
1.071907310478501962e+00
1.129454361935897655e+00
9.645795338297118438e-01
1.063099613964125778e+00
1.080084038338407604e+00
1.056995501167085738e+00
9.845944791371270544e-01
1.156608831695676853e+00
8.999425537720531221e-01
1.047028257560480347e+00
9.453438625958763275e-01
8.316788179494125632e-01
1.039494979436690114e+00
1.182639334747728865e+00
1.075736265173076411e+00
1.057201917644480016e+00
9.330805670333706114e-01
8.098825877537577655e-01
9.995947961537561266e-01
1.116684837983383582e+00
8.431029088804222749e-01
9.948704061053343928e-01
1.006552679327092914e+00
1.105892625059222034e+00
9.777575083966267844e-01
1.004158534066380781e+00
9.314100520203798528e-01
1.054367056129222879e+00
9.364795148882470999e-01
9.899906311840704909e-01
1.079999237799907474e+00
9.434600742675338658e-01
1.174103675292603288e+00
8.675708108359024839e-01
9.296149789818182185e-01
9.089672566618121063e-01
1.159386655972481472e+00
1.014618515855613357e+00
9.722531285227313802e-01
1.044372953118278824e+00
9.597518311272363878e-01
1.085787645956573844e+00
9.758520565410526704e-01
1.064058252890370371e+00
1.172688880601943984e+00
7.954756187593547967e-01
9.888102515001878645e-01
1.041947008494151117e+00
9.222412793114096452e-01
9.848555619624939084e-01
9.131213970237216371e-01
9.685386774842060786e-01
1.149020533364546459e+00
1.044560626634685407e+00
9.395342050023696157e-01
1.060467509527456942e+00
8.521205106569291754e-01
9.066231711217980216e-01
8.765194353421090767e-01
8.612448862657429149e-01
1.094127736561758324e+00
8.937843209199145544e-01
1.014748215587597091e+00
9.040851047804854268e-01
8.903653923640264534e-01
1.059228057568360581e+00
9.717633892842417742e-01
8.855300325472414968e-01
9.923817213707105678e-01
1.079792950747519908e+00
1.016041722387214019e+00
9.456995874759734910e-01
1.063422750587248444e+00
1.086584797291583415e+00
8.993103172891612207e-01
1.146985661782713883e+00
1.088317159199878814e+00
9.733568643595607028e-01
9.960998991831431226e-01
1.032112735807012571e+00
1.199836114343088234e+00
1.184381703033552835e+00
1.102654028128529751e+00
9.050126470295110082e-01
1.076449339385664894e+00
9.956863888134249718e-01
1.068259525707584423e+00
1.062727583298730627e+00
9.236725717331493168e-01
1.034562668118093498e+00
1.090307706358760065e+00
1.001885212513184964e+00
9.137689984086426742e-01
9.431969841958836032e-01
1.124877250707340792e+00
1.044475095041925483e+00
1.165185053790206204e+00
1.166227017099850771e+00
1.127632615482393907e+00
8.564298929931024595e-01
1.130069379242908623e+00
1.133968350884358989e+00
9.647436407222309551e-01
9.961242468489417412e-01
8.885646697862585874e-01
9.101943777818646275e-01
1.083922379711200534e+00
1.167034437397454383e+00
9.628798428789967501e-01
1.044439450242477641e+00
9.036448093931523928e-01
1.146264835372056812e+00
9.951828823709312211e-01
8.940273479596487771e-01
8.926178252494388898e-01
9.222016874723326652e-01
1.062278042245403009e+00
1.117494979328031324e+00
9.681659281416843399e-01
8.343845573787226355e-01
1.106517922299909973e+00
1.095793354089655391e+00
9.069515861725032657e-01
1.035995841659070660e+00
9.601555539415462803e-01
1.103596211657913884e+00
8.350460363172182987e-01
8.941982972007835873e-01
1.102625522826864879e+00
9.786149907767409672e-01
1.069384356851328377e+00
1.117519069485909178e+00
1.058486244791728259e+00
1.199714188174159979e+00
1.070903499865598629e+00
1.133722090284533301e+00
9.018223498124675608e-01
8.023445057024616300e-01
1.020989166798681236e+00
9.852999896328480389e-01
9.846375234206856675e-01
1.127255670666072129e+00
1.091490515077293333e+00
9.392033823982623986e-01
1.092569238848229318e+00
1.122590631639480474e+00
9.393755255701730089e-01
8.820762915096115320e-01
1.083421970983134752e+00
1.071155112061927595e+00
9.719021203988480462e-01
1.065529646297276978e+00
1.077349733418901945e+00
1.001440278343307178e+00
8.913910414645771496e-01
9.605809840787393750e-01
9.986339444823572054e-01
9.346581917803539197e-01
1.146112961524803575e+00
8.272156243344266358e-01
1.016647537037742355e+00
1.061489675757377960e+00
1.051808627573903587e+00
8.802256913491639523e-01
9.652794107501970755e-01
8.949496615592733573e-01
1.183807487237830580e+00
9.097515401848963457e-01
1.019944544693595967e+00
8.549358607202857119e-01
8.501693085224019120e-01
1.103514895262428297e+00
1.005742821677015897e+00
8.681343713157163577e-01
1.163612360282037406e+00
9.264596601386192454e-01
9.252830027225691367e-01
8.809898095182679967e-01
9.427518241304131408e-01
1.170012654137078778e+00
1.019927366117804324e+00
9.880177315297733465e-01
9.231624561708555721e-01
1.037616869487548499e+00
8.303011277459448891e-01
8.519778761990222105e-01
9.942988946775486170e-01
9.641082410656682811e-01
1.017510726632990581e+00
1.129464705219613618e+00
8.320931567325499101e-01
1.056879320055817306e+00
9.293762135491168141e-01
9.389677517444239285e-01
1.047628972620918697e+00
1.041906945837351772e+00
1.135942873347005166e+00
9.954953792044718419e-01
1.036363052705475907e+00
9.213115029847700477e-01
9.359415870103877655e-01
9.611850208960656117e-01
8.893413996984311787e-01
1.081477254981677572e+00
1.062365197718961651e+00
9.068520138732736324e-01
9.408020654678534989e-01
9.032170386093536507e-01
1.120315254566992991e+00
1.027642759067769918e+00
1.018974086478914520e+00
9.107964025349049031e-01
9.035274699179179914e-01
9.949091482182764734e-01
9.020821978003054076e-01
9.668935896566083210e-01
1.036423100508700346e+00
9.172883184454589944e-01
9.386420406414313078e-01
9.208991532801942270e-01
1.004390332348651382e+00
9.972621516602924174e-01
9.622004466747086093e-01
9.330142071000298021e-01
8.446099118216513491e-01
9.483565828357252148e-01
7.636631874815803522e-01
1.062350078224493011e+00
1.035904746966898271e+00
1.031682086793427988e+00
9.793989339086150991e-01
9.933508148889431677e-01
1.031125413622366649e+00
1.123442915029481348e+00
1.009030505670588829e+00
8.401977949119769917e-01
1.010643060656232439e+00
7.902358355642395971e-01
8.933684395658594291e-01
1.012720368190275888e+00
1.020654671879332565e+00
8.554991747173503747e-01
9.898148724961217670e-01
1.069157821880692527e+00
1.056479830656176233e+00
1.118412984354798523e+00
9.706911881495483563e-01
9.925400545269660313e-01
1.023265363473952139e+00
1.145631806693720556e+00
1.035630557274641816e+00
1.092148241102751882e+00
9.824615955942134216e-01
8.358323289378540855e-01
1.055092972796616291e+00
8.208685017748187374e-01
1.158825697930191190e+00
1.054296340969970380e+00
1.105973217531912134e+00
1.070359400444925724e+00
8.676757332913500598e-01
1.171861866468866031e+00
9.849342451488888317e-01
7.844216052946920703e-01
9.637937471451653026e-01
9.683535684507550423e-01
1.033574144179453258e+00
9.808871464153039454e-01
1.144588705527895600e+00
9.255296196085152083e-01
1.188671263877963957e+00
9.238629343725344167e-01
1.143916081223592229e+00
8.022792197247737844e-01
8.398771566909726261e-01
9.578309492475800546e-01
1.020040219241390878e+00
9.927748813149592788e-01
9.967927807522469763e-01
1.091335415938184727e+00
9.717768626750480365e-01
9.861092464232361632e-01
1.102599568472361957e+00
7.949286972673744733e-01
1.108437369769671221e+00
8.064945672671728349e-01
8.826123807545075417e-01
9.609235086818744831e-01
1.031975100280176916e+00
1.032597201184026314e+00
1.157238307482431283e+00
9.554735548428628933e-01
8.252225387344598317e-01
1.020556089907697306e+00
9.370592158110320202e-01
1.059559600369310850e+00
1.076099123764926890e+00
1.191103412358027080e+00
1.051172678862821286e+00
9.190763085535961219e-01
1.171106483288614886e+00
8.171112422752634386e-01
9.065366497000553192e-01
9.364045982162640946e-01
8.938400538971231768e-01
9.079293460982661434e-01
9.591859942239089332e-01
1.003408392919914682e+00
7.649933648696410904e-01
1.024115074210938170e+00
1.069009133989093474e+00
1.119507754270301580e+00
9.430415291273084311e-01
1.060300867681774006e+00
9.678568527354390882e-01
1.056476948803194427e+00
8.578753408333383845e-01
8.430231486254553541e-01
8.250648691442341587e-01
1.197535668649596596e+00
1.157302540459909768e+00
1.024023236127444392e+00
9.588584188019581012e-01
8.805161391287490424e-01
1.190486018507787236e+00
9.524679917806735396e-01
9.436324750448339405e-01
1.196941354535861368e+00
9.534797558358438785e-01
1.139703159133920396e+00
9.716603161396525357e-01
9.228080377196643536e-01
1.030907746149859916e+00
1.014518769322272584e+00
9.159192791978238990e-01
1.115696370818048733e+00
9.338341974951076541e-01
1.020782287831702329e+00
1.026824998972566849e+00
1.126742583551920474e+00
1.007453589277598205e+00
8.751139805585325115e-01
1.087326603337012143e+00
1.057121357823479491e+00
1.105100603235498191e+00
1.130955454973765928e+00
1.001662505806962145e+00
1.015906360383960205e+00
