1.107233508149243262e+00
1.080095893668512996e+00
9.586860975462951906e-01
1.132404274898088037e+00
9.331099858484037668e-01
8.669500910105809588e-01
1.001154241132128586e+00
1.041579543484514314e+00
8.321898302160382066e-01
1.182834261495134154e+00
8.923921118175960343e-01
1.003419810181798377e+00
9.549224699223630708e-01
1.020925598002363932e+00
1.042453819318694075e+00
9.037850723705975753e-01
8.409936797192556490e-01
1.046165361838089503e+00
1.010458967959810384e+00
1.197148729321368288e+00
9.488560921365147838e-01
8.042703904580480456e-01
9.126305638283378485e-01
8.747225014333588344e-01
8.380241570221862446e-01
9.201472827830134982e-01
9.347405599979097257e-01
1.145118426699248459e+00
9.437157805712315106e-01
1.045264696618307232e+00
1.026765667811712301e+00
9.677237564614165066e-01
1.036842473128064768e+00
8.684899138723277678e-01
1.035962500845482248e+00
1.208768855721899849e+00
1.027962120344465102e+00
8.952977871259351073e-01
9.125762276733488942e-01
1.058467732627560220e+00
9.689168602060249658e-01
1.005480334785344931e+00
1.138884369164028243e+00
1.127635858933190960e+00
1.159716821997644143e+00
1.161599670542400098e+00
9.312360194514921474e-01
8.802178674149816473e-01
1.145427299406821309e+00
9.658672267128203259e-01
8.732078192795361682e-01
1.118562813229250441e+00
9.542909619054609216e-01
1.116279880493671550e+00
1.124146110859324921e+00
1.055289827854904328e+00
1.080742341258189132e+00
1.076160527784111975e+00
1.202839327888510113e+00
1.046971438348549110e+00
9.835862800438883724e-01
9.759283312182660541e-01
1.090254640383332863e+00
8.941706983308878032e-01
9.807579667000059231e-01
1.014533357808180103e+00
1.144809369210262329e+00
8.566094636177905564e-01
9.955723654856122318e-01
8.548448193680453500e-01
1.114482873844676813e+00
1.155375102248405783e+00
9.790470923650216317e-01
1.139644950403841062e+00
8.312309157307944396e-01
9.997690361502691303e-01
1.201575383300024669e+00
1.078995592153320082e+00
8.785947032410723612e-01
8.782186773112901079e-01
9.710430232069391376e-01
1.050193992664683940e+00
9.149689684759332309e-01
9.178157484597270210e-01
1.133676138348743256e+00
9.927044256937547217e-01
8.364440224365549126e-01
1.238090582583700083e+00
1.068918347596710783e+00
9.332621190874553774e-01
1.057883278325295384e+00
1.140743014377067155e+00
8.689979923511563786e-01
1.052695057409090307e+00
9.913884888192631140e-01
9.800877763535391640e-01
9.220791369500027646e-01
8.377378806541931899e-01
9.550794445224535245e-01
1.014155828761152955e+00
9.353591762455805148e-01
1.028568166303414078e+00
1.048732208829332935e+00
8.722895567636093084e-01
1.007763455315010326e+00
9.892711012356447675e-01
9.312551746700848954e-01
8.556146541411450146e-01
1.132443756021352277e+00
9.059579458344155789e-01
1.014463699602815794e+00
1.088404727522970239e+00
9.643890897690179376e-01
9.164889068060099175e-01
1.073675819665562248e+00
9.082364723116131966e-01
1.181828759312297139e+00
1.208106840916655100e+00
8.136329848462553471e-01
9.321149330073277284e-01
8.822714462858548545e-01
9.473018603064621290e-01
1.075759733614084945e+00
9.859376366820382653e-01
8.799654682223460034e-01
9.778360288897329777e-01
9.882017108539371542e-01
1.105916286452089281e+00
8.898701399676072210e-01
1.022498426067223409e+00
9.919883135630178650e-01
9.007068560266855428e-01
1.148954513359294882e+00
1.067728899926541075e+00
1.023711848179088335e+00
8.080463271885316434e-01
1.093794898970326557e+00
1.065845292064420358e+00
1.023754596670922723e+00
9.079559844673305014e-01
9.841118040711536175e-01
1.041365079101096214e+00
9.295358032845391083e-01
8.709345882228543001e-01
9.571713900288821852e-01
1.083829095574108559e+00
9.959625567069527730e-01
1.128072613573289473e+00
1.167757130210004268e+00
9.272160755883341876e-01
9.438466650007077963e-01
9.600637887262716275e-01
9.290176560933260941e-01
8.744677983932953591e-01
1.035836103951832676e+00
8.813891718863687830e-01
1.002039564362325441e+00
1.023285554772704664e+00
1.165338468938042826e+00
1.056686559806977455e+00
1.119758082796256993e+00
1.002561319155272912e+00
1.034570295796648942e+00
9.931082640138556572e-01
9.006473337027631754e-01
1.147012671151318663e+00
8.984338006541912058e-01
1.117689113508405718e+00
1.110170382042585224e+00
1.038153634969630756e+00
9.130516495287995804e-01
1.061281789771239881e+00
1.028906894207652023e+00
1.072181109910437469e+00
8.232943254132150113e-01
9.987708536339516829e-01
1.126426347804086570e+00
1.136217030714519627e+00
1.159326817420974987e+00
1.024515411940481346e+00
9.262062712115931573e-01
9.853350115725858505e-01
8.586560392337001524e-01
9.503965153895019835e-01
1.042977020957800649e+00
1.196248436294541806e+00
9.595606793013545799e-01
9.678533160112500200e-01
8.942004970292265487e-01
9.481365772351217913e-01
1.067362777986271993e+00
1.082796641567125961e+00
1.013607379261496133e+00
1.123100257224970422e+00
1.181178535756203241e+00
9.981560079479033787e-01
1.238850053607502444e+00
1.165927803075821778e+00
1.074941220208704751e+00
8.634921290540831240e-01
9.056444811931945171e-01
8.751209872808622947e-01
8.280834606036021617e-01
8.903965570575747002e-01
9.188628611186522299e-01
8.090023634628629168e-01
8.130369965857806580e-01
8.904940141716012336e-01
1.117965168833422673e+00
1.029985209892644749e+00
1.180771610638514213e+00
9.784603295990927929e-01
9.989232323279868542e-01
1.117950300766615612e+00
1.019449135628806236e+00
9.223593376921461751e-01
9.930291626023075580e-01
1.006731845292805128e+00
8.210147209767039156e-01
1.050285243650947997e+00
8.568807992606044532e-01
9.155024926810257924e-01
1.037180775185815307e+00
1.088313464971315758e+00
8.946254454672195600e-01
1.156683215098308182e+00
9.501708382360924965e-01
1.096181750823484569e+00
9.251114443915275931e-01
9.974119920572751541e-01
1.083500491661628207e+00
8.517189870855814693e-01
1.055107884177786781e+00
1.022965514779126339e+00
1.166530932620131189e+00
1.140269242553821671e+00
8.122049502828729839e-01
1.092716186266566414e+00
9.520407520584173167e-01
9.202085356393083782e-01
1.198163166167156346e+00
9.470098746402868528e-01
9.129379619611162067e-01
9.627481002959376033e-01
9.947847174754747002e-01
1.079077072102433865e+00
1.012862675220599362e+00
9.469100326478409047e-01
1.085058104068597817e+00
9.146303541364618761e-01
8.773438539685032289e-01
1.033629822144006338e+00
9.582139276553154339e-01
8.253572850093220392e-01
9.228669025282227878e-01
9.784437337970838255e-01
9.155902529496591225e-01
8.239589698393794404e-01
8.882526249869057144e-01
9.263371151299428785e-01
1.119550852954463993e+00
9.738689580825852232e-01
1.126564572228009764e+00
9.502765251422448101e-01
9.356526861689683505e-01
8.856986793251435675e-01
1.001298113543056978e+00
9.619449458469171432e-01
9.858269499858282048e-01
1.086738040210280198e+00
9.534439671508900815e-01
1.138419018992520515e+00
9.495947568087417245e-01
9.865042668239250023e-01
9.622759426418813211e-01
9.510894015677927582e-01
1.217765976055410038e+00
1.207159765642453308e+00
1.040573359839822798e+00
1.105549524379692894e+00
1.084390857505456163e+00
1.092991319792025795e+00
8.389329287188403983e-01
9.331010812662758891e-01
8.871532288024199797e-01
1.216341966788728302e+00
1.044403848853756811e+00
9.654134036301378341e-01
8.975242060571730907e-01
1.091245759723969311e+00
1.153387450158204652e+00
9.957703865996769821e-01
8.786898257328672468e-01
1.141860525707505403e+00
1.070393898343230399e+00
8.750823201372956994e-01
1.067778179693386953e+00
1.131100292157735332e+00
9.120192948536194333e-01
9.802329496219959193e-01
9.244077519926123809e-01
1.172508570202360101e+00
1.040874324987981714e+00
1.151664142279471115e+00
1.145519446723179069e+00
1.012085920726863542e+00
9.538959832702347263e-01
1.142966667740136444e+00
9.548722236438812461e-01
1.049327503673249229e+00
1.059179674004691263e+00
8.785663225343375293e-01
9.247257081895754460e-01
8.134977107255657591e-01
1.109924157643644715e+00
1.007992368009101858e+00
8.476474298682563635e-01
1.069661341821398048e+00
8.780511687559737766e-01
8.388829842008971305e-01
9.367255707608937998e-01
1.188622632609414698e+00
9.706288386085610842e-01
9.393124325694761634e-01
1.028261959501507006e+00
1.074237003497525489e+00
1.119944186459927105e+00
1.062931163713865645e+00
1.008801973034180843e+00
9.093123764424203559e-01
9.660698592383748506e-01
1.113392047669979679e+00
1.134051420216462658e+00
1.118632252161256835e+00
1.030654602224498895e+00
1.004508172420691903e+00
9.041548585125271931e-01
1.033734753351665425e+00
9.647740877165114082e-01
9.421006152418218704e-01
9.161022443429858164e-01
9.665627823070872537e-01
1.131833607815778908e+00
8.165153581652639936e-01
9.829200360711338735e-01
8.166565521974400443e-01
9.831089111215711718e-01
9.043053728540715319e-01
1.068729569091552811e+00
8.953733998262973781e-01
9.243098730403951357e-01
1.020451241520126340e+00
8.668771192522758406e-01
1.080795794241118379e+00
1.014067029273380882e+00
9.268686522103999348e-01
9.649503874776441670e-01
1.039193527274794082e+00
1.087880313659472575e+00
1.126761580786817651e+00
9.715951492400438649e-01
9.494158332766802211e-01
7.943544618736391172e-01
9.615124400100196755e-01
9.639836259105087901e-01
9.486591653184301975e-01
1.114975099375189904e+00
9.727201315902340717e-01
9.176595425928310013e-01
1.051114504751232248e+00
1.146877256388447952e+00
1.132023934570839829e+00
8.970820609416567670e-01
1.015387655512871579e+00
1.073300066605356706e+00
8.902519985044254902e-01
9.006382150013292343e-01
1.106457464920768796e+00
9.493598893480548195e-01
9.857249826045342278e-01
9.023755376722834010e-01
9.036632731427942655e-01
1.092174562504696134e+00
1.066173778346109158e+00
8.758781417382585088e-01
1.040318211838798801e+00
1.112280620400613040e+00
1.152288848092725582e+00
9.839092694068201084e-01
1.002207841946261890e+00
1.129951643706428088e+00
1.096215380845942278e+00
8.943818369755528463e-01
8.879696487667445570e-01
9.817723690962789629e-01
9.567511280579249489e-01
1.171517857768163084e+00
1.049531084170321815e+00
1.082643931969126783e+00
1.082454833974479502e+00
8.798091021004738055e-01
9.662634975617403477e-01
9.699923606253043618e-01
1.160361637550420877e+00
9.669658927850217633e-01
1.014318156700410922e+00
1.016267384217524050e+00
9.361495653385294435e-01
9.469992183248341355e-01
1.019127937281087748e+00
9.949513545969346229e-01
8.921892415689843814e-01
9.647438546912368018e-01
8.974146682115862195e-01
1.046933186581681774e+00
8.833405578154425175e-01
1.136023251050642502e+00
8.742956751092926249e-01
1.052184090563343721e+00
8.216752959458701877e-01
1.017216636876435709e+00
1.134044698064874179e+00
1.136348733700367930e+00
8.979876653915623841e-01
1.026347267438266764e+00
8.839871019290725940e-01
9.003672622279685900e-01
1.050806733640761381e+00
9.168997935407015021e-01
9.126445764481709855e-01
9.724025496039289118e-01
1.006496520272465611e+00
1.081090425335142546e+00
1.017361117659600023e+00
9.623939648638890620e-01
8.893145465552971807e-01
1.052186675485065948e+00
9.688606777136133941e-01
1.014369231601096377e+00
1.016592475430955211e+00
1.041155022463452484e+00
1.052892965856143892e+00
9.775898370227229517e-01
8.562794240069603324e-01
1.130616724148404417e+00
1.097840979667879413e+00
9.842041824223493052e-01
8.573193265264604790e-01
1.101484646407692392e+00
1.022795086605714721e+00
9.726748183185427443e-01
9.680758965395770410e-01
8.456629762699594544e-01
1.076057614587615063e+00
8.555892100287842972e-01
1.042841241345796144e+00
9.881533334369589916e-01
1.153678578249308639e+00
8.193806448526366193e-01
9.473640993955946277e-01
1.000781165019423602e+00
1.161504787984198206e+00
1.129371098689162523e+00
9.226064590847842251e-01
1.019352164276833062e+00
1.158005332380334540e+00
9.332288213077180039e-01
1.084824197947833913e+00
1.223860606328106782e+00
8.683748601259779765e-01
1.004066365799390237e+00
7.981165213734040531e-01
1.125489987451027574e+00
8.910439788228436964e-01
9.515452483660153948e-01
9.316180930823262374e-01
1.117341267262746518e+00
8.843111243207200101e-01
9.258696069266920681e-01
9.033737836108891583e-01
1.046268235365721111e+00
8.376254407526146917e-01
8.975037398083953732e-01
9.919729689451477483e-01
1.023484113859457700e+00
1.026901568315092605e+00
1.115169454824070483e+00
1.004989588103577081e+00
9.694377102716547068e-01
1.070245271928723652e+00
1.063646267723289407e+00
1.134557700309357653e+00
9.517577242711237062e-01
1.009890704616088986e+00
8.639977828276874661e-01
9.154991471777013112e-01
1.154677765664754441e+00
8.018930691161363367e-01
1.096172889489013480e+00
9.674404531522580175e-01
8.468260003784882084e-01
1.035921040078511490e+00
1.114828124009877630e+00
8.694843672580823135e-01
1.062090068607961291e+00
8.332308726687436273e-01
1.021336939074321215e+00
8.195746453668621978e-01
1.028074611994345577e+00
9.586937011195721947e-01
1.020785686007052329e+00
1.088417250713651363e+00
9.528027732467000410e-01
9.434025620611226071e-01
9.884716233806911667e-01
9.346625775132497704e-01
9.439186305709084124e-01
1.008107139411017261e+00
7.859989111178246057e-01
9.151326899881903065e-01
9.638146941602800943e-01
9.846148901569105050e-01
1.080210641239431446e+00
9.799063428998897596e-01
9.380436619041945256e-01
1.170575040853344628e+00
1.182525469081751712e+00
1.183020409779149684e+00
9.339183955884378108e-01
1.029488578620300299e+00
9.157753841714960652e-01
9.208632052375314014e-01
9.887575182642449612e-01
9.788992242003823341e-01
1.083341199834197299e+00
1.197103659914932949e+00
1.043813799559859756e+00
8.544475648590625916e-01
9.753822997140113582e-01
1.112231290291619157e+00
1.027334219200761734e+00
1.031030086323179384e+00
1.014218699794723122e+00
1.070792492974562471e+00
1.029804210550247845e+00
9.871564366833849302e-01
9.994300583860011855e-01
8.841817798572081388e-01
9.955751616128900583e-01
1.141993544138705907e+00
1.202472881979600450e+00
8.620757669179583971e-01
1.074883667105582363e+00
1.093251033871892153e+00
9.711171938357334721e-01
9.842268839548944381e-01
8.432447690455402434e-01
1.022063496747377620e+00
9.805559487706914101e-01
1.053770790132266599e+00
1.047994370893472915e+00
1.177533577969306577e+00
7.949088416133347490e-01
1.109419380231822183e+00
1.147382240580181456e+00
8.087866529259014614e-01
1.121693587153927751e+00
