8.926508411431149925e-01
1.031912256133057149e+00
9.971275208536967138e-01
1.027997857873264254e+00
9.794826230117497090e-01
8.814824771533338321e-01
1.113175115611458654e+00
1.022807083712337972e+00
9.549935919107553906e-01
1.048797311508010699e+00
8.649127241327163595e-01
8.781526042985057234e-01
1.087005296825546585e+00
1.031756063218638664e+00
1.081298297155889987e+00
9.384760693657784314e-01
9.418300289002281556e-01
1.111600079538916930e+00
9.058799010819760245e-01
8.932359411704281493e-01
8.706392012785579837e-01
1.200111302960320314e+00
8.885203200621409891e-01
1.021921325012194348e+00
1.067190170553036888e+00
9.769988483070244367e-01
1.071067561537320190e+00
1.013216339146746581e+00
9.919295100645457719e-01
9.006892187814197204e-01
8.983323814661992035e-01
1.157006611440382526e+00
9.719892876634470547e-01
9.574079878478023442e-01
1.040534255759527849e+00
1.144234148101070714e+00
9.952351575811406725e-01
1.114830443659999837e+00
1.038804387119963701e+00
8.309783909703771787e-01
1.051214473972726715e+00
8.366182952829863684e-01
9.204482448788996463e-01
9.371113978905831754e-01
9.916536516560485737e-01
8.482141937427000178e-01
9.971708110979586870e-01
9.733669885409588218e-01
9.552102743223032100e-01
8.741669770278890361e-01
1.201749941247375553e+00
1.173654245330022272e+00
1.018207522799835951e+00
9.026302111195543265e-01
1.152225980560920959e+00
8.349810272827347113e-01
1.057253403598608754e+00
1.020297858501973964e+00
9.758058312488964159e-01
1.004852292337623965e+00
9.884259068645849799e-01
9.121949047883610717e-01
8.299715239580653936e-01
8.469292479159723497e-01
1.121143617714960294e+00
1.071096442697791584e+00
1.133419766604600865e+00
8.360649767057595216e-01
1.038896250308279701e+00
1.154381823725104228e+00
9.675697707430983563e-01
1.055812329731577348e+00
9.318445665057262239e-01
1.134467731068583340e+00
9.269426317481841426e-01
7.834497133638782529e-01
8.863339253821518327e-01
1.016906116041615515e+00
1.052368867944070807e+00
1.167411880354380260e+00
9.495757757899663254e-01
9.099728249674829961e-01
1.172253744264791342e+00
1.144263557244249885e+00
9.851739304711244483e-01
1.040843423038341875e+00
1.054722108726957597e+00
8.941006661822790136e-01
1.129700658479193764e+00
9.176427971803734485e-01
1.128427155296559459e+00
8.703044757011348942e-01
1.201185491383887971e+00
1.098618278740696841e+00
9.094848948383007503e-01
1.217002751133236638e+00
9.678662643624724726e-01
1.187507404774467812e+00
1.025049882296833470e+00
9.466780961762957247e-01
1.042197607372428614e+00
9.106193620215210505e-01
8.606773099215432321e-01
8.814888101596718428e-01
1.085517389061307458e+00
1.159183529523572398e+00
1.099819870078486694e+00
9.514918608253130072e-01
1.087980291785605402e+00
1.000028864793310435e+00
1.029776879322804373e+00
1.131020638282259183e+00
9.568704782765800054e-01
1.026319042861530306e+00
1.071954872907234346e+00
1.117736223272033147e+00
1.086097826511670528e+00
1.068292150065989876e+00
9.453778412164773881e-01
1.104058027035936140e+00
1.084551286667030379e+00
1.037600550156333012e+00
9.480942055957759518e-01
9.610100687764557836e-01
1.037624130968946679e+00
1.079237399679302767e+00
9.607560720203669469e-01
9.341363269199192132e-01
9.694266539184288600e-01
1.018443776998361416e+00
9.363510188315751215e-01
8.585489169430329248e-01
1.063054297771252266e+00
1.058953947643838100e+00
1.044941203840501709e+00
8.065276445719135046e-01
1.095276033621813916e+00
1.123853602180236333e+00
1.019334725147214460e+00
1.063363201648184875e+00
8.468815063309824698e-01
9.256754385094845272e-01
9.980006823347766787e-01
8.826485442231231104e-01
9.931266288124300790e-01
8.979098194448704717e-01
9.085493581471698610e-01
9.220056515469252645e-01
1.109227168630197324e+00
1.119163317468692798e+00
9.209806554128681100e-01
8.789231442042808595e-01
9.959893626030958957e-01
1.109463594111760321e+00
9.784297301786073486e-01
9.359627326412772730e-01
8.042764472783283658e-01
8.868266458710578615e-01
1.116477784177254184e+00
1.019490940834110848e+00
1.091396401322840548e+00
9.184654568025116816e-01
1.010649806932029771e+00
8.896205738032347821e-01
9.373252038337442915e-01
9.858965240270860519e-01
9.777934623792677860e-01
1.021437227565942241e+00
9.271004373419398092e-01
9.573909754090197399e-01
9.094812211027767379e-01
1.046312927123795866e+00
9.865590413404685677e-01
1.065110433107577581e+00
1.005656829619266279e+00
1.031611775106721085e+00
1.146290286190518426e+00
9.299114599721387542e-01
1.157939451504521600e+00
9.105452858846936337e-01
9.615274651688108243e-01
1.064003293276828188e+00
9.887130090687537010e-01
1.121499877940522749e+00
9.569065947702287689e-01
9.447604971501785132e-01
9.962858983566967863e-01
1.164240864869992897e+00
1.075143501264775203e+00
1.026625024393697405e+00
9.808339768545353277e-01
1.115120125794635708e+00
7.829368467816002486e-01
9.243851710968395974e-01
1.137421125845166969e+00
1.134936976199825365e+00
1.022994565593600580e+00
8.401906080675649591e-01
1.090634089855377464e+00
1.082828271653135443e+00
1.024474675500404386e+00
1.083563597843844040e+00
1.155937909245622786e+00
9.659991756454278100e-01
1.030387679803318468e+00
1.013739704261233721e+00
1.003766090480692652e+00
9.634209005343843391e-01
9.277536819525451506e-01
8.991230308136521909e-01
1.191940875803513711e+00
1.025780799664159471e+00
1.068052554940027932e+00
8.685165915370975931e-01
9.588980025787882111e-01
1.119242600156801215e+00
8.370569633020279454e-01
1.097125649078680709e+00
1.185583214122043927e+00
8.368454795300888094e-01
1.049822112462619250e+00
9.373291276635958846e-01
9.068692776814679668e-01
1.032409461511740512e+00
1.006629787505378903e+00
9.488427684807623219e-01
9.028190140709976275e-01
8.972826315436389644e-01
9.411656585889431881e-01
8.508569162202801461e-01
1.048767332123651919e+00
9.760707014886176314e-01
9.794630026708455173e-01
8.120981819401078550e-01
9.429605931082387649e-01
1.093770799267180127e+00
1.041297265544795847e+00
1.149011564504559324e+00
1.082418014405209794e+00
1.024828457982097651e+00
9.089538798045562196e-01
1.193347647977774262e+00
9.110610999576678193e-01
9.734231424908375008e-01
1.140913061284121621e+00
1.014653972763320144e+00
1.051179518354246945e+00
1.115419280188749251e+00
1.050216630017687391e+00
9.517130440171086558e-01
8.118071468449745698e-01
1.050374581811565289e+00
8.763241143286908397e-01
9.358486763050595236e-01
1.181730465233535199e+00
1.166748293815385029e+00
9.515874273298541297e-01
8.907338440122358758e-01
1.058769912189227114e+00
9.309732332828057899e-01
8.843811275918869175e-01
8.778885086218850553e-01
1.140696857273938658e+00
1.088110188986045390e+00
1.164104225799763359e+00
9.606351591726287609e-01
1.156434403087891694e+00
9.511138431110777169e-01
9.785953404288394442e-01
1.172105030313866036e+00
1.160664721738545513e+00
8.393936842236722207e-01
8.514952250922456223e-01
1.031967470340586779e+00
8.488031764389729616e-01
1.102457314653955578e+00
9.015245952389374651e-01
1.072314042392417122e+00
9.790048796499339900e-01
1.040136773350880173e+00
8.674482097288509497e-01
1.168915302280866486e+00
1.082378510162265606e+00
1.155475973874265705e+00
1.015614943726413699e+00
1.010297444804703737e+00
1.073636702152364952e+00
9.186101886424462570e-01
1.074876326137347293e+00
1.179886248806482296e+00
9.637072825402893672e-01
8.451035127031882865e-01
1.166697887573979520e+00
1.042770648947208167e+00
8.880825776375100844e-01
1.139431587905959553e+00
8.129523559068989602e-01
1.130561256923056312e+00
1.091391751286979073e+00
1.004993923754917695e+00
1.059181307124263949e+00
1.159078063060878350e+00
9.933095585774600611e-01
1.147571205641175318e+00
8.483270499878089455e-01
9.576065567466927053e-01
1.046795202524182233e+00
1.065774434742490673e+00
1.061984705930020700e+00
9.911366067585768436e-01
8.070591814745577963e-01
1.224710513481194862e+00
9.115213887488468059e-01
9.326778740955253832e-01
1.145036525182351550e+00
9.520231845814467464e-01
1.023480858765962731e+00
1.126089404287551110e+00
8.543906873304876193e-01
1.120126888976115564e+00
8.878309933623006467e-01
1.101392617290469111e+00
8.190109307391808535e-01
1.153884576935892969e+00
1.045152114365654805e+00
8.188685383841510790e-01
9.758341801852240538e-01
8.576311630432509325e-01
9.915790199486176348e-01
8.182476595412868647e-01
1.052531234704232377e+00
9.740285577091747360e-01
1.183988043191296358e+00
8.141095713405578360e-01
1.019942890450480588e+00
8.479623309929636976e-01
1.106550916471617407e+00
9.916800356365802482e-01
1.089217051462878949e+00
1.125619013407093361e+00
1.072128425455019407e+00
1.021934405142660207e+00
9.435870063391116336e-01
8.485547845290047908e-01
1.078588592655115086e+00
8.689590993486473458e-01
1.192430417824914768e+00
1.063278871342787202e+00
9.674868584639011448e-01
9.928241922695026922e-01
1.035062706970466317e+00
1.070162755871008287e+00
1.070691692785834981e+00
1.096835636172412309e+00
8.827027834282941132e-01
8.698016879419776526e-01
1.025118374402706811e+00
9.576360566373500749e-01
9.360837333352383105e-01
9.698342547283949067e-01
1.185572010507979668e+00
9.578376455659601829e-01
1.060783454053101371e+00
1.044629042540266228e+00
1.150869654801364828e+00
9.394206758139440616e-01
1.199119147765021154e+00
8.937678101157540134e-01
1.048052359518453436e+00
9.952112593835402699e-01
9.251610230596041262e-01
1.156393786399797952e+00
9.121423196043483284e-01
1.037929471537250681e+00
1.013822047044276031e+00
8.998324772864163545e-01
1.000502386876155558e+00
1.199283092778471005e+00
1.125468034263319650e+00
1.189697474922501774e+00
9.610310294221462435e-01
1.027438976296147555e+00
9.507815838640194528e-01
1.151055746439554994e+00
1.088888963725083592e+00
1.019613703996162135e+00
9.736720214953118457e-01
1.101352802170829204e+00
1.077784397016896989e+00
1.239558021819097577e+00
1.002848416636563211e+00
9.424755684373795628e-01
1.138676338913847452e+00
1.023287933822231821e+00
1.118385576253461577e+00
9.506381998253445875e-01
1.025183949471298206e+00
9.090409346012405800e-01
1.194041315412079030e+00
1.023943794376361183e+00
1.045891754297743947e+00
1.196256177842956347e+00
8.829421273306201634e-01
9.438657308560962633e-01
8.299090843625118730e-01
8.939768549561608602e-01
1.014439021756845971e+00
9.769936573458815054e-01
1.151469049505890796e+00
1.029000251180460568e+00
1.017774167998142465e+00
9.835706448322593110e-01
1.078757809304882631e+00
1.008676134628647691e+00
1.048405531767771182e+00
1.128814822042127908e+00
1.020290068677073059e+00
9.876275759823376355e-01
9.436063910084588890e-01
1.057846018770070673e+00
1.140223896387853930e+00
9.382740244195373336e-01
9.443710931394231345e-01
9.014337870716203627e-01
1.000026210294477913e+00
9.660502228516945067e-01
9.151640573460535499e-01
1.040193683953201775e+00
1.095177947891204928e+00
9.166504032025313276e-01
9.996524382810334508e-01
1.024931039038822211e+00
1.203732068965928548e+00
1.112017579681098933e+00
9.358782943069399174e-01
8.755545206292714155e-01
9.564173360394121470e-01
1.017902793516303195e+00
8.961663895272623526e-01
9.502532286514000504e-01
8.695895705272613796e-01
1.044478220729290419e+00
8.577951323359496172e-01
9.509115060617192583e-01
1.082499449161616667e+00
8.701861516180613432e-01
8.518932035423323335e-01
1.123968140021543327e+00
1.043621972730952807e+00
1.132436434173905271e+00
9.415198434101674785e-01
1.085789560418203958e+00
9.623526758241037760e-01
1.110571683199197635e+00
8.634362634256905755e-01
8.765136240009030466e-01
9.358689225001799450e-01
9.795357117317257112e-01
1.079909917453768964e+00
1.159808070508568489e+00
1.027443401483977947e+00
1.073999829747351642e+00
9.647645575234387039e-01
1.063007433247818989e+00
9.118118290118069069e-01
9.807619562446701078e-01
9.841318066142334953e-01
1.207510608627037518e+00
1.001648668759030469e+00
8.865238630495393402e-01
9.215471965077892680e-01
1.044236253071616494e+00
1.008956809626539775e+00
1.206698313958700197e+00
1.088992023945149157e+00
1.078848046061017252e+00
9.519554731870952802e-01
1.178717448529182477e+00
8.989123531597487116e-01
8.977803775358935701e-01
1.059873379103540403e+00
1.098912992404524669e+00
9.246303494990344429e-01
8.802797795429225802e-01
9.645257936963824719e-01
8.299050773500942224e-01
9.191472522013641733e-01
9.033632579758370529e-01
8.920316247326580683e-01
9.372990193924704005e-01
8.738503405043992478e-01
1.047781062508687189e+00
9.635914657082487178e-01
9.038129876961558118e-01
9.816611322595806266e-01
1.132825285255878889e+00
1.073510681874850103e+00
8.868345469123763980e-01
1.122008181315312214e+00
9.504761493754709800e-01
8.734511190956677495e-01
1.075061734461204122e+00
1.220463354993136074e+00
1.031234982778461928e+00
9.137349696422604195e-01
9.354029106899823809e-01
1.140801757170953001e+00
8.318123327179554050e-01
8.829014010402239654e-01
8.453372946536388266e-01
1.006536547240389989e+00
1.036120830652004887e+00
9.428926383585655158e-01
8.901872889569119041e-01
9.757564257479504066e-01
8.958470221099560371e-01
9.914813922788618950e-01
1.051777517907316106e+00
9.840737620382582485e-01
9.728296416022303994e-01
1.066885016795418917e+00
9.746625485012940793e-01
1.076953486315449737e+00
9.028694830187624643e-01
1.072921318893361287e+00
1.037639431132926227e+00
1.026083284643951821e+00
9.331811761714032816e-01
9.603318449704504323e-01
1.043062825439217578e+00
1.026448431217970247e+00
1.061594195440592303e+00
1.035098897634759485e+00
9.834168381895938005e-01
8.001644981594666639e-01
1.094421153915762224e+00
1.059490637667803714e+00
8.952032121072197590e-01
1.007117107344263740e+00
9.848184794356140692e-01
1.055079186201407060e+00
8.856156869406727195e-01
9.386150108257163005e-01
9.334571552994871402e-01
8.988613767264338472e-01
8.899450078422328492e-01
1.065383194559030411e+00
1.037167552794122649e+00
1.003257496551081651e+00
1.206819452708572715e+00
1.167447688713260989e+00
1.090736026373290368e+00
8.223139296972772350e-01
9.094386560108576045e-01
1.131938292438454008e+00
1.029835883860853452e+00
1.000461244799942140e+00
1.092475453100764549e+00
1.070509814728149545e+00
1.119613780475403608e+00
1.029704682343489219e+00
8.539288164937979264e-01
8.136943787366730518e-01
1.013957322612322409e+00
1.038248097222514543e+00
1.053359716094759646e+00
1.026341322759847241e+00
