9.849047005621212048e-01
1.064558929145602573e+00
8.924886742305946363e-01
9.613363682837627877e-01
1.072687892018529210e+00
1.003362190403525700e+00
1.010713098447502123e+00
1.050566978498236326e+00
1.033207276422315246e+00
9.468195470181473006e-01
1.060083434133009428e+00
9.390839701556625840e-01
1.102575869502581352e+00
9.306497927311894180e-01
9.721693558560292603e-01
9.188884779998809371e-01
1.058212382679998953e+00
1.176952353893114811e+00
8.511396468260510328e-01
8.444840538243069128e-01
1.044467667837587488e+00
9.042084856604304388e-01
1.110302464229434793e+00
1.049152833147279695e+00
1.075106725778106620e+00
1.045763019465334898e+00
8.664520568625453389e-01
9.687619970909251421e-01
1.151563451621107514e+00
8.862748763868187885e-01
1.037500787526859369e+00
1.178936014743377614e+00
9.002086539160030210e-01
8.838908386633196335e-01
1.153411790679982118e+00
1.067407948969673726e+00
1.060302637750913268e+00
1.073811437765186838e+00
9.204474103168138743e-01
1.015575114973692017e+00
1.008780686637189339e+00
1.079251348532993537e+00
1.074647017852875752e+00
1.040464356968636039e+00
9.916358272891215853e-01
9.452484097830089471e-01
9.779613368846435950e-01
1.026636035964075599e+00
1.082192248799505263e+00
9.943630258129195765e-01
1.143887537136218047e+00
8.171428871575510122e-01
1.046655756327345976e+00
1.016826695785740142e+00
9.928959053351704700e-01
1.015749225118713683e+00
1.036578566873425755e+00
1.014296469827312919e+00
9.191794375847752718e-01
1.076013284497413292e+00
1.038435653083788601e+00
1.172199758007361980e+00
9.826025318753817128e-01
8.959470759700176590e-01
1.012772016615586246e+00
9.129371179767540312e-01
1.058418745134515504e+00
1.135570950309035210e+00
8.858721542502691060e-01
1.006820767781935189e+00
1.002833427690564605e+00
9.133250621493227417e-01
8.051773558140553622e-01
1.125389988969764055e+00
1.041722493123476756e+00
8.352653462829553455e-01
1.150446638558032753e+00
9.609901108957839000e-01
9.264738276995241328e-01
1.068999763190096708e+00
1.113588557178030847e+00
1.142832664017049860e+00
1.093219313953424532e+00
8.436951879493709283e-01
8.973723069454724310e-01
9.099862684663024837e-01
8.126346756317939235e-01
1.004333091931576050e+00
1.024141482946245185e+00
9.268671840521027772e-01
1.025826870615125674e+00
9.049223652360236514e-01
1.180049472157846058e+00
9.181199132604973556e-01
1.030799243605867943e+00
9.399544317100251289e-01
1.164544014335865851e+00
1.194088975343171155e+00
1.072831379335334123e+00
9.234750318418727399e-01
1.115849242668980779e+00
1.005490546858521128e+00
8.731484440873233943e-01
9.115363954596580331e-01
8.841948661559062561e-01
1.038767866160357878e+00
1.006231017582919884e+00
1.174149125189609455e+00
1.154825226804519822e+00
1.054112211911905517e+00
8.762962398632130334e-01
9.807318598057913617e-01
1.058670337709834763e+00
1.012918432449795514e+00
8.854726505077690213e-01
9.477868643657144654e-01
8.885286011720061605e-01
1.093144961139390636e+00
7.788409067516364193e-01
9.766138883180814911e-01
9.611639014189821140e-01
9.097796378606438639e-01
9.241673674201416055e-01
8.096868130888531523e-01
1.063492069959113273e+00
9.812788393169511458e-01
1.031761546390167039e+00
1.095240634854067752e+00
8.892728732596777430e-01
9.866974618169930267e-01
8.928090778821968776e-01
1.066041740358503187e+00
1.004000359044316060e+00
9.914616528451515309e-01
1.069534963477275946e+00
9.610359212369927739e-01
1.150867722952644501e+00
9.110007483822628593e-01
9.307409133208961460e-01
9.960830719121924748e-01
9.705921586867234385e-01
9.281819625722225187e-01
1.015614406652908475e+00
1.079874215932975057e+00
8.718792996599944445e-01
8.727508053941748223e-01
9.378922480950698803e-01
1.047838395714275173e+00
1.037005275207329102e+00
9.900812283944945280e-01
9.101380720554985704e-01
1.225986997397801703e+00
8.112844348118432025e-01
9.640648221124616946e-01
1.064790683136094041e+00
1.087749280508353289e+00
8.245553901835973587e-01
9.831122052155572000e-01
1.131021644572909546e+00
9.684636823875559797e-01
1.082223488148945645e+00
8.369864842869504384e-01
9.384969802904904457e-01
1.002803847188605157e+00
1.060201938201122740e+00
1.039879757343230793e+00
1.046127836757154483e+00
8.351393043676125227e-01
1.186770024528473133e+00
1.034626611560355514e+00
1.037210235185126672e+00
1.025117017715368783e+00
8.950757915545046739e-01
8.189089435418588359e-01
8.703756261241151204e-01
1.123139676426388789e+00
1.013269675730276376e+00
1.112726003502974015e+00
8.278687288592325721e-01
9.575188536147729579e-01
9.355828409615959407e-01
9.480746899676366635e-01
9.219788959341085333e-01
1.105771312353810210e+00
8.297948367339089693e-01
1.020151203677339247e+00
7.900118288451785098e-01
1.025382738813916950e+00
9.434169750607387384e-01
8.975711749170816045e-01
8.984479651620039808e-01
7.979114406955685190e-01
1.129215147170642863e+00
1.007241197535647892e+00
1.245487141750682758e+00
1.024872589045278559e+00
1.046019637339948183e+00
1.101924184706330134e+00
9.655047027081380406e-01
8.344791081407473277e-01
8.873810194441025256e-01
9.450179563715994657e-01
1.069211451935704549e+00
1.050634503868056457e+00
9.771505268271307720e-01
1.105592251547222515e+00
9.452067872218312683e-01
1.062655874802385769e+00
9.803756725405048389e-01
9.277231668168526291e-01
1.050266749169216807e+00
9.264732705263691859e-01
9.387063182390766869e-01
9.034717386600704669e-01
8.970104310101589817e-01
9.412239845575848252e-01
7.994062000102930554e-01
1.069236861002361483e+00
9.733708004819308091e-01
1.030872812273373462e+00
8.488486543574134124e-01
1.011209057509029785e+00
1.224841731002929590e+00
9.890812450760904095e-01
1.112096770369761511e+00
8.082544391716209864e-01
8.771630892894786147e-01
9.906191912676367561e-01
9.173948604228291392e-01
1.100596871326392279e+00
1.132318839883152073e+00
1.114962081616232004e+00
9.437594289415833781e-01
1.064477057081156142e+00
1.164068479163710812e+00
1.002685785994331891e+00
8.543374446237492759e-01
9.258357500870346701e-01
8.494699820506530497e-01
9.177963168103167035e-01
9.883800584667568057e-01
9.046906603900365385e-01
9.413070100443889920e-01
9.579824551877733629e-01
1.034062824435606931e+00
9.155918763048398468e-01
8.621781028344688291e-01
1.031232345867285183e+00
8.297586695097487475e-01
1.101032545372059968e+00
8.320232485836756009e-01
1.046999512874639215e+00
9.200407914346231397e-01
9.436141156288035958e-01
1.066864973083019974e+00
9.972018757438814163e-01
8.777236420183875953e-01
9.162922825459351994e-01
9.186165587154172529e-01
9.699418721833524826e-01
8.905272826568074729e-01
8.862853956086865770e-01
8.863204276205043364e-01
1.039835043222714139e+00
9.806260911833114546e-01
1.021184930257819312e+00
1.031664072262466370e+00
1.092166265409386661e+00
1.087976411532383558e+00
9.936409775680664636e-01
1.080489115481293450e+00
1.024350122149928488e+00
1.176930943991001399e+00
1.010877850210019080e+00
1.098229755479508851e+00
8.192332420314302199e-01
8.837700321283838978e-01
1.160348563637697117e+00
1.213799899426533324e+00
1.051641605421721248e+00
1.125410021856352527e+00
1.154135566952519065e+00
8.237019143347910077e-01
8.998866281310852200e-01
8.286382391587514551e-01
1.010076458444369552e+00
8.962010679254508450e-01
9.800548399783983733e-01
1.118802551983250515e+00
1.009550622861650648e+00
1.032789679910758540e+00
1.105179065102042557e+00
1.126597775964463199e+00
1.039877353395898485e+00
1.050579020922558282e+00
9.864779127759758515e-01
7.697927899930689932e-01
1.084793871027277534e+00
1.034635909008838839e+00
1.109058598098938031e+00
9.861327884785261455e-01
8.867707642441011728e-01
1.205273921986723229e+00
8.201504413691778073e-01
1.151848779035215875e+00
1.077819998917357580e+00
1.134110606396742105e+00
9.627280507318706215e-01
1.112559243308298917e+00
9.210504712727350940e-01
8.344652167632922168e-01
9.960887531799513805e-01
9.464584705601537529e-01
9.049376706522460623e-01
8.336941983330912187e-01
1.189042604916047630e+00
9.164248286133371835e-01
1.086644299255905111e+00
1.154967552111803020e+00
1.091531259787215768e+00
1.080933468257171848e+00
9.878694229075353217e-01
9.955558410808564851e-01
1.111491087309099068e+00
1.007052728266914388e+00
9.515915750813281893e-01
1.011949615805861846e+00
8.315706846208600345e-01
1.139498839979008471e+00
1.078468803587238956e+00
1.076859687534996279e+00
1.201105607317464630e+00
8.987679698802910622e-01
1.199436195545235284e+00
9.090671408346227000e-01
9.391530132453298485e-01
1.027947183353049798e+00
8.860760379676027032e-01
9.870184048831636137e-01
9.147631659476691546e-01
1.170360721215751409e+00
9.861310611366977952e-01
9.826567861304086327e-01
1.109523959898546241e+00
9.842543099972274057e-01
9.846177208330136876e-01
1.086986799624826583e+00
9.358940567150160206e-01
9.434099583652353349e-01
1.051238052252820410e+00
1.025193025842326966e+00
1.100499253803324473e+00
1.002487448989482388e+00
1.094552510675176560e+00
9.918420111497414648e-01
1.115631417488239574e+00
8.779298062148241932e-01
1.018987246383047385e+00
9.662750223771356950e-01
9.073249174234068182e-01
8.191011554429898922e-01
8.943135109865130161e-01
9.344328778073791586e-01
1.008713735289667346e+00
1.024727909772299883e+00
1.120541176885141654e+00
1.084444642275826265e+00
8.910207465844321995e-01
9.455384261883759134e-01
8.115315188238492183e-01
1.061436596455531678e+00
8.789195591401772756e-01
9.667026137418310849e-01
9.409815829480312477e-01
1.048585700658679176e+00
1.111890430264206753e+00
1.028504240214066057e+00
9.209337616964192730e-01
1.053615463225560989e+00
9.894480293578138408e-01
1.048209246495498848e+00
9.762601499787693093e-01
9.653437413043297610e-01
9.747799379737256409e-01
8.338449347813297052e-01
8.829388876627053406e-01
9.031068930548076246e-01
9.481889808800129105e-01
1.118330602672151564e+00
9.950471438481034436e-01
9.400113323290477663e-01
9.639914277480214899e-01
1.143049404343629005e+00
9.978391819808005714e-01
8.589192262320788362e-01
1.073961894239440884e+00
1.150036329972242921e+00
7.898076851439714829e-01
1.115895342476315832e+00
1.025384080088803218e+00
1.016736689728675591e+00
9.459296615364725103e-01
1.094418915026570849e+00
1.027627150824022673e+00
1.032956867897479647e+00
1.175086324841328134e+00
1.076804351087957912e+00
9.511108228837907852e-01
8.862776040130733168e-01
9.149636072893304606e-01
1.131776127260266662e+00
1.096783457004753437e+00
9.866958950107546089e-01
1.057867258610434069e+00
9.253711893738947314e-01
1.010576023482615993e+00
1.041622463195463588e+00
1.034174315856143611e+00
1.028104420747241399e+00
1.028510258144540446e+00
1.064462182660643297e+00
1.067781757244337326e+00
9.139523145912140656e-01
1.137624871302959084e+00
1.081516065675119487e+00
9.101906348570740768e-01
9.864593140163699925e-01
8.603724783540063203e-01
1.228543159257768691e+00
1.032848052704749664e+00
1.018407157542667640e+00
1.145230106705132034e+00
1.072190828031030385e+00
8.417355009497886620e-01
1.046591390331320870e+00
8.794605846633185564e-01
8.998376041319426921e-01
8.036456597368992760e-01
8.958761830285622008e-01
8.669530098853958089e-01
1.075102856362728732e+00
9.959014593241549695e-01
1.065937905748161940e+00
8.508859012139777800e-01
8.569791335779275432e-01
1.164544765116439340e+00
1.016484845761008726e+00
1.102218667108659123e+00
9.586631218068386584e-01
9.897751871646345290e-01
1.014098746538299789e+00
9.140865944729477111e-01
9.368373563599595721e-01
1.072760768939600151e+00
1.037418089334184446e+00
1.144253814737894892e+00
1.144923364975993563e+00
8.314160583641703184e-01
8.117361489454155699e-01
1.024500249499347149e+00
1.171950147746491533e+00
1.125179586031172851e+00
9.896765473705582128e-01
9.107616620691534326e-01
9.273338434879843106e-01
9.158689784419224988e-01
9.157345128632994324e-01
1.030443673580867969e+00
1.012177601208683830e+00
1.089953393723134045e+00
8.473020332377114716e-01
1.084277830559254641e+00
1.218658967193668285e+00
1.052821365840884704e+00
9.131314589492005585e-01
1.077828738710973289e+00
1.024756202388770188e+00
9.362941289159449898e-01
1.065286637075012033e+00
1.049314528118191703e+00
1.025394865460289351e+00
9.088256964449059616e-01
1.015786781194187638e+00
1.018329557856481493e+00
1.107811059489662409e+00
8.822648183040372460e-01
1.047707901471844449e+00
1.112258535240668866e+00
8.738853096117389363e-01
1.006659850153874158e+00
1.102133148798304374e+00
1.104710498107574601e+00
9.177956046031408022e-01
9.854402035328251319e-01
8.947652797505002420e-01
8.314495387729825548e-01
8.077651667129112090e-01
9.706147869592924859e-01
1.120977697734707013e+00
1.015719010962109925e+00
1.061614908532461765e+00
9.585395280758062242e-01
1.050527130876983017e+00
1.100822945369982486e+00
1.130622934478279440e+00
1.089764864903283614e+00
1.072944077025323573e+00
1.070599325762804810e+00
9.484984590312157682e-01
1.058031081634375870e+00
1.087866370640344194e+00
1.062733735597614970e+00
9.201196482955462663e-01
9.357148929884622213e-01
1.189424706450521896e+00
9.102127247358668960e-01
1.120007056918203237e+00
8.066754382710169535e-01
1.161438407518923910e+00
1.155218038674355574e+00
9.892560630620510498e-01
1.035383187493045032e+00
9.597263651537313311e-01
9.740900337152362809e-01
9.004802076151509072e-01
8.477779461196408572e-01
8.376808616851135758e-01
9.591425640921357187e-01
1.150899997577203626e+00
1.045578137220767534e+00
1.047284987286182467e+00
1.089127371204426487e+00
1.076723049995452985e+00
9.795484320615576168e-01
1.011982302339397677e+00
8.849392213110829353e-01
8.172311625537438395e-01
1.089267487320562333e+00
8.474626616968907733e-01
1.221710720396157024e+00
9.020162638558244517e-01
8.707170635153123062e-01
9.619181592668815117e-01
1.167983050639411768e+00
7.967380001089313657e-01
1.031637050628815944e+00
7.725080683281237981e-01
8.613357692249038466e-01
8.366159629318874469e-01
1.024115585748888169e+00
1.077580018483014879e+00
1.088572126913457172e+00
9.505526537678204990e-01
7.933899998571467549e-01
8.347770810497334715e-01
9.891504834458020312e-01
9.677399682072145293e-01
8.438069369608061088e-01
1.005530187196772784e+00
8.603462576414087071e-01
1.021555267513360787e+00
9.901887829878532887e-01
1.022598198749524290e+00
9.702736158604412520e-01
7.935006996943816393e-01
9.080516988054798677e-01
1.154946329564837448e+00
