9.489446488466564134e-01
9.360164081516781920e-01
1.039580282429805047e+00
1.089397502151129293e+00
9.628905119390558376e-01
1.076332520925497693e+00
1.069830859260918476e+00
9.645871917100253823e-01
9.695140829809947292e-01
8.402947047390548763e-01
9.043783711269508530e-01
9.058817937839804824e-01
1.066862474000963346e+00
9.673398371516184202e-01
1.018563482099173134e+00
1.080740565981525680e+00
8.128758531732496184e-01
9.849085796547103477e-01
1.016854168177993678e+00
8.855749989072763118e-01
8.401308528045152713e-01
9.827405153965573792e-01
1.051104585839891525e+00
9.939429487453534939e-01
1.084542386778233114e+00
1.111949955950889413e+00
1.048754802033004196e+00
8.220840522971999409e-01
1.124314041809156839e+00
1.065320922725455421e+00
1.087576642788518511e+00
8.448175116067599966e-01
9.573213946642340488e-01
9.963301768674506231e-01
8.878586111150814641e-01
1.138106382323745169e+00
9.932547309941323066e-01
9.289402911033717292e-01
1.110210866411187380e+00
9.353266862911993051e-01
8.804318881871753266e-01
9.439914662594759420e-01
1.119529185702394125e+00
9.789083803000537820e-01
1.137572768266239764e+00
1.061249014236809618e+00
8.744624410818858662e-01
9.286802809095380251e-01
1.048468103962909126e+00
9.511833211143587707e-01
9.697799227646226594e-01
1.119020378304141694e+00
9.260802116244089000e-01
8.977581853783320742e-01
9.602114640583945260e-01
1.108800270056062187e+00
1.062723634995039523e+00
1.173666929904250589e+00
1.148044256522237738e+00
9.379180096754634599e-01
1.043632546523765914e+00
9.222112832585964703e-01
8.744877793805839739e-01
9.671923642091022622e-01
1.139075327984222730e+00
8.660554952007795126e-01
9.938400629430941269e-01
1.125712096989335498e+00
8.582062072293978883e-01
9.151572755900438949e-01
8.887200759457475341e-01
1.187248184824004404e+00
9.674210895132835386e-01
9.528820139113240995e-01
1.128180565914649325e+00
8.602845777087169132e-01
8.843718608491084598e-01
9.373063550195925853e-01
9.383079159631871891e-01
9.151674432045047158e-01
8.581168843230956300e-01
9.247569726525853850e-01
9.342390935626937454e-01
8.892128949783959513e-01
9.414857824535671771e-01
1.110643400070468356e+00
8.243753695172878482e-01
8.466133893876957028e-01
8.766482986267358779e-01
9.868894414545820171e-01
1.151469095743301363e+00
9.271866600612219678e-01
1.017144417449598492e+00
9.994242568594795539e-01
9.317564363708485953e-01
1.189354420044156146e+00
1.065672270828928569e+00
1.106437615689980003e+00
1.015925212377182474e+00
9.736069915626588411e-01
1.132871346529461309e+00
8.871527380848400757e-01
8.556370149617658072e-01
1.042288912070309159e+00
1.170867547504554240e+00
1.102086359070842514e+00
1.096865258227849305e+00
9.315364153742026199e-01
9.474691791101694793e-01
8.801535398075099881e-01
1.063646066360190101e+00
9.365140860599021622e-01
1.032801902870847499e+00
1.039460225836327245e+00
9.517992144381992592e-01
8.215077175484197802e-01
1.086527356621843410e+00
1.010765935143310479e+00
9.884034596656834371e-01
8.169761114449585193e-01
8.670440526383600410e-01
1.140567272531075371e+00
1.081658393009236718e+00
9.563185122213185840e-01
8.892997056940912248e-01
1.149523532748836230e+00
8.007743701641270029e-01
1.176531777982464888e+00
8.876847039092869984e-01
9.116305173026673092e-01
1.008723262980378843e+00
1.141814737783214184e+00
9.174397498898716474e-01
1.019154232905915780e+00
8.461462217379536188e-01
8.218579498421132445e-01
1.076090365144162675e+00
1.020728887028226284e+00
1.037456190078807072e+00
8.954244425720178091e-01
9.497215086316718180e-01
1.067596766710055656e+00
9.811427107307099105e-01
1.029070186430678380e+00
9.666939359776771656e-01
9.073091060577024303e-01
1.057734767398714082e+00
1.176836428922963584e+00
9.077221576239313805e-01
9.208144108841656017e-01
1.161519998068320403e+00
9.624587058300632103e-01
9.710972637366575011e-01
1.146739708711747241e+00
1.094002879407688145e+00
1.153543435973525710e+00
1.037240867947838652e+00
1.022289969201934712e+00
1.043685079140113103e+00
9.307417363121792686e-01
1.096794527690666099e+00
1.064672462534463238e+00
9.327606220373556578e-01
1.023942746577746865e+00
1.077188501573758783e+00
9.167322196487632802e-01
9.422452693815328573e-01
1.049256804874493465e+00
1.023581575394205467e+00
1.126901735049192776e+00
1.084533730873585400e+00
7.834821603492945208e-01
1.092086656314016802e+00
9.476007001363162541e-01
1.113523465611459429e+00
9.128786104501807053e-01
1.047688148227267080e+00
1.073061101807598172e+00
9.675203645825387611e-01
9.795253952893749894e-01
9.649446310792101356e-01
1.114927210225364895e+00
9.735872832615315442e-01
1.035023541304234795e+00
1.092293694522370240e+00
9.594821998501142923e-01
7.952299033784523408e-01
9.824274448900587320e-01
1.197878032570534934e+00
9.940855132496939639e-01
1.089362226635655517e+00
1.154311777640979919e+00
8.620773445243337108e-01
1.091027217049298059e+00
1.040565632931940820e+00
1.070487982316402409e+00
9.496210977245118645e-01
1.160786464202180124e+00
1.037950750358435315e+00
9.692844225643135747e-01
8.666747194444125446e-01
1.228530945049328027e+00
1.098222068547637598e+00
9.449997248136987604e-01
1.124268666912568104e+00
8.884518066766129429e-01
8.623565738830508698e-01
9.501629110324985028e-01
1.128374742699432609e+00
1.115967286281560833e+00
9.587417924946985970e-01
1.181905853479680246e+00
1.009404666462455413e+00
1.151171863171569720e+00
9.829070476683590130e-01
8.477301420777123564e-01
8.154938043991544205e-01
9.547602455201453786e-01
9.166961019168708980e-01
9.163077696364156921e-01
9.237981182412393633e-01
1.064945106515063245e+00
8.852403374331900832e-01
8.467161095189517095e-01
1.041423740596149061e+00
1.183547674776546543e+00
9.845230848533315093e-01
9.554326999626376882e-01
9.906924099711051923e-01
1.086286351895449753e+00
9.880881597464019617e-01
1.032559437082845477e+00
8.365769975651272672e-01
1.170301944032935193e+00
9.849054306989004637e-01
1.152529788554656154e+00
1.019681452666636678e+00
1.132016301653087531e+00
1.082463886826560362e+00
9.789446074817657051e-01
1.023719487131120820e+00
1.080852237131300519e+00
9.084249514564675110e-01
1.013472898031106517e+00
8.572075930839084812e-01
8.864219497536214298e-01
9.223110404814716112e-01
1.140010577829760452e+00
1.013982142849107149e+00
9.999678328175980457e-01
1.022733050801041710e+00
8.294486667656211232e-01
1.013025065816575365e+00
8.419473227782385827e-01
1.171192351668835840e+00
1.053593527867255686e+00
1.050413779304745443e+00
9.295781372726001912e-01
1.064463965527810974e+00
9.107782212470173500e-01
8.624408699342926976e-01
9.743500915219316383e-01
1.116317919875376319e+00
9.601109493415629359e-01
9.623432403148870495e-01
9.840009847821002964e-01
9.893811130324126069e-01
9.434142330771797536e-01
1.011315066103031013e+00
1.028652370803391669e+00
9.184848757281172116e-01
1.140820025462821130e+00
9.416056252340672117e-01
1.034625234125713167e+00
9.944214377358098211e-01
1.093698125809083432e+00
9.795669021057069603e-01
1.105406561864343384e+00
1.110122094806317516e+00
9.493138084790548881e-01
9.312037200802310011e-01
8.800813619304795887e-01
1.075675485660750663e+00
9.760882441382252583e-01
1.076622732219592038e+00
1.019586519948487258e+00
9.500630329552919306e-01
1.055118556607098412e+00
9.546742838730817304e-01
8.575502393449918603e-01
1.188602780816407245e+00
9.771823565351003271e-01
9.651343698147598626e-01
8.415742574227997874e-01
1.002472554114796077e+00
9.938169519714684652e-01
8.607237799293336877e-01
9.831191601211696218e-01
8.646022943590291332e-01
1.006671823068632676e+00
8.269678499719910203e-01
9.895309501472852043e-01
1.089892431546769735e+00
1.076963841312929215e+00
1.095261365238666018e+00
1.074405610988044657e+00
1.099726874890959216e+00
9.976211699200363547e-01
9.714310848041864954e-01
1.034600825071641861e+00
1.030721550538467479e+00
1.027525491531257051e+00
9.921471000432182663e-01
9.276927462260321500e-01
9.764900111584411402e-01
9.340509036303437096e-01
9.993675774967254455e-01
8.483437871898913407e-01
9.891205538366636407e-01
1.098769386072225407e+00
1.135190285790337539e+00
8.797402480821729931e-01
9.413300114261144991e-01
1.061536828220951634e+00
9.784772537679276017e-01
1.161720374168341730e+00
8.219365969760833446e-01
1.087622424300878965e+00
1.117648038450859804e+00
8.752596825298888383e-01
1.076625769038747515e+00
1.044162333982300295e+00
9.932588582159729285e-01
8.569917828116658809e-01
1.000365497124694025e+00
8.134491443838854918e-01
8.185086182493814810e-01
1.067825443062717650e+00
1.076220298039064716e+00
9.545589486055103823e-01
1.125024273096556948e+00
1.031338018589436745e+00
9.881898606859924605e-01
9.684794551128007578e-01
1.027005270594583131e+00
8.940126161058354892e-01
1.038129600569337896e+00
9.928464473128475465e-01
1.074685008592789481e+00
1.089134231859007595e+00
9.495787857441762014e-01
9.795082079724884982e-01
1.033529613637059752e+00
1.061675631594859004e+00
1.152457761233161238e+00
1.046970287168278890e+00
9.192202141248076996e-01
1.018146428327477260e+00
9.625787538803699528e-01
9.214225628582728422e-01
1.067602799367386890e+00
8.033776549834998892e-01
9.285410337068078501e-01
1.046472514113910623e+00
1.067261426002416025e+00
8.413684897892735881e-01
1.064578792815597197e+00
9.696830461413264990e-01
8.519989780931848111e-01
1.002583735354714012e+00
9.380976140897452353e-01
1.123818916959050451e+00
8.856787543962496567e-01
1.137712786839156553e+00
8.932165445714596030e-01
1.094675087034707284e+00
8.224074289810618943e-01
8.881372010389778637e-01
1.144124249163761542e+00
9.297904971702493082e-01
8.896962981743512522e-01
1.086404746859397363e+00
9.843360777640526305e-01
9.018791569425333998e-01
9.827565148892991598e-01
1.185170880672266058e+00
1.040777105813162295e+00
1.054766624093410821e+00
9.436061467042767825e-01
1.017357447806380488e+00
9.016348507253315603e-01
1.177912824731787600e+00
8.327507386358848906e-01
8.422261862491452478e-01
1.057976991087515861e+00
1.079547197250047663e+00
8.892936425489776919e-01
8.815891145101741877e-01
1.141284208158668267e+00
1.003782230363665651e+00
1.027838082210539294e+00
9.739399933184483826e-01
8.416600845019477362e-01
1.021807551939548420e+00
9.154245240146089424e-01
1.016585860932939012e+00
1.054655618999597921e+00
1.022847174829236483e+00
1.102686915237694576e+00
1.001664311360965343e+00
8.939692290540750541e-01
9.274420581123516971e-01
1.003862398985993609e+00
8.077199325100999916e-01
1.063348822171594543e+00
1.097628992502371448e+00
9.284012381161312888e-01
1.039966979793776947e+00
8.063320902711628158e-01
8.564862778609998450e-01
1.005914617506829423e+00
9.273669027599353853e-01
1.128728978623808166e+00
1.031969087437561328e+00
8.812798410911908409e-01
9.201102670368520586e-01
1.009912826509679729e+00
1.012619521203759643e+00
1.003581128966644087e+00
1.030695616393615177e+00
1.110265119296618197e+00
1.074463265502463738e+00
8.327012576404453359e-01
8.301083413167062997e-01
1.108316770008860086e+00
8.401474487264172231e-01
9.308960861982945589e-01
8.588572907529172795e-01
8.490978150483946552e-01
1.108451032722036489e+00
1.043601897753311913e+00
1.023080279193360420e+00
9.887530807173273706e-01
1.057616057210987615e+00
9.557096298555695091e-01
1.018228386575016575e+00
9.794805619657995788e-01
1.075660555456823264e+00
1.132920186199239065e+00
9.265668537419764483e-01
9.516432770520226736e-01
9.504984069999424801e-01
9.611210001714542983e-01
1.078015039743406955e+00
1.011786721016252555e+00
8.296094296014544511e-01
1.150984801433551308e+00
1.074082229824742551e+00
9.200243168466636368e-01
1.028940482134674150e+00
7.787324113941489490e-01
9.791482468516528037e-01
1.214790554268072587e+00
1.006169669943108413e+00
1.106199306538111049e+00
1.158585934814220453e+00
9.868000771632527979e-01
9.530846489816560130e-01
1.017977821470755551e+00
1.142693073386355396e+00
1.029848102994744830e+00
1.066381770215437896e+00
1.051188808569433197e+00
1.182631393993631042e+00
1.057610965474492071e+00
8.743998686457156166e-01
1.023538854129271591e+00
1.007351443285884107e+00
1.144006639033458228e+00
9.006607913185393777e-01
1.150323613458246630e+00
1.140939001228112870e+00
1.101220465721310715e+00
8.344013779154931809e-01
9.447550161714722838e-01
9.088917032363619253e-01
1.164051839000935784e+00
1.044009522655187983e+00
1.006039265084365697e+00
1.013710792468001998e+00
1.053632616589749382e+00
1.125160125904730357e+00
9.916823361839909312e-01
1.102436972195623976e+00
1.206193993053949143e+00
9.262900895228243225e-01
9.244277977090225029e-01
8.712147008414610205e-01
1.052808641971979320e+00
9.121606917216662502e-01
9.267640627171913614e-01
1.079730570654544142e+00
1.048361585115506589e+00
8.214957736914543229e-01
8.640134137528754366e-01
1.107430572325727614e+00
1.081995988522237884e+00
9.624095156898690995e-01
9.727984663450113256e-01
8.311448853701396411e-01
1.176040551704115922e+00
9.112329893177224527e-01
1.105650356584921390e+00
8.890616465846035155e-01
9.464780255687214039e-01
9.240213876803256010e-01
1.061975766804087451e+00
1.195525296638685120e+00
9.888644786450000446e-01
1.032948387966797998e+00
1.051292276751381483e+00
1.072943126090637023e+00
1.034257298668789904e+00
9.721216389433284810e-01
9.351979138556878457e-01
9.275073540669871441e-01
8.951538957981977074e-01
1.033560499832007595e+00
1.024328161696372197e+00
1.108837694385754746e+00
1.079578970465280285e+00
9.969091979028449346e-01
9.880292865090016807e-01
1.072893276153277231e+00
1.004748829331630233e+00
8.678899873356706873e-01
1.120155786008361742e+00
1.074059821871834908e+00
9.341418261368106268e-01
9.838974131231290610e-01
8.968031821084079258e-01
9.058874869612130176e-01
8.558554128585516008e-01
1.034047330561066458e+00
9.964346224610107772e-01
8.147423595487115477e-01
9.680599001810741289e-01
1.037809778804450689e+00
8.813574988154136980e-01
9.232527310987134195e-01
9.440309842827727671e-01
8.327719055395761405e-01
1.081945548619270614e+00
1.083913041480219164e+00
1.073770257058949351e+00
1.090159490244878349e+00
1.051165136433454217e+00
9.990808346629953540e-01
1.068220110570868853e+00
9.086463473611341435e-01
1.223131819422378808e+00
8.786777247921210288e-01
1.196767825842893540e+00
1.063496327165911248e+00
1.052469835049885116e+00
1.046589364136084610e+00
1.051523009216355664e+00
