1.133779548540975624e+00
1.010322113207801964e+00
1.112486759058055386e+00
9.507000523590798391e-01
1.127735024426831156e+00
8.635446380765456897e-01
9.172576221441843813e-01
9.821103572696672224e-01
9.561435287457551446e-01
9.010411058390186412e-01
9.546146595936216839e-01
9.559382088239420927e-01
9.481614943865435130e-01
8.478177590182109924e-01
9.978281644331787881e-01
1.218741407843000335e+00
1.035880628718741203e+00
1.053398355941594478e+00
1.077748027311932422e+00
1.147766560854508011e+00
9.881181476396581065e-01
1.022898220413381187e+00
1.005431437595096122e+00
9.235577980704625656e-01
1.096676656526868854e+00
8.711997324071761861e-01
8.461402291127940734e-01
9.195575582499406764e-01
1.076091275762814048e+00
9.970332930951568695e-01
1.146162278298430648e+00
1.049886404928738859e+00
1.139486585911845706e+00
1.032366569821877800e+00
9.182473419561409944e-01
9.496889291024914748e-01
1.006012740237189895e+00
8.157037204020591847e-01
9.533298312588731616e-01
1.017135003215761779e+00
7.914830341300029826e-01
8.019328162180932029e-01
1.101586659152501202e+00
1.106007819480018473e+00
9.526543259359906424e-01
1.135260110793733679e+00
1.008783870537367733e+00
1.126359286757618205e+00
9.333896507000243314e-01
8.935262691313898831e-01
8.106488925335182394e-01
9.438301134399748049e-01
1.226877971330665673e+00
9.898390742600426950e-01
1.174285159713663429e+00
9.266667058851028038e-01
1.054316669151802000e+00
9.286437476809539238e-01
1.147155323547436101e+00
1.102381357868861489e+00
7.902904818181103463e-01
1.184564179613345258e+00
1.173462235208479365e+00
9.102928046550461394e-01
9.323792445360901127e-01
9.724490289626355199e-01
1.214043693287691239e+00
8.746305483633474154e-01
1.013099002029478779e+00
9.747889324306973080e-01
1.156980842779634644e+00
1.037231550603341379e+00
9.455478120460365510e-01
1.210901528537923433e+00
8.578979067379833845e-01
1.101237543252729711e+00
9.231987891857562634e-01
1.151884974891269398e+00
1.031286164654808601e+00
1.068173909649363651e+00
1.010291534714837125e+00
1.124809658117231548e+00
8.377227381350234037e-01
1.116119075111943193e+00
1.023896979642096472e+00
9.664763098909365802e-01
8.475391429519305575e-01
9.157315960504543995e-01
1.052896845279995608e+00
1.125281224808491798e+00
1.091172286482479992e+00
9.870247066356401255e-01
1.006352692038848584e+00
9.651634208062804809e-01
7.979108980651370420e-01
8.699564078399064648e-01
8.762663001340090796e-01
1.010289310378401861e+00
9.789361505002549535e-01
1.071617140982936922e+00
8.690609089329182080e-01
1.065299553086076934e+00
8.869080369860216084e-01
8.401655927323194994e-01
7.731700160840568881e-01
1.011058845549447138e+00
1.013223713863094844e+00
8.137337843628902334e-01
9.061326280871609962e-01
9.079244650115536608e-01
8.047407757498532543e-01
1.184659715660604462e+00
1.018651101400024572e+00
9.513607126061134345e-01
1.088512055447859561e+00
1.011382143659310895e+00
8.848323943634113231e-01
9.122072025022553987e-01
8.017233695379761826e-01
1.109825581984209997e+00
9.752623858791173994e-01
1.001548627158155735e+00
8.980545958849216470e-01
1.132303160001815412e+00
1.087422406820617748e+00
9.276257834435659433e-01
1.067413244395039262e+00
1.137601763041574898e+00
1.165322245142377255e+00
1.010833010779819796e+00
9.147825111797069919e-01
8.252637674442497850e-01
1.103698985728666537e+00
9.279013971053584608e-01
9.974149334987842952e-01
1.095478400321554080e+00
1.006767824030711189e+00
9.233748335022051723e-01
8.924271909332918140e-01
9.388527550159644353e-01
8.067726385021829483e-01
8.598749092418445095e-01
9.729482347212314863e-01
9.607628767716357432e-01
9.760943255704530586e-01
9.295856276420688680e-01
9.515442249223657889e-01
9.865299093307828837e-01
1.154484238632278892e+00
1.070855535603003617e+00
9.336944591000955196e-01
1.029093247090960617e+00
9.625641964829385611e-01
1.015615371214753093e+00
1.223180782673757738e+00
8.923581955654700248e-01
9.352256833536998215e-01
1.198037357922943302e+00
8.836050822011578543e-01
1.168868515482491821e+00
1.089177529291271318e+00
1.097731642032298893e+00
9.044491683316182584e-01
1.042705195353814229e+00
9.923324753490250227e-01
9.008351874109774560e-01
9.594829412959784420e-01
9.214848900897399941e-01
1.041254753542641742e+00
8.688964531923663026e-01
1.092305263140540328e+00
1.108693657231038188e+00
1.143076561267040825e+00
8.439488758484352537e-01
1.131003325794339043e+00
9.598417536219203683e-01
1.094800364925740954e+00
8.225928626882879069e-01
1.004939153709416111e+00
9.847183133216981243e-01
1.103666914659616083e+00
9.196674651213133656e-01
9.331939129361361829e-01
9.190636496540445233e-01
1.103086024174842139e+00
9.535685172288751454e-01
1.098231793238449772e+00
1.112285872916759732e+00
1.026677859687497696e+00
9.322814422583782790e-01
9.614621715957528680e-01
9.240776904788345902e-01
1.081531351245436534e+00
8.213887992056552179e-01
1.020151808868065668e+00
1.086480900315317522e+00
9.817132007952760198e-01
1.029986939130607571e+00
8.769560144464672025e-01
9.483334136498977607e-01
1.089967199613993465e+00
9.742388820778788983e-01
8.662697996964573433e-01
1.048859269834846897e+00
7.757573541620510493e-01
1.028737500948937234e+00
1.058914671992660317e+00
8.479861317055563674e-01
1.180966581149832217e+00
1.019095444593912436e+00
1.032939237535127841e+00
1.096786440052747613e+00
9.562277379154204837e-01
1.146577683469419684e+00
1.079028553826348880e+00
9.618137467993137513e-01
1.012483362783028529e+00
1.013275471992749477e+00
9.194465050179949639e-01
9.870749141202233012e-01
1.073112710894984279e+00
1.047670557503301625e+00
9.170192511324154472e-01
9.679345724619830005e-01
1.035723352919756257e+00
9.567340132313605361e-01
8.259191147635032149e-01
9.924456688520861825e-01
1.097788820285832134e+00
1.010606379452347436e+00
9.801215216888883308e-01
9.319350424633676688e-01
9.936968370817600427e-01
1.058006613849528765e+00
1.115726468608714050e+00
8.211565738942032677e-01
1.059230362588318597e+00
1.017559016663503790e+00
8.791090739411681065e-01
8.456322643993272603e-01
9.292540021470654388e-01
9.219274248088575874e-01
9.748115244868413853e-01
8.759271077146357776e-01
1.035013623648200154e+00
1.067209867193926520e+00
1.170916372030268882e+00
9.613456781444666976e-01
7.887486714168030488e-01
1.046191652700583674e+00
8.692342417104965691e-01
9.933755392247298754e-01
8.450381326359137635e-01
1.177329631730082760e+00
9.928575508540835592e-01
9.160565684637507200e-01
9.632304745956881131e-01
1.068898466233925593e+00
1.129096428594177359e+00
1.088854604089769751e+00
9.302957393045691026e-01
1.163399047548536958e+00
8.705056273309388359e-01
1.082661926123317020e+00
1.143178081273507285e+00
1.124421288840098621e+00
1.113645063578759808e+00
1.183308299455494206e+00
1.186792424413489977e+00
1.058565528061058192e+00
1.076259087964406946e+00
9.747595131843165284e-01
1.122960784949808222e+00
9.504807653426379233e-01
9.204265589113491686e-01
8.804875835683279028e-01
1.147058391038395575e+00
7.711446891086384259e-01
1.020766058824454703e+00
9.534266018256074560e-01
1.157060440452366779e+00
1.032881551769490924e+00
1.119328237933562953e+00
1.111310656108125405e+00
1.022998880795323418e+00
9.051081879219233794e-01
9.986787180066118985e-01
1.068372103058550682e+00
1.010008095935098993e+00
9.218990175223578110e-01
1.141659489888859236e+00
1.069552414236811799e+00
9.844226310495548526e-01
9.444135939326854245e-01
8.817492651743070731e-01
9.924020857732982481e-01
1.041001616972502930e+00
1.133781331577540907e+00
9.861915866549685328e-01
9.664576718654600551e-01
8.792485230160274057e-01
1.082776189354226259e+00
1.138258368341694693e+00
1.022260013955077929e+00
9.544108260658150655e-01
1.031536345316812708e+00
9.035814370460821809e-01
1.095991631780175890e+00
9.539518442954580957e-01
1.166141385550532261e+00
1.013794787625790450e+00
9.978572782492339810e-01
1.068353749583054846e+00
9.155275638498376889e-01
1.022266546667926379e+00
9.540686105902163039e-01
1.128021456919424681e+00
9.119343434192505038e-01
1.068764007886029876e+00
9.723729729556529477e-01
1.111985811426262849e+00
8.153996225574049461e-01
8.296027197651159035e-01
8.837420985208448432e-01
9.439624350740182246e-01
1.071205292854833235e+00
8.363001986828000334e-01
1.001335553571159664e+00
7.718317327585220156e-01
1.015719660236634736e+00
9.037849886376372321e-01
9.979926796866358529e-01
9.026097724952104606e-01
1.168293361095576355e+00
1.013899799867395757e+00
1.082345098260168115e+00
1.117887730068303220e+00
8.514690351360983955e-01
8.769550874466378598e-01
1.072748330908580350e+00
1.029086185580773360e+00
9.863011756976947098e-01
8.386148206637472624e-01
1.026410120012535732e+00
1.012803948718888458e+00
1.146924487946402449e+00
1.091472709738576574e+00
8.717522548104050806e-01
1.181250282414351593e+00
1.079651610106103776e+00
1.081332148973912277e+00
1.108704402573531089e+00
1.114760945924039293e+00
9.376871539289239887e-01
1.248918893585464263e+00
1.135421442938594705e+00
9.022543766923702968e-01
1.070517697750349440e+00
9.727184808057951493e-01
1.002737739775444448e+00
1.139216069240358786e+00
9.181518130763921537e-01
9.196582143080331839e-01
8.066247685892562469e-01
1.091169769790328203e+00
1.119823296094699216e+00
8.747028154322336047e-01
9.940450980499002664e-01
8.667008911260527526e-01
1.130779786126034914e+00
1.072370696509415744e+00
1.134013288977529843e+00
8.535356877577336965e-01
9.319520596693422476e-01
1.166288848737077499e+00
8.201946112624303176e-01
1.145491477409076975e+00
8.612702715285930344e-01
9.474402407170536833e-01
9.870051586114905184e-01
9.742062117965188950e-01
1.201337934311893729e+00
1.044442749318486019e+00
1.205449544592257727e+00
9.780373590559546804e-01
1.141072912638093850e+00
9.647376504948277365e-01
9.416540910149090449e-01
9.669941390347794874e-01
1.116067071641865693e+00
1.117331697042994954e+00
9.814558822684433803e-01
1.014133630358740712e+00
1.206353212572345290e+00
1.087804862228324954e+00
1.049648945321618232e+00
8.474581661002529298e-01
8.298369260157192340e-01
1.049412063298753806e+00
1.110914648992536558e+00
1.091729063105589592e+00
1.042891879514130871e+00
1.001838223244281068e+00
8.820549214708057750e-01
1.148133947939454336e+00
8.733271331116180258e-01
1.066225117204131267e+00
1.115356362456105144e+00
9.330686858181145293e-01
1.094335529431169629e+00
1.112463888355577968e+00
1.016410782740588381e+00
1.051899426711741414e+00
1.208247356573346032e+00
8.629133181443995326e-01
8.792832991415757693e-01
9.483915034351446671e-01
9.039162825117946776e-01
1.106202391046746003e+00
1.037941429717272657e+00
1.051773890865602246e+00
8.939556884997612585e-01
1.199516006459154793e+00
1.067318931392741810e+00
1.094636738510793128e+00
9.995967241899135214e-01
9.647197486185319359e-01
1.093184154641694938e+00
8.472982382648885924e-01
1.117003978081025473e+00
1.031184195310129947e+00
1.105252887533725525e+00
1.017775777155499606e+00
1.128019112475595387e+00
8.657975618516169369e-01
1.070938405532450899e+00
9.871990330060194108e-01
9.371352265237082868e-01
8.256532866058936548e-01
9.254206699106988232e-01
1.035608482983208622e+00
9.363391390941917525e-01
9.311822619171411519e-01
9.261023611506651321e-01
9.940030122165690596e-01
8.556869245034389726e-01
9.793605325349322710e-01
8.744426804788160146e-01
1.200213274278020048e+00
9.699122609773715986e-01
1.098437665374381034e+00
9.169320750989653490e-01
1.065792273746041685e+00
9.935270339040958021e-01
8.741478673176754643e-01
9.522441328729185361e-01
1.120723076065748725e+00
1.139198564353158583e+00
8.922170636231783192e-01
1.136345266182746006e+00
9.522283490922982541e-01
8.350502188243439372e-01
1.114822100235163704e+00
8.592924175503402484e-01
1.186534204572645912e+00
7.813000727943942847e-01
8.685041006262637087e-01
7.988956106291706938e-01
8.784232505264846225e-01
1.100305435841811619e+00
1.096526086495288155e+00
9.537394230408486884e-01
8.766610835802528534e-01
9.571840142046800226e-01
1.026995079918284093e+00
1.076798427204143316e+00
8.668286802445368533e-01
7.987258736793163560e-01
9.238202149503367266e-01
1.063212622899427862e+00
9.002904859384290859e-01
1.093332753482338937e+00
1.092652628626845424e+00
8.520619076401714231e-01
9.385673339340432353e-01
1.004409552984913967e+00
1.112906000225852621e+00
1.025117318634401142e+00
9.390657113080336238e-01
1.071072406850528180e+00
9.737916201825429496e-01
9.081054498942520148e-01
9.973548153542362016e-01
8.590041845552234268e-01
9.301972891939840338e-01
9.560837674862819879e-01
1.111555359679298860e+00
9.255550907451469689e-01
8.736945850059211205e-01
1.104911085097969314e+00
9.428553249065190212e-01
1.037385052999497015e+00
1.151996646221065790e+00
1.136665409253992953e+00
9.239714504383474969e-01
1.076566122071170195e+00
8.120190223192830237e-01
9.812559937343362515e-01
1.057914187475436973e+00
1.057512184961799662e+00
9.111061997391574074e-01
1.075550893286644438e+00
1.003324082427156094e+00
7.685675902867867837e-01
1.010793639782823217e+00
9.726082379099207920e-01
9.757935260329206884e-01
1.195968813602249714e+00
1.105076181966593962e+00
9.256424484963788890e-01
1.165504870724989761e+00
9.965271325943536596e-01
1.007325383560197629e+00
1.046969250455113132e+00
1.191104495545773245e+00
9.949797465352059334e-01
8.987972160704689184e-01
9.699075048172405289e-01
9.489157489078658969e-01
9.488617280229645345e-01
9.603858523913693102e-01
9.201572031784844841e-01
1.091317287036198458e+00
1.032608079356134079e+00
8.703042416192132702e-01
1.012908608266599897e+00
9.394227405588878588e-01
1.061296150763080703e+00
1.039505167119391782e+00
1.137688751804913245e+00
1.056829738580434830e+00
9.414346426121205091e-01
1.164316668443094782e+00
1.049748327206016407e+00
9.940866011654589940e-01
1.038701208354243066e+00
8.704277159800462016e-01
9.909686689473802268e-01
9.995855167171581179e-01
8.783144166033673983e-01
1.101188643723092220e+00
1.150400232020009073e+00
9.036638316277554317e-01
9.851788792063485012e-01
1.037187927359394912e+00
9.113011960647632304e-01
9.730039821384490750e-01
9.901882932216612421e-01
7.996410524358592564e-01
9.773309450294793699e-01
1.164460241250326211e+00
9.767421173817116831e-01
9.649385702971861045e-01
9.994066840833459864e-01
1.088027491234385025e+00
1.158567369185394602e+00
1.033200512344460975e+00
