9.397443145712923718e-01
7.825917650164717632e-01
1.175367997835142564e+00
1.045475515741835837e+00
1.134945060969837716e+00
9.453393546301223083e-01
1.101562486470605062e+00
1.008062799618095973e+00
1.114746868045759731e+00
9.158968784048771017e-01
1.184586000277865203e+00
1.019015825729663982e+00
1.060792269313569847e+00
1.142203821452901114e+00
8.854593296159054550e-01
1.062901096088437747e+00
1.159224474159714191e+00
1.109293498058697924e+00
1.178068479709573069e+00
7.946742165175924022e-01
1.081731267856528067e+00
9.985332693012209937e-01
9.683504034938468230e-01
9.944983921665864202e-01
1.206848982035596096e+00
1.000007853143915382e+00
9.635142563767820079e-01
1.185641641185319450e+00
9.248408295521167721e-01
9.270344894402557934e-01
9.008189700691198176e-01
1.108826396569962291e+00
1.123474766853836515e+00
1.132966508395360616e+00
9.625960409281590913e-01
1.110588093811974542e+00
1.203060111116782238e+00
1.104981495200520358e+00
8.136627146704762392e-01
1.148290199088866093e+00
1.015241142796825979e+00
9.495288744275104387e-01
9.638976214995003122e-01
9.249555096085968486e-01
1.011043140153354836e+00
8.460579036606061809e-01
1.079060090260526295e+00
1.123851582754555212e+00
8.832385021500510636e-01
1.094832985099376099e+00
8.512262107587073023e-01
9.777654799666866126e-01
1.096406049069729827e+00
1.008812167732220599e+00
9.909853999439655059e-01
1.051396576558951024e+00
9.767546948446331756e-01
1.036128569540209821e+00
9.881893176824898539e-01
9.597344791485415971e-01
1.125190405109654845e+00
8.931156318244656278e-01
1.040590815662042257e+00
8.742307650715761547e-01
1.038797914336877515e+00
8.556876767354663071e-01
9.596472259816697381e-01
9.131915134652908161e-01
9.292071339981535782e-01
1.116445369079719141e+00
1.054529637253951435e+00
1.090112053186613528e+00
9.154934469969516764e-01
8.784326492369931572e-01
9.617678751579493701e-01
8.538745610827934707e-01
9.725085566588501651e-01
9.148637218980888441e-01
9.627643207563778560e-01
1.193094402691741163e+00
9.396595317613591902e-01
9.496877729918944411e-01
1.187853169911574414e+00
9.940307431675583505e-01
9.733847755586593209e-01
8.514310588092972587e-01
1.000993129693866335e+00
9.300472368521044420e-01
1.210488108749633529e+00
9.872748618508427887e-01
1.077997132566302696e+00
1.123328526668123661e+00
1.185999939214471111e+00
8.744270267061643453e-01
1.083121940071546163e+00
1.011494965953857017e+00
1.042920132639371555e+00
9.977083071647184775e-01
1.030672291672510843e+00
1.001051356983557961e+00
8.963899039971583438e-01
9.587431964639634430e-01
1.009039668831323677e+00
9.092980557343529613e-01
8.779975300839184538e-01
1.218786972128521384e+00
9.656689190516897225e-01
8.968866345953870889e-01
1.135903613218202546e+00
9.609357704560892444e-01
9.032202417067938249e-01
8.529928383741292031e-01
1.004575201098269144e+00
1.199191714161178313e+00
1.015737833213466335e+00
1.023869584265194366e+00
9.031472711771342254e-01
1.078817854412801758e+00
1.128817031978563756e+00
8.759812665121966546e-01
1.053667716323459125e+00
9.804540076255516823e-01
8.983210567517833089e-01
9.244291270334571431e-01
8.054457089162780914e-01
1.062452203197952194e+00
1.014205082915773160e+00
9.750159474837962748e-01
1.012835787105847096e+00
7.978397591820413082e-01
9.307489162633209023e-01
8.977358492156766179e-01
9.866579203761682848e-01
9.216436450861622554e-01
9.915459649108029350e-01
1.042997524698656031e+00
1.162234609736998880e+00
7.819205790810941359e-01
1.061853054924371431e+00
1.034094481918520270e+00
8.805835698923891730e-01
9.164539693502834483e-01
1.096858402644430797e+00
8.697620846945032236e-01
1.109726371015447466e+00
9.647623300130656609e-01
1.156762779386163231e+00
1.184469744462348872e+00
1.025052946020554412e+00
8.555420021858620716e-01
1.136376375028595787e+00
1.113118628010285160e+00
1.087054560171265560e+00
1.164277672323451585e+00
1.094916350855791753e+00
8.735069427085077054e-01
8.195129243512448980e-01
8.905846700342091582e-01
1.043040393162381951e+00
1.146884231353009653e+00
1.066144033580144423e+00
1.192343060575218772e+00
1.065909676963996411e+00
9.973161885893753187e-01
1.091490969622689766e+00
1.085877092121366294e+00
9.206413485411552022e-01
9.611624584223039669e-01
1.108880837416438059e+00
9.766222855739157271e-01
1.064538495671976115e+00
1.004508396464799391e+00
9.283174379535803489e-01
1.010484004675280545e+00
1.121760929424206576e+00
1.031056438910459061e+00
1.063518916394784242e+00
1.225435000859396606e+00
8.771182668529993176e-01
7.633149978133079161e-01
1.052279561317930323e+00
1.127407044031539129e+00
1.001417525128829089e+00
9.761949714245342635e-01
8.630820083045847024e-01
9.922195269570752707e-01
9.655338108567965705e-01
8.643284669417370392e-01
1.009121847251233772e+00
8.532948889011753302e-01
9.832805268102617902e-01
1.071031013900941353e+00
1.103281608475160658e+00
1.073707906584306482e+00
1.019767243453197025e+00
9.223638550320805152e-01
1.049951911563322460e+00
9.738665527506764619e-01
9.220446342740196144e-01
1.174699877579038265e+00
9.387608247862045951e-01
1.157813980523059172e+00
9.402133734793379771e-01
1.024624680695089829e+00
8.554680221085397829e-01
8.733166124770315175e-01
9.082839577495515071e-01
1.032717714525884345e+00
9.574504612154326466e-01
1.161585608009514825e+00
8.984667888514951128e-01
1.184107235892772891e+00
9.185908135848104283e-01
9.569959523500106702e-01
1.133711264831670507e+00
9.707361131215785921e-01
8.277646327938968929e-01
8.642778618827035020e-01
9.444193837740688657e-01
8.327185807434611675e-01
1.096732404819286577e+00
1.026274866774997241e+00
9.581744204623421357e-01
1.136912830125383245e+00
8.918290777966082494e-01
1.073976370238372002e+00
9.660515395241522363e-01
1.010618193496970907e+00
8.514729891120249583e-01
9.386162255363821316e-01
8.803786422007697787e-01
1.112918355615614807e+00
1.069944956870938935e+00
7.851962987162149910e-01
9.242526173764382680e-01
9.730072544225782938e-01
8.683614043946263905e-01
9.827235495508079843e-01
9.846123730340503588e-01
9.762591481750289013e-01
1.019530910294496717e+00
9.365852077299245959e-01
1.025731777655577437e+00
1.083345361169383292e+00
9.037906516901375031e-01
9.847713519052680997e-01
1.049834377941805563e+00
8.400781663514822473e-01
1.117110180100714389e+00
9.563347258533265727e-01
9.081496198509382278e-01
8.360393115039873591e-01
1.138284802193219925e+00
8.886616432011069655e-01
1.028160689837444908e+00
9.530393857816157333e-01
9.483518932836910720e-01
8.932850138453782840e-01
1.010352413174667063e+00
1.008093410356833530e+00
9.315085138016940824e-01
9.444761563299387541e-01
9.631568704796151792e-01
9.915669448899055993e-01
9.393568708883884844e-01
8.536591807962172762e-01
9.660789033108239110e-01
1.140906329023721577e+00
9.040342598589665712e-01
8.865001707403448172e-01
1.031805773243933411e+00
8.137977795200994624e-01
8.277493123593239188e-01
1.038443564163793464e+00
8.923234228159397929e-01
1.019329522007321520e+00
1.020342075421847738e+00
9.811392930649038835e-01
1.114242369869594906e+00
8.869173826622749335e-01
9.508314503910824111e-01
1.011433369167720864e+00
9.770801412889493776e-01
1.022493921988389953e+00
8.775484503668771197e-01
1.041010805425173658e+00
1.021892026474202853e+00
1.191630102740237840e+00
9.746404298638985386e-01
1.066770500630546348e+00
1.068407719129405686e+00
1.105773988940051522e+00
9.294970444967701750e-01
9.817925976462380522e-01
9.230347924419955996e-01
9.699617228765160526e-01
9.929226461427305139e-01
1.058278788715441676e+00
8.146600982921452516e-01
9.064095975252380866e-01
1.083208207228750108e+00
1.002882190832979692e+00
1.073833804530981428e+00
8.766021600073523601e-01
1.143756898625393426e+00
9.314646408367828201e-01
8.722403296252690952e-01
8.733724164929701494e-01
1.005136306093319609e+00
1.039127013353445150e+00
1.009690950925848485e+00
9.282563260179701459e-01
9.059496801946497202e-01
1.095122339059841909e+00
8.650588002539230104e-01
1.183887084423937974e+00
9.210362527635725938e-01
8.240396360681370158e-01
9.729075348925436684e-01
9.239790614910113886e-01
8.728248879809208383e-01
1.025938341979218293e+00
9.200171846764313432e-01
7.958168752320189387e-01
9.433737014333121174e-01
1.055747380506016464e+00
8.905457923512515306e-01
8.535419127597401179e-01
1.060254944713520109e+00
8.900144499512416818e-01
9.841976377322235736e-01
1.065000502121489667e+00
1.011995451536235269e+00
9.121713964375308681e-01
9.238432734725284812e-01
9.570222696561928588e-01
9.506396485685770781e-01
1.009688696273914665e+00
1.045009960956947426e+00
9.803915744327266202e-01
1.048779853095898495e+00
1.045127712780355322e+00
9.376870204262598429e-01
8.321790870435609166e-01
9.640119052470755845e-01
1.221724987846148469e+00
1.130463976561658646e+00
8.818199743001661206e-01
1.163658248787924121e+00
9.467412649232789246e-01
1.021280428952244801e+00
8.342505238280844004e-01
9.899694461200221340e-01
1.183256922242343245e+00
9.611989754439066447e-01
9.963473918746235114e-01
1.038139765940550463e+00
9.806035084049795625e-01
8.869756307831346831e-01
1.023323706018621548e+00
1.035627874202816434e+00
7.952333382048535348e-01
8.356372250617013497e-01
8.746496164433650300e-01
1.068272421279995665e+00
9.819799789252776634e-01
1.133320927600212302e+00
8.356751713010006632e-01
1.127727806515230746e+00
9.317395127084968642e-01
9.722744105148998228e-01
8.887211461743287355e-01
1.028457612011280053e+00
1.183140919650549128e+00
1.061731431490403832e+00
1.061070635977070076e+00
1.079787668081960472e+00
9.834337934834087580e-01
1.007890582802168034e+00
9.855246755014361870e-01
1.220413365282727813e+00
9.374285449053632036e-01
1.001026273322488613e+00
1.134199984729710176e+00
9.542835839670410492e-01
1.139016161006881189e+00
8.945320922893635895e-01
8.892500222748881411e-01
1.082646646152297443e+00
1.044260748931706395e+00
1.026425164397660073e+00
9.951645737294827487e-01
9.875722490790801444e-01
1.034199052103536687e+00
1.007468896495703481e+00
1.118909863291438489e+00
1.059497493620563002e+00
1.035881664520436951e+00
7.972786981139803331e-01
1.074026552733645445e+00
1.133639112313806319e+00
1.108456490796857929e+00
9.302681378819275260e-01
1.034138055768957454e+00
9.089588299025950224e-01
9.971251429745316974e-01
9.353190639055202205e-01
9.804105503208189187e-01
9.844294968335085549e-01
1.135781820404013986e+00
8.075901724566115769e-01
1.223792098291896613e+00
1.069771769357434898e+00
1.011388483259407556e+00
9.585769453099535209e-01
8.418480349701314980e-01
9.901808249214918423e-01
9.751202896112700635e-01
8.163225696247368157e-01
8.987711484938649686e-01
8.310140604727904723e-01
1.080259127358017546e+00
9.948191147625552455e-01
1.086232647586011568e+00
1.105746844159742004e+00
1.060688678269862795e+00
8.823640289969311157e-01
1.019531772810071235e+00
1.048723026862972363e+00
9.539321014293806744e-01
8.332379686556137255e-01
9.631560132324825663e-01
9.900572548417525542e-01
9.132005670412541853e-01
1.129071634673771696e+00
9.788726704715047244e-01
1.132327482163234533e+00
1.042228112049522037e+00
8.782936688378564227e-01
1.171593650568405476e+00
1.028144459572048586e+00
8.867290983994537967e-01
9.185612562619127619e-01
1.006797071921134989e+00
1.100668051945745907e+00
9.395439050920734170e-01
9.613046334487621580e-01
1.011301751021149498e+00
9.416918948595036643e-01
1.033696051192491083e+00
1.018097417153948525e+00
1.034825813117806748e+00
9.894667371242691356e-01
9.342580678348697543e-01
1.057240131594325172e+00
1.088001705994098289e+00
1.116762166809705414e+00
1.101469572380916029e+00
9.604182810419010785e-01
9.686667552773382539e-01
1.036409888871327123e+00
1.044969594577039196e+00
1.040002525935988853e+00
9.725745434469892370e-01
8.408141635131052283e-01
1.010815502539739619e+00
1.032929342436771147e+00
1.102287753140754445e+00
9.092330911765482693e-01
8.876035722836638220e-01
8.544216078735800135e-01
9.616338239950497080e-01
9.578215861951733245e-01
1.114410680753748162e+00
1.041366975879242540e+00
9.024591299881193907e-01
1.019720817784967482e+00
1.016344734308910480e+00
1.080524399611809683e+00
1.006259928627735389e+00
9.448527571237751443e-01
1.229420510752505136e+00
1.046472510142854251e+00
1.022187056245839498e+00
9.945894879912269282e-01
9.124201610788892358e-01
1.105285256544773054e+00
1.153541884110329763e+00
1.008834413274566133e+00
1.088112052151736231e+00
1.042551395594638608e+00
9.911618632830883069e-01
9.380286604066744305e-01
1.105850098464032927e+00
9.320465952106420371e-01
9.319285377583264030e-01
9.685248640735983905e-01
1.057348407307036275e+00
1.047288210895153560e+00
9.377848600019924596e-01
9.283538354792895131e-01
8.940475186949085051e-01
9.815850607614901024e-01
1.017853454882846620e+00
9.731181542337987711e-01
1.071071338032004272e+00
1.068512816932488896e+00
8.357625533192882816e-01
9.369230796585430454e-01
1.014474046553030195e+00
1.044809160746686283e+00
1.030405968531045824e+00
9.252331780660330018e-01
8.789590442901383804e-01
1.045467767418698068e+00
8.382844983514132764e-01
1.221528664102516926e+00
8.884112185794463823e-01
1.002479292108067410e+00
1.108041569581176056e+00
1.218092153200408090e+00
1.045168062606896875e+00
9.163264097132548525e-01
1.012669590277062159e+00
9.389916081230204048e-01
1.065170643372993498e+00
9.418742092649236008e-01
9.870987718770105612e-01
8.306749207718711059e-01
1.106636178925377578e+00
1.030138985382729633e+00
1.154171265388105105e+00
9.597325924569095612e-01
1.043584074807734074e+00
1.002118261637489960e+00
9.121605600076359011e-01
7.728207479584021655e-01
1.198901956669481184e+00
9.385101928186430076e-01
1.118078322463327279e+00
9.489666472509167283e-01
9.913442000389778297e-01
8.763706551511178944e-01
1.041946360028775276e+00
1.039312133091470525e+00
9.974180426544378975e-01
1.024992011846227680e+00
1.106898104723156306e+00
9.615580352328615410e-01
8.287498692175062631e-01
9.194938410331201517e-01
9.301681759874520505e-01
1.146873329531648888e+00
8.560075828614822635e-01
1.024568885428176923e+00
8.543074271090715932e-01
1.109408064420869477e+00
1.217680234396265604e+00
9.897290804866083480e-01
1.031324755762762724e+00
7.964507517836125761e-01
9.389931264651785181e-01
9.965102633926741227e-01
8.451616453528181250e-01
1.018181713240106978e+00
1.005923222405584738e+00
1.089054933078145382e+00
