9.934689597930841387e-01
8.720732974331033560e-01
1.028680363923048402e+00
9.619086800124089232e-01
8.670126019962195452e-01
9.015417263074494425e-01
1.001902882755410396e+00
9.688402215805103079e-01
9.923680211203097512e-01
9.289475449064320545e-01
8.639017367802102054e-01
1.046539640973238816e+00
1.026844728789675809e+00
9.225721996587943341e-01
9.773517717826323281e-01
9.745268014216033059e-01
1.152892334601943070e+00
1.098432233531268842e+00
9.849810959659974774e-01
1.158571524014896825e+00
8.433233868921011789e-01
1.079326540984693272e+00
9.587195299542801141e-01
1.053311819428190077e+00
1.054974089744132204e+00
9.259302861099902859e-01
1.070510395862714459e+00
9.180853228072137773e-01
1.017819144394019659e+00
1.036255719421931065e+00
8.956996145860279812e-01
1.019345819874498904e+00
1.006583211142316525e+00
1.028514849600377978e+00
8.576442185072237212e-01
9.080261255787906993e-01
1.129613991761161618e+00
9.396190902594985239e-01
8.503402199721961097e-01
9.565516051767836148e-01
1.084140709524186841e+00
1.180030425501749969e+00
1.186833788107984233e+00
9.594834480816885058e-01
1.023814666406846374e+00
9.619474750640115701e-01
1.137026629162547042e+00
1.063814527200345195e+00
9.725181017453135013e-01
1.157360820262958612e+00
9.291950997432436576e-01
8.561012087162247486e-01
9.273975969289335319e-01
9.125370580255385278e-01
1.029990091055366763e+00
9.225619399569234824e-01
1.030087723708077885e+00
9.916560747495415384e-01
1.024348028410856148e+00
9.443088867049531654e-01
9.787625266636958976e-01
9.653350527907169631e-01
1.045721715559438492e+00
1.220363553781849353e+00
9.209983159752270776e-01
1.170760556641434746e+00
8.995996809796940052e-01
9.847367214432782845e-01
8.792026572314218802e-01
1.127044012864298006e+00
7.963309077176945472e-01
1.159312406997751177e+00
1.115369285285978673e+00
9.927937086677243173e-01
1.085319279990321517e+00
9.034351671115390392e-01
8.695872658954109102e-01
1.056759863998511628e+00
1.009154289416426487e+00
1.020649990800030160e+00
1.061304738273025627e+00
9.390764532723123725e-01
1.111465360024372906e+00
8.581304835953953436e-01
9.666595968377081904e-01
8.577323990744565307e-01
9.377620504339734264e-01
1.051035721541859758e+00
9.192015152478711926e-01
8.842279674491293484e-01
1.046896801858903103e+00
1.099561812903892211e+00
1.184426007951612458e+00
8.335567182734173741e-01
9.149412795764877426e-01
8.537869760983050060e-01
9.647223222292882205e-01
1.105898957940059546e+00
8.694823831283623461e-01
1.041216444950742392e+00
1.073325856190209038e+00
8.011544706613502598e-01
9.468045012741479471e-01
1.094297660484216506e+00
1.064713701440022531e+00
1.035956108232481965e+00
1.070213807796215555e+00
1.072899306139718512e+00
1.077341503363169695e+00
8.866139717881367233e-01
1.001238327319778465e+00
1.129630211418570784e+00
1.033418675025302713e+00
1.033751282142158834e+00
1.035632615451756555e+00
9.463758942875313274e-01
1.059580135070498752e+00
1.091204801864659402e+00
1.038342111866611184e+00
8.820852410657900045e-01
9.925290026520562359e-01
9.725907489253984295e-01
8.774292956280782541e-01
1.124787266225337090e+00
1.121045759648830575e+00
9.337208320672953921e-01
9.698956672013825386e-01
1.160524758213506313e+00
1.173588263900643192e+00
9.460630525357609510e-01
1.119852643105409884e+00
8.059935698680755767e-01
1.033492558415684215e+00
9.915391353840588007e-01
8.624534000176715676e-01
9.013621417747790243e-01
1.164508621197688498e+00
7.769118273010369169e-01
9.946798075314715604e-01
8.477140398950789857e-01
1.068898012135765407e+00
9.618681889493874149e-01
9.136687626673052343e-01
8.310495351793816265e-01
1.073234657151424409e+00
1.097281218473419306e+00
1.012025693810854055e+00
1.097579259226002302e+00
1.059376931851053971e+00
9.766088463038495870e-01
9.269287184434713556e-01
1.016906023899439404e+00
8.913737699074890664e-01
9.630977826523294816e-01
1.033459927959194058e+00
1.028474093843113835e+00
1.094914009265971711e+00
8.503378561359576926e-01
8.745679080951139772e-01
9.858744638328837961e-01
1.009323899342713160e+00
1.190653440011455899e+00
1.124558821812879694e+00
8.742304615640044130e-01
9.923878117987774417e-01
8.912667989902047783e-01
9.131652419006588417e-01
9.693636641358663875e-01
1.132021278528578367e+00
9.743398795546214242e-01
9.233102734654889954e-01
1.026001160659188116e+00
9.981733308744606958e-01
1.015691212554095113e+00
1.064356558634186767e+00
8.225294401449697590e-01
8.867180826463552101e-01
9.578176867963319463e-01
9.892018594062597092e-01
1.117655805783350775e+00
8.080702367512769824e-01
1.131273226427478518e+00
1.007338779324121081e+00
8.976237290330217888e-01
8.274816486502316604e-01
9.647300128349246551e-01
1.079867740344137017e+00
1.177768425535395513e+00
1.066469596712191992e+00
8.491341625269601678e-01
8.679810439058324167e-01
1.026505535055521889e+00
1.051714778757708579e+00
9.794296373917634746e-01
9.627728475561170285e-01
9.780546212432470465e-01
1.015501223612560455e+00
8.871246806674534247e-01
1.086399187752689066e+00
1.139442307868777204e+00
1.122396926895813163e+00
1.047200745369750496e+00
9.879008604138838079e-01
1.061610486276245879e+00
9.619151800402332420e-01
9.079827420056567622e-01
9.823220222710210559e-01
9.897148074607122759e-01
1.096183828718035214e+00
8.616595982262482689e-01
1.093062209929105633e+00
9.314175063646200625e-01
8.153547099897870964e-01
9.397142551749031458e-01
1.153270875733097833e+00
1.131485153036047464e+00
1.094983443803680512e+00
9.945707509823459302e-01
8.557521354891938214e-01
1.068773233777700504e+00
1.016039596168646142e+00
1.065389543282739382e+00
8.767601002520546416e-01
1.176012281221640698e+00
1.011044120210032426e+00
1.031376998741125650e+00
1.118515563627830556e+00
1.039621844934688788e+00
8.504151861647512023e-01
9.258459896984545523e-01
1.122434464158877931e+00
1.042399909348980414e+00
1.057780172437972066e+00
1.146502051573242698e+00
1.032676855703221097e+00
1.111631684309153378e+00
1.103630177986588023e+00
1.079747474803215868e+00
1.004245447212193332e+00
1.024118779911833643e+00
1.088702024674975455e+00
1.144345172336000305e+00
1.064840260937661043e+00
1.165302454395705345e+00
1.053364739524012883e+00
1.021845456849439504e+00
1.139418463864017239e+00
1.096725286832264112e+00
8.221232155593201085e-01
8.842243488882819413e-01
1.010397229476728720e+00
1.017043876487476961e+00
9.601598399987474330e-01
1.059374254934130066e+00
8.961946980936164042e-01
9.566808843358511893e-01
1.124646558754951897e+00
1.126712202214135816e+00
1.170582689220056594e+00
8.681646745672275678e-01
9.202339569166415600e-01
1.006022331543009685e+00
1.076820529266785842e+00
1.111180375234058326e+00
7.891338071367981488e-01
9.251508220666890825e-01
9.556208812317872336e-01
9.252509870182537011e-01
9.883126530888540762e-01
1.031745910927988508e+00
9.018743668105527744e-01
9.829983331575752326e-01
9.180156609308669502e-01
9.399173613402733718e-01
9.127780703584325028e-01
8.695624092824136842e-01
8.209637222138173041e-01
9.126815305842184145e-01
1.189729963667158108e+00
1.049187979806097237e+00
1.074713926734482072e+00
9.627074647714296551e-01
9.675473786124439979e-01
1.022371092425994998e+00
7.750946898027371024e-01
1.146152626646038009e+00
8.238189999375581385e-01
1.045405983293306251e+00
1.149561049489467246e+00
1.051378457421034529e+00
8.436409029405844695e-01
8.845246849959838009e-01
1.012140945610967790e+00
1.137995008252791873e+00
9.515267960881386156e-01
1.170942486162925178e+00
9.162320734260633870e-01
1.149036669117643905e+00
9.593506848892386918e-01
8.874263237648796210e-01
1.156380549163850802e+00
1.080232046195520379e+00
1.011626257276352359e+00
8.968832867968005162e-01
1.188096350717645411e+00
1.145330343439719956e+00
9.856053841114758018e-01
9.900268756076511245e-01
1.085979126152657681e+00
1.039880831489235380e+00
1.029294938991706765e+00
9.202164949292720442e-01
1.005551628310572543e+00
1.053540399795544813e+00
8.924577381262956965e-01
9.216238503818909855e-01
9.726566741239226488e-01
1.036436840962023931e+00
1.134176162841173507e+00
1.062420691796830408e+00
1.062971417175119448e+00
1.067948921452642530e+00
1.118696777804570441e+00
8.853126150825947338e-01
1.055833355707735066e+00
1.063664317765851131e+00
7.908567802986266049e-01
1.117725514112978491e+00
9.544961051965702437e-01
1.080337440735454013e+00
1.104692390776084610e+00
1.061669542778120867e+00
8.584208321439862344e-01
9.215187531050943459e-01
1.005214866823051612e+00
1.061466564190846729e+00
9.951102686581863033e-01
1.012137942999458140e+00
1.111262328324797988e+00
8.952725934173278999e-01
9.783391755536661183e-01
1.178325552579100544e+00
9.469215738161265161e-01
1.153269579443152004e+00
1.070030315501343088e+00
1.198212346149465812e+00
9.808693319240400221e-01
1.107355591466532507e+00
1.008983839826707474e+00
1.175113002932778317e+00
9.578094822732118319e-01
9.178979372644433532e-01
1.035436331533561072e+00
1.186949564835695803e+00
9.751153355864116135e-01
9.918558870518660031e-01
1.019202952909090243e+00
1.081343771514741814e+00
1.045756664944191394e+00
9.197994993579451384e-01
9.830008189519234829e-01
1.218392639461960858e+00
1.090422164177147879e+00
9.152317523150518275e-01
9.600521117407765370e-01
8.373410941280532427e-01
1.046294826459978511e+00
1.052483561217049779e+00
9.460777214837129412e-01
1.030208731228559271e+00
1.061702588373716116e+00
1.145768149620444820e+00
8.244899285576630099e-01
1.152080091164398246e+00
8.885838198443355429e-01
1.025517499416424894e+00
9.036918262825267556e-01
1.173011775161098891e+00
1.028944759791458718e+00
8.075578282801376684e-01
9.063551890299601510e-01
1.057586922017511366e+00
1.119506031752685038e+00
8.765447503633632120e-01
1.006018735434766942e+00
1.064479690852952132e+00
1.138043312282468467e+00
9.230662537186398175e-01
1.011715020517674812e+00
1.091235018137447277e+00
8.809743059885326577e-01
1.224986947331681009e+00
1.073231766746940208e+00
1.104307193670214904e+00
8.761639237954745862e-01
9.763648048788430289e-01
1.009664221939249318e+00
8.138129037924278775e-01
9.425137959137519506e-01
9.254692820406624776e-01
9.649912260518417328e-01
1.071658356104074894e+00
1.053225741283316363e+00
1.046009778742440721e+00
1.022543987785016206e+00
1.091470141292000040e+00
9.119897918884305454e-01
1.049986677203587515e+00
9.411017432389769954e-01
9.012396108886089330e-01
9.087406835689975093e-01
9.340684396523049049e-01
8.945650140276435458e-01
1.057539524673707820e+00
1.061152523134080372e+00
1.077507568584624709e+00
1.108744945998233034e+00
9.620108617524275596e-01
1.002674635289209748e+00
8.079004320993420363e-01
1.203881032705737431e+00
1.052632436460839926e+00
9.717567845658008352e-01
1.030800415541661685e+00
8.672820715462690178e-01
9.742345830614760338e-01
1.139806193289842451e+00
9.973286656271296291e-01
9.275694826512426161e-01
9.702913460763266107e-01
1.178178223640728994e+00
1.073062177593492983e+00
1.016186786319089874e+00
9.445095009485244830e-01
1.019311345836145577e+00
9.347053663669765422e-01
1.020860542357331369e+00
9.040712506062098530e-01
1.056252108842246518e+00
1.079235900468358711e+00
9.567138492756792623e-01
9.834831356635919120e-01
7.761159498006255930e-01
1.149775917472473097e+00
9.182391269357260688e-01
9.904659049373059077e-01
1.019204280527615580e+00
1.128298480350927502e+00
1.071646587779971904e+00
1.197426446643083953e+00
1.029359406278350653e+00
8.759372829589289200e-01
8.986616194212100339e-01
9.333464494178337345e-01
1.131630335561730982e+00
8.426963106658504898e-01
9.595704258388860763e-01
9.402733925730804021e-01
9.886897547510169471e-01
9.962381417366894532e-01
9.295665172661242703e-01
9.000790365009923022e-01
9.522891238544763937e-01
1.042480769496289428e+00
9.790846106485383560e-01
9.506950401579847831e-01
9.869710526391789474e-01
1.017274965771857165e+00
7.825969591719100782e-01
1.005867677417461747e+00
1.064734474247116980e+00
9.017610606352273184e-01
8.091492567392832846e-01
1.101558865707343404e+00
1.113788164466964048e+00
9.750534996382955732e-01
1.128300660995367188e+00
1.005974507028483789e+00
9.004924729898429181e-01
1.101670208620005864e+00
1.148126142066315358e+00
9.497683144477184758e-01
9.986909094134603926e-01
1.128041254546577443e+00
1.112499931848042412e+00
9.780433022119765507e-01
8.737135156764799238e-01
8.936481691749065259e-01
8.790327589736084413e-01
1.003102491013873498e+00
8.957028055279738776e-01
1.042479614668637922e+00
1.010205532794221428e+00
1.135285999423593317e+00
1.040203736782264077e+00
1.173842796198372396e+00
9.457780418374241993e-01
9.764632758252953515e-01
1.042492828658845516e+00
1.072918435754370847e+00
8.934521912667658938e-01
1.137172233435829183e+00
1.127535797916068727e+00
9.806625640935691113e-01
1.132006423653094451e+00
9.530844034368832762e-01
1.037841389239674061e+00
8.742851794030759294e-01
8.598162701310858580e-01
9.801915323670246094e-01
1.017393867853695566e+00
8.642062951925102432e-01
9.359513520815976317e-01
9.532469845213192849e-01
1.148236186695174021e+00
9.003663246829243239e-01
1.091660878728714312e+00
9.920909984609805887e-01
9.849897451352038757e-01
1.084694170109670841e+00
9.780166834428664080e-01
1.090176019213817682e+00
9.833759065111643549e-01
8.794081387616392576e-01
1.086938581352920652e+00
1.085712032723993303e+00
9.064007434781335970e-01
9.832055136065968037e-01
9.938772709828922469e-01
9.608625079193719998e-01
9.578103333147892640e-01
8.847584897168596640e-01
8.856016376078457153e-01
1.077488956171040790e+00
8.508794617517254633e-01
1.209545719041184686e+00
1.210413536388364575e+00
1.154724833042971799e+00
9.993931112775777947e-01
9.789699771493526326e-01
8.823168004650426832e-01
1.082176623826992090e+00
1.137212025843940433e+00
1.038929102612088373e+00
1.238419249222358687e+00
8.493576630357387858e-01
9.699442916324014785e-01
1.165602945798136281e+00
9.165795031802452808e-01
8.912643501165939952e-01
1.025837853168712899e+00
1.046325140498970629e+00
1.159631928719355054e+00
9.029777043402646974e-01
9.249583058773955813e-01
1.155045011509796327e+00
8.731364035377140453e-01
8.691581336981919481e-01
8.056584470620191674e-01
1.042818192702687385e+00
1.134352435450290741e+00
1.015702210739907629e+00
1.034765942326753896e+00
1.123804432023291611e+00
9.355373816988060698e-01
1.143645359255817784e+00
9.102309669017112359e-01
