1.016304429447042246e+00
9.069935805907698434e-01
9.863446194185909732e-01
9.205866495124249704e-01
8.644560337424515017e-01
8.965663383547717302e-01
9.659728332970769493e-01
1.119843389682825041e+00
8.840033237223487994e-01
9.966407024759571520e-01
1.045773150354426750e+00
1.101542404469806335e+00
1.066404308608738027e+00
8.694526350133821024e-01
9.494537936220746044e-01
9.202802779414072099e-01
9.282846324278086758e-01
1.151621671593681340e+00
1.139240740400214946e+00
1.056507503266246095e+00
9.027089476692451431e-01
9.300169751001985396e-01
9.452352031906683383e-01
1.030387510260137640e+00
8.516405887547551234e-01
9.053010358075385122e-01
1.050696628521669895e+00
9.163794464027967823e-01
9.467256294735199029e-01
1.008185993844597395e+00
1.038733152885585209e+00
1.057907499023726938e+00
9.503201097018582066e-01
1.098330290960652267e+00
1.143491782498565756e+00
8.428955756805096566e-01
9.139468207762941887e-01
1.160661569480990529e+00
1.117305062416939387e+00
1.023094988333751232e+00
1.120887563269706177e+00
1.051239551351299761e+00
9.265217295552971022e-01
1.041567649866718126e+00
1.130582179213945659e+00
1.021622503379258307e+00
1.127504254553690854e+00
1.168799467041456985e+00
9.438501033447326272e-01
1.130979151755254097e+00
1.004248120692323054e+00
8.772270828544286303e-01
1.092919821372251743e+00
9.809061783698629355e-01
1.170330530222566612e+00
1.136421167156569600e+00
9.318851303380293327e-01
1.059455678290077474e+00
9.371140680059866224e-01
8.586861701391306223e-01
1.020282052543008300e+00
1.071103158214147477e+00
8.527800616353641283e-01
1.004262162005007397e+00
1.196711379829960231e+00
9.453761232804820391e-01
9.731166090618639242e-01
1.027913342903378657e+00
1.073505630413188250e+00
1.105054598687817968e+00
9.381036393402018003e-01
9.470350892992315250e-01
9.443188558250699138e-01
1.002402401629264528e+00
9.702095730815429864e-01
9.568922277458301595e-01
9.349209448524619104e-01
1.093289559126672472e+00
9.647563877593894333e-01
1.048968217438822181e+00
9.249018734128957586e-01
1.066003527945744045e+00
1.018972712761865074e+00
9.671300789063583814e-01
1.133486758111599491e+00
8.717009218468172449e-01
8.879920482189918030e-01
9.625388119237830997e-01
1.134138527108708105e+00
1.104121110561350427e+00
7.854445640862264266e-01
9.766947377903792971e-01
1.053540348435779483e+00
1.070518541755664632e+00
9.573448442575591688e-01
1.053438832225292554e+00
9.479375209078966247e-01
9.815110015867800630e-01
1.110025325953228892e+00
8.515912569970729429e-01
1.041723126977674108e+00
1.023860311447770677e+00
9.729374949467806122e-01
1.164848279069285564e+00
1.087110538117137759e+00
8.499699433948352256e-01
1.059762536341213757e+00
9.422318999760499469e-01
1.045922737906492817e+00
1.105908277582109189e+00
1.209791418773816796e+00
7.890931313029609928e-01
9.844891120956451580e-01
1.161110053104472239e+00
1.034041492262743001e+00
9.036725916261164615e-01
1.016112140622037696e+00
1.068739512479283116e+00
8.712473179238552357e-01
1.020121160961751539e+00
8.251149697763948687e-01
1.005625629043649383e+00
1.074153759447856071e+00
1.122221319656526717e+00
1.001400052697867693e+00
1.023482700961561687e+00
9.224030401952934000e-01
1.159861296899580285e+00
1.164940363088876163e+00
1.178242184243891932e+00
1.106672717906996395e+00
9.596587800789888600e-01
9.250291541023387687e-01
9.525405004726060776e-01
1.166005666181463507e+00
1.130153125494926192e+00
1.093223085269328321e+00
1.179463897293115737e+00
8.708065017338068037e-01
1.083979795646043964e+00
8.831404960545715666e-01
8.848408432023695536e-01
9.994748162164652783e-01
1.097877101072981754e+00
1.035194287316687722e+00
9.800147938317531615e-01
1.023820198022783901e+00
1.047017564611315121e+00
9.465029130157289750e-01
1.038507810113318275e+00
9.073241619923861911e-01
9.744245379349503189e-01
8.256063964796374055e-01
9.348779090140320047e-01
8.886158888070192496e-01
1.127339220764914884e+00
1.095482924087160415e+00
1.001619009971936647e+00
1.023833125466194094e+00
1.032653543719933342e+00
8.983570794623303435e-01
1.036581425235847176e+00
9.980452041207789060e-01
9.556003310870744283e-01
9.141617206978747134e-01
9.043662931874304478e-01
1.121014965168329436e+00
9.161318930015198703e-01
9.391244112047727466e-01
8.197104460118740388e-01
1.169758705266990884e+00
9.569515190344766165e-01
1.001413351078960012e+00
8.932468477255141037e-01
9.461206454252431008e-01
1.113226101823483916e+00
8.149420832465587017e-01
9.624995161870966154e-01
9.862421118864002079e-01
1.166084313773037007e+00
1.192424838899766470e+00
1.094637429054482247e+00
1.092985230126073848e+00
9.102121308826482959e-01
8.647030790484937501e-01
8.920783375285867844e-01
9.691026437990919451e-01
1.115077984405969946e+00
1.033691853963855101e+00
9.741051214155542759e-01
9.862793255860033970e-01
1.062944024537237686e+00
9.254817643388899562e-01
9.881132700079758857e-01
1.239963793345324916e+00
1.057355116588269084e+00
8.966444844163523609e-01
8.658114898949036409e-01
1.198312668234441380e+00
1.025557129809135049e+00
1.046006389292364780e+00
1.144195261640017725e+00
9.859814259851167328e-01
8.281482077259739727e-01
8.744735313711183844e-01
1.009626177000598313e+00
8.965762831910961683e-01
1.034140739701360889e+00
9.530715715740498695e-01
9.650884946030462430e-01
1.131326416528343870e+00
1.167177775370069392e+00
1.182142118164176692e+00
8.775950379474943830e-01
9.256797393063780355e-01
9.940217272216689270e-01
8.215760047529705457e-01
1.048125875945353780e+00
9.358504786430928979e-01
8.068328920334870702e-01
1.129855574262903950e+00
1.035487232165904103e+00
9.325125837674426155e-01
1.062015316906072870e+00
8.693599869119139623e-01
1.123874933452714275e+00
1.059569682985626038e+00
9.871435497710200346e-01
8.895385039232497348e-01
1.001971895933137846e+00
1.011091707890689584e+00
9.852568352437658383e-01
8.273696755743658038e-01
1.066681046415747902e+00
1.076677422450792232e+00
1.135808049290156108e+00
9.873493617786499588e-01
9.045061440166375366e-01
9.413632043741040345e-01
1.113941121826947711e+00
9.289105500746042132e-01
1.048447730669322286e+00
9.645633017054736635e-01
1.090723379073939681e+00
1.007884313080386951e+00
8.303029055898782929e-01
1.070852025042135613e+00
1.102837894890617010e+00
1.173246914133237340e+00
9.202323725033243473e-01
9.177875036226288419e-01
1.117177493130103283e+00
8.087269777591794551e-01
1.011884246334264992e+00
8.999702645553562252e-01
1.146827640633876655e+00
9.330683737609495321e-01
1.124051616079356108e+00
1.073218282620677311e+00
8.885723715738403916e-01
1.057038877355118478e+00
1.050395909086050850e+00
8.580510081813992329e-01
1.095847238141700375e+00
1.014886815649119756e+00
1.085367902877242496e+00
9.412489411252548122e-01
9.099166457973710820e-01
9.383269915526647464e-01
1.060958983947549061e+00
1.043158277839713932e+00
9.632856028674627868e-01
1.037293329868248071e+00
1.107990777501860480e+00
9.213942583768945926e-01
8.107093362933168734e-01
9.400559472951288686e-01
8.314729045646744865e-01
8.310644185648288218e-01
8.573382863932299536e-01
9.671109104500702491e-01
1.034237953291368139e+00
1.089206041551467941e+00
1.159953423599846545e+00
8.992099097540569019e-01
1.061067325929106797e+00
9.680375568836030453e-01
9.401868190680693349e-01
1.001958323431818565e+00
9.685462658661003754e-01
8.026042584172419225e-01
8.812766455275701238e-01
1.080019842824982534e+00
1.029959319951216479e+00
8.565945365841384218e-01
1.112029546003012515e+00
9.652825351455837088e-01
8.662871702632299886e-01
1.074007105465158096e+00
1.048234074252974324e+00
1.043774951171096310e+00
1.072792770372910320e+00
1.014731590882370416e+00
8.739196996647189408e-01
1.106872504633849008e+00
8.968849760148227546e-01
1.112783538376374226e+00
9.887960575322590762e-01
1.110573492420123598e+00
1.099887626858903511e+00
1.158337518265064592e+00
1.054469567047421785e+00
1.061794988089537428e+00
1.049225851919553865e+00
9.211738189540685795e-01
9.303169414941427906e-01
1.094573781328205042e+00
9.454349735906671937e-01
1.103921009380016915e+00
9.313940874108278534e-01
1.046029610159841194e+00
1.158768487243904133e+00
1.006530906601049047e+00
8.591100510724838379e-01
9.903987386409623950e-01
9.838958783304788680e-01
1.144841076211245534e+00
9.421995056022454129e-01
9.191583068119512090e-01
1.139269575615659669e+00
8.705302173875233418e-01
1.148775490719584180e+00
8.063741990696314810e-01
8.905546687295782249e-01
9.145022419784242240e-01
1.062257575584103719e+00
8.942022697592810765e-01
9.461303077058562661e-01
9.132278570248879568e-01
1.082468478259061229e+00
1.045261108386805970e+00
1.008939258559501395e+00
1.156148743605758922e+00
8.701651377129160370e-01
8.375773054191033573e-01
1.145071059863391083e+00
9.418667698260991816e-01
8.003673016380266070e-01
1.234699080624448442e+00
1.032906371393646383e+00
8.438737190291676349e-01
9.492586743041631081e-01
9.786896394643231911e-01
9.128856089617010117e-01
1.110606425272655295e+00
1.033724791550783673e+00
1.034068397640524717e+00
9.551616422570946563e-01
9.160215183153948004e-01
9.905269054019782970e-01
9.728590956582314764e-01
1.230748095298856315e+00
9.224180777474699777e-01
8.392706126082338791e-01
9.651947480742770757e-01
1.089813184894757425e+00
1.122311784152236758e+00
1.163418068887316803e+00
8.460916784547557468e-01
1.081632962155478772e+00
9.144151236675492900e-01
8.633524548272744070e-01
1.014952491426506231e+00
1.192314256792161631e+00
1.198580390591422962e+00
1.008402765856138084e+00
8.556808076704258692e-01
1.007641842639299457e+00
9.740539278415518698e-01
8.763522834137127404e-01
1.024496504626275284e+00
1.067987472982559805e+00
9.615386030804955464e-01
1.169602636529378570e+00
9.929534817903172828e-01
1.126525150186947766e+00
1.113487071812362839e+00
9.801124088951922442e-01
1.026749562850566733e+00
1.124877103860583372e+00
1.218970094223125411e+00
9.888100127383420146e-01
1.147579926342495282e+00
8.533195824169016452e-01
9.487374369922337847e-01
1.016361134228436214e+00
9.690626050014234938e-01
1.162229546226434707e+00
1.029410739203182601e+00
1.092881672672708193e+00
1.023135140321414838e+00
1.008417470103039060e+00
9.554724996701566830e-01
1.003313581168441493e+00
9.536754194385828054e-01
8.625084716693973697e-01
1.017784263549150081e+00
1.104715301499827440e+00
1.047857881869719066e+00
8.343552269705690749e-01
9.603377277613118768e-01
9.346365625240224961e-01
1.065577964516739362e+00
1.036437892736008948e+00
8.981033029860037153e-01
1.014114561427044148e+00
1.079774556303366051e+00
9.481390159451372757e-01
1.178360984933315425e+00
1.130808667648774968e+00
9.542176100312482756e-01
1.114435769251036490e+00
8.714498324575916666e-01
9.109440493328149202e-01
1.068114930441834254e+00
1.006884331479733108e+00
9.925789268370757146e-01
9.644190082767734040e-01
1.169572202271672134e+00
9.325636487072421765e-01
7.828563723732557822e-01
9.781304748340974298e-01
9.447172534504467700e-01
8.824110016313715388e-01
1.145826651201240498e+00
1.129085097580688313e+00
8.873579072884824059e-01
9.643869776691118556e-01
9.948435565379736278e-01
9.667927681967696252e-01
1.156293611287330991e+00
1.041772334857811177e+00
1.106201221316412298e+00
1.091787825372889209e+00
1.025707635036929632e+00
1.111176670282454815e+00
1.178830292862061313e+00
1.013202935717491426e+00
1.140944518414179987e+00
1.103196411662076493e+00
9.563629797272246158e-01
1.100779835579538402e+00
1.133024910827432397e+00
1.075379152695632445e+00
9.701542790914282621e-01
8.985557635868206550e-01
8.647488846441938604e-01
1.076279601602148972e+00
9.338783044276224299e-01
1.122150607381577014e+00
9.151205165837597022e-01
1.052344260670834641e+00
9.276107944513340975e-01
1.129365846002737150e+00
1.150452891386654519e+00
9.974231702214159112e-01
1.039319969229551166e+00
1.159374948362103419e+00
9.119409401139075833e-01
9.708136107256690739e-01
1.117408294737147534e+00
1.057086156727077286e+00
1.010843542583551358e+00
9.460320717160606296e-01
8.835670318859594197e-01
9.185196923973062422e-01
1.126894061106319178e+00
1.156293919183200458e+00
9.106046562796686894e-01
1.086940799620047526e+00
1.088829101521201936e+00
8.892683566924552974e-01
9.184801724948330470e-01
9.448403503482485366e-01
9.234709305150679004e-01
8.718516963686253618e-01
9.588596071959679668e-01
8.673424186318349216e-01
9.718799339959669492e-01
1.001222193560309837e+00
8.972606148763266898e-01
1.049285972533380740e+00
9.955302008745918751e-01
1.092403778933062286e+00
1.087695187053242751e+00
1.120087151817437121e+00
9.153570320777506542e-01
9.873527883218284895e-01
1.124969896543218439e+00
7.823899714549158446e-01
9.860765091601435550e-01
1.189904980690832170e+00
1.175538024572639673e+00
9.508801263545829663e-01
1.117659249520669196e+00
9.969701350482402802e-01
1.032629488313943078e+00
9.330877007005813351e-01
9.464833885207583064e-01
1.027852240183613430e+00
9.434670834451912569e-01
1.168247043210649760e+00
9.629407809563244047e-01
1.187341450568268231e+00
1.017617680354456322e+00
8.112282429893460378e-01
8.360012596740151736e-01
9.148711505211272188e-01
8.791201888029296363e-01
9.956482472903436243e-01
1.184487638928683584e+00
1.091138355407394789e+00
1.063401410583516338e+00
1.169015581302810025e+00
1.070563777136366523e+00
7.746987091155140837e-01
1.008358412716739760e+00
8.032613053337408493e-01
8.168602134161129236e-01
9.557769938376974306e-01
1.009842211357404818e+00
8.600208695934827841e-01
9.182223027551019712e-01
1.122640685824842555e+00
1.178973160606002768e+00
1.057447182942364394e+00
1.097237332452989600e+00
1.059872864728145681e+00
1.113233113058450074e+00
9.890380158034457470e-01
9.528746542419953558e-01
1.039520548024997826e+00
1.018348570969034750e+00
9.595877712079396993e-01
1.001398862349953900e+00
9.058605282059377650e-01
1.062884679971137780e+00
1.073881764153955309e+00
1.208041500778420652e+00
9.479542694868110519e-01
9.770305118729398774e-01
9.996515396911711537e-01
1.075849645324859827e+00
1.154390185375561595e+00
1.108661846374291216e+00
9.898961296767980755e-01
8.460674063121147448e-01
1.072957005834262789e+00
1.006205587284612069e+00
8.301215612415018263e-01
1.092090797237098787e+00
9.453243846587985333e-01
7.862304566072504386e-01
1.224927558399501182e+00
8.103513036964025140e-01
1.046972174459154692e+00
8.433067727034669891e-01
