7.928885905945387558e-01
1.070875574284689380e+00
8.171334101912762771e-01
1.132310773825842221e+00
9.641412442988854803e-01
9.994613246816637098e-01
8.021620797540559566e-01
9.487504780945039684e-01
1.007250785508258195e+00
8.593590528955752372e-01
9.693530735787874164e-01
1.199068710010132044e+00
8.783953583149959332e-01
1.129444327334486964e+00
1.116993876091018745e+00
1.161840443000634160e+00
8.314999144733344894e-01
1.051750065160086844e+00
9.940292449012142484e-01
9.788342356045568460e-01
1.090675790102873854e+00
1.155128432797053906e+00
9.103790652771402980e-01
8.326522987495474926e-01
9.101395205100778485e-01
9.646306012403431662e-01
1.152140214519543404e+00
8.947799200609045656e-01
9.201904802319870180e-01
1.033872223715885275e+00
1.075425747824728662e+00
8.629781617882191780e-01
1.174980765879156674e+00
1.098633567839196967e+00
1.095504992877444295e+00
1.033774609862760041e+00
9.391930815841738056e-01
9.148365324824262457e-01
9.189011424220931978e-01
9.521846579475914396e-01
9.114773703772669489e-01
9.603210035381972709e-01
9.124738371861302877e-01
9.137184867737335736e-01
7.960381210739020386e-01
9.098445303618276636e-01
9.806142575625665936e-01
1.134584950612536725e+00
9.987837807356669817e-01
8.580216544495831155e-01
1.023180542514004143e+00
1.068463175256612274e+00
9.586122692550340663e-01
1.121272182465824496e+00
9.364929493374367642e-01
1.030933518595151366e+00
9.798744581539162724e-01
9.336191669302280616e-01
1.104277081463753474e+00
1.099150650532127349e+00
8.912898503563231323e-01
1.138678737969182730e+00
1.051796528845456713e+00
1.013945754635064533e+00
1.082217006464235354e+00
1.211247983695244557e+00
1.027300017556015632e+00
1.066932534742727645e+00
1.021132564310164748e+00
1.193538149852052088e+00
9.695070954282432041e-01
9.838478052821026942e-01
9.522932221460886915e-01
1.011813719163233927e+00
8.462362374016885180e-01
8.818789460633816857e-01
8.515641280283872128e-01
1.066083423709454969e+00
1.007828927616259751e+00
1.083217577714167490e+00
9.126930516917259872e-01
1.056760431771736508e+00
1.000162649174114460e+00
9.396194461025410005e-01
1.038937456195179410e+00
8.833163258591338884e-01
9.358710757979575856e-01
8.614311913617369587e-01
9.331634184441641722e-01
1.100699739457088322e+00
9.548054963306281673e-01
9.649078288504475687e-01
1.101440942826092728e+00
1.073251833271662958e+00
1.023028159050103136e+00
1.201256230739220721e+00
9.549424448922751996e-01
8.184508580789833232e-01
9.169343985946303288e-01
8.631173425592080228e-01
9.058987935703837202e-01
8.712989260612011844e-01
1.017560522362007891e+00
9.107044402934827421e-01
1.017102904581071776e+00
9.820932716159335163e-01
9.801708128731401182e-01
9.445174591931690955e-01
8.549743372471081404e-01
9.831619840217565853e-01
8.660555238040841264e-01
1.144320587720825122e+00
9.980488680331227602e-01
9.394103510917861666e-01
9.063423894402895531e-01
1.160702013946138589e+00
1.036731280628511609e+00
9.840670379590815697e-01
1.008021406837719347e+00
9.438993306472329703e-01
1.018972445162163565e+00
1.019970355672595197e+00
9.150768876376980110e-01
1.153062747622947137e+00
8.858575986891927823e-01
1.019275571727642493e+00
9.960514016948420757e-01
9.067296689500354834e-01
1.197647273419428782e+00
1.034879485353748407e+00
9.110277292823326656e-01
1.069931289172652678e+00
1.084199953867289734e+00
1.083959879839379692e+00
1.109081227164748551e+00
1.141097193681250843e+00
8.393066800143083039e-01
9.440306049685718293e-01
7.734478353435922937e-01
9.043934906875488178e-01
9.008406938164352784e-01
1.061810534476808066e+00
1.081004097089788729e+00
1.164127460137987624e+00
8.661425753085016943e-01
1.202974171984025897e+00
8.602562710487752229e-01
9.104374203359802964e-01
8.511912267311516622e-01
1.024548500060413314e+00
1.062419617059688015e+00
8.884623745570278119e-01
1.112654069671134005e+00
8.869747957106068892e-01
9.560353142827764383e-01
1.038970145080718499e+00
9.906889070613691395e-01
1.111139626289567195e+00
9.396476135381984784e-01
9.517191988710562711e-01
1.137622305360052266e+00
1.203495068825161773e+00
9.423580385733747455e-01
1.039024081654285725e+00
8.905877232983494540e-01
8.754134340625144839e-01
1.030321631071479116e+00
1.171227389788439099e+00
9.413206555278663679e-01
9.643914398427440027e-01
1.148587454025208121e+00
1.014134219745663756e+00
1.061636009952938053e+00
9.098943139841060290e-01
1.147655919307507322e+00
8.519232061221062580e-01
1.162902533039843034e+00
1.182419706577417795e+00
9.829331702298580442e-01
1.099394100778662731e+00
9.065234785360433145e-01
9.633134585857943133e-01
9.777384305424063893e-01
1.047566574802609063e+00
8.592058240263535929e-01
1.052628260873069710e+00
8.854638138092558730e-01
9.444751203838013254e-01
1.137801336912617201e+00
8.687898698601284053e-01
1.102845099519240701e+00
1.130317177525590910e+00
1.003789320375036542e+00
1.006578688836424984e+00
8.910279547201882533e-01
1.109157789695058849e+00
9.532883680730657172e-01
1.105020361945023177e+00
8.426276301896500343e-01
1.174329073963126691e+00
8.936443194024621395e-01
1.073686005002035149e+00
9.780528616964906385e-01
1.191522704788786191e+00
1.046387648844514739e+00
9.254090474201270844e-01
1.180095660818176295e+00
9.365803910520267284e-01
1.028371223698187453e+00
1.109909646754299928e+00
1.142321814047402961e+00
1.153625032396615513e+00
9.147834777876562296e-01
1.100967989322327867e+00
1.025377586561625254e+00
9.285518800390165639e-01
1.077434756743072430e+00
1.134736604459887888e+00
8.883390304751072053e-01
8.335630828222875266e-01
1.007022990879179902e+00
9.944874480161021157e-01
1.009291459920145240e+00
1.085478986784970346e+00
1.131274305270533409e+00
9.891751442308974740e-01
9.714498839873462188e-01
1.048113857667005711e+00
1.183726937388058786e+00
9.689210257076765753e-01
9.708225597796406037e-01
1.031608507502066896e+00
9.231922836691639489e-01
9.858186765892504866e-01
8.813105539524329624e-01
8.723105702866735811e-01
1.128022655186154521e+00
1.165897567229474463e+00
1.068053870468333555e+00
9.655959116190631075e-01
1.193558096570796367e+00
1.114334393213280539e+00
1.219804782172040580e+00
1.109711620205475313e+00
9.898381094342539877e-01
9.564192860744116231e-01
1.076115729897087814e+00
1.098507044905513652e+00
8.550326263472926014e-01
1.138081369933629183e+00
9.338542488256256213e-01
9.368117415802104109e-01
8.934327513065454252e-01
9.486703055816387842e-01
8.240840537267405397e-01
1.162817004204721894e+00
1.055686948686474613e+00
1.195705180222189412e+00
1.101660519206212774e+00
1.159907820666460809e+00
8.900964316122889075e-01
1.167775732085139406e+00
8.881847404621483477e-01
9.131591835691519332e-01
1.075842117555448008e+00
1.063464541802349173e+00
1.152327903106878049e+00
8.934397174336106140e-01
9.315030250727808214e-01
8.733989515885324240e-01
8.928359308981681508e-01
1.137446851287005067e+00
1.203176352739209420e+00
1.023417249944337026e+00
9.533935156930590793e-01
1.141144304351828787e+00
9.338857066334542711e-01
1.164056502220235378e+00
1.121987372687903717e+00
1.034158626903314504e+00
1.076899001714694659e+00
8.855456394458295355e-01
1.086850223672317872e+00
9.456033059931526763e-01
8.885599590341084486e-01
1.153799745757207340e+00
1.077974525167149977e+00
9.062672459150158399e-01
1.116021014037888337e+00
1.144816993669707017e+00
1.126354834021174867e+00
1.070225956676371659e+00
1.079525428399572773e+00
9.710728077128603086e-01
1.027971843429367649e+00
9.428215299864388665e-01
9.219558131153946512e-01
8.473450878079009652e-01
9.418444600730602190e-01
9.741852934859789315e-01
9.611913711463765386e-01
8.092480751842017206e-01
1.137728680695632599e+00
8.026552880712560789e-01
9.714555272744485048e-01
1.156303631675513310e+00
9.868730323624328449e-01
1.018024654914409188e+00
9.774206837180970942e-01
1.184435638760524823e+00
1.062908215688795455e+00
7.993978444585723153e-01
1.106540141807983879e+00
8.260427101748499812e-01
9.442223910168749956e-01
1.182851720977305510e+00
9.066106315416639916e-01
9.390358958504767539e-01
1.038421819773615917e+00
9.631008014862011413e-01
1.088888338075544082e+00
8.943451947440002048e-01
8.703868584410191511e-01
8.595432692760799354e-01
1.051000463908034144e+00
8.787706667365859925e-01
1.028235601357348150e+00
1.012917474772763615e+00
1.004792091182510116e+00
9.343730217425443296e-01
1.028939159552636262e+00
1.045166157448030209e+00
1.205069637189449594e+00
9.159743755118376907e-01
1.059205189773589240e+00
8.485582507283847553e-01
9.180779610810430036e-01
9.998228930624253330e-01
9.271213875411286054e-01
9.875866921878889704e-01
9.435130149044240744e-01
1.128079183385875872e+00
1.170975878819903837e+00
1.105858331554556706e+00
9.876301125658576430e-01
1.184578532762456726e+00
1.169462100943319260e+00
9.073341953769263890e-01
1.121173589615217736e+00
8.467861582186220204e-01
9.179118429351449393e-01
9.885515965801812133e-01
9.368638692560695702e-01
9.369038123625534897e-01
1.084984129834712707e+00
9.192786689423795288e-01
1.101031545845474913e+00
9.590742240254588324e-01
9.881443734672332724e-01
1.032971491409418796e+00
9.327502730855615765e-01
9.873586677199737149e-01
9.327362010116778679e-01
1.086441434306716136e+00
9.005153105445327100e-01
9.983015998539563896e-01
1.070637759646160925e+00
1.076065045306911161e+00
9.042568755012351245e-01
1.040767592493510252e+00
8.348660985301856741e-01
1.128149413207113039e+00
1.160924442497613951e+00
1.110385832827822439e+00
8.583096331036437210e-01
1.129102980309791171e+00
8.032752502837701147e-01
1.062837964099013321e+00
1.009488555453837533e+00
1.065422191861142398e+00
1.082547327404215665e+00
8.205808087467789669e-01
9.335001672271401318e-01
9.562155072490885477e-01
1.090920484826518599e+00
8.844300760982997112e-01
9.176905769916759992e-01
9.220671406007383553e-01
1.107986312901866333e+00
1.099269502294282219e+00
9.642633903473396551e-01
1.121972317132831520e+00
8.068272931198223752e-01
9.282179737578326595e-01
9.524267931209493554e-01
9.297568224073908816e-01
1.121401990752134203e+00
9.780192277983126292e-01
1.018215166991940368e+00
9.403093984218325874e-01
9.160708978445730732e-01
8.901033370559688906e-01
1.075845165176270823e+00
8.419192119213556591e-01
8.461827402647098539e-01
1.073945763671620979e+00
1.012801283128013985e+00
1.128194672744310623e+00
1.007662237071786704e+00
1.074633508510673296e+00
1.055214488991859323e+00
9.080944787483873348e-01
1.081969435878796792e+00
1.005313169993425237e+00
1.153073985036266569e+00
9.533191066579007611e-01
8.924239998423728615e-01
1.093210278683224734e+00
1.029199256054388112e+00
9.841071356105195456e-01
1.011589146918659088e+00
1.016569614150862444e+00
1.136765769325176478e+00
8.852123431543601484e-01
8.855489253831774210e-01
1.064501386572611619e+00
1.136229090501151395e+00
1.024711053760291479e+00
9.714246289500498843e-01
8.795991954591172446e-01
1.031717193767241803e+00
8.053500496740237935e-01
9.945904101714251322e-01
8.305797220303234862e-01
8.422232546975445544e-01
8.375689635440793923e-01
1.082716063996771449e+00
1.161628611744151218e+00
8.810753000215889585e-01
1.150039809858151463e+00
1.014658944153504105e+00
1.170973233255407031e+00
1.011140660315823059e+00
1.071236802013618039e+00
8.336080083372483518e-01
1.050370227375261312e+00
8.562539087069171995e-01
1.071798727061891832e+00
1.128186465728237664e+00
1.105340895419136382e+00
9.616062164562115822e-01
9.014441702275985957e-01
1.065395842127173864e+00
1.065458339125614273e+00
9.666717650114078353e-01
9.712922206317451401e-01
1.042810252131112447e+00
8.426797437704927063e-01
1.181394317057634646e+00
1.023835354183736612e+00
1.067535845770435809e+00
9.070693711489796751e-01
9.597903561874616685e-01
1.067299810927392567e+00
1.111942311643155712e+00
1.095677308760684365e+00
8.977132068289130906e-01
9.483482456360232682e-01
1.168945998662290320e+00
1.104492087335115391e+00
1.014436487403134857e+00
1.092141183786942138e+00
9.458469750084448346e-01
1.122259672289502186e+00
9.893944812384373177e-01
9.610862803607536087e-01
9.767088423049710144e-01
9.409356940765403188e-01
1.030563451346317549e+00
8.223139428274881535e-01
9.386496097996481769e-01
1.088141765103353142e+00
8.595655593173330278e-01
9.823335393180983033e-01
8.584755576192548698e-01
9.511268677335042998e-01
1.117603630147825156e+00
1.106193304183824555e+00
9.861071081296244323e-01
8.957888691402158265e-01
1.051109684220094875e+00
1.021971986387368858e+00
1.060772851209381473e+00
8.548371520596970141e-01
8.999402043339610469e-01
9.221160784203548122e-01
1.008526477256612264e+00
8.471907526178727998e-01
1.040939656711239447e+00
1.041896344988420431e+00
9.923492953352044399e-01
1.117650864259094989e+00
1.059557523112582444e+00
1.085662717855113035e+00
1.007636620033626640e+00
9.217291697281511098e-01
8.897546417920785267e-01
9.479654875163652239e-01
9.940727213053446309e-01
9.567772684430996266e-01
1.047481138992102823e+00
1.001270094922355192e+00
8.985573479487867221e-01
9.427865803454728022e-01
8.719836601605980286e-01
8.342280968003638053e-01
8.114160240984503725e-01
1.008014475860428139e+00
1.152467571268113611e+00
9.152754919541070677e-01
1.109609729793089583e+00
1.051822784179559545e+00
1.134202398306489501e+00
1.110830593941167566e+00
1.027256076504601268e+00
1.023270409941930303e+00
1.134693285588258771e+00
9.281059475450992302e-01
9.928882663364689831e-01
9.251529447295397945e-01
1.192146264449906123e+00
1.010552398520807582e+00
1.118723170361060282e+00
9.087261101634362959e-01
9.560335697133142130e-01
9.089072556906968581e-01
1.076767068771109281e+00
9.645473140560109071e-01
1.153602020525477334e+00
1.021822945973742902e+00
1.111639055022000777e+00
8.483165807462333952e-01
1.000974761309891159e+00
1.106275634302938959e+00
1.057153083405888427e+00
1.044963074169411366e+00
1.033343202113689241e+00
1.070961815884978074e+00
9.763502626914339899e-01
9.232026557600576666e-01
1.130028878541693205e+00
1.046869801646830078e+00
1.047315090462356491e+00
1.085234478197289132e+00
1.045936934520810491e+00
1.062960023945784815e+00
1.086235835859503007e+00
1.002618825340101383e+00
1.037041512876555771e+00
8.986478323910586097e-01
9.002380316224646295e-01
8.844759925777863074e-01
1.032887453943729605e+00
8.125110523301122267e-01
1.007497280174291410e+00
1.055888955523453632e+00
1.195299864756724340e+00
