1.084938668226172798e+00
9.386749470168105347e-01
8.399463501364130558e-01
8.097353682323200630e-01
1.055826105219995092e+00
1.191023369522832498e+00
1.065950503289387008e+00
9.171252574711483696e-01
1.175833416143555299e+00
9.281608076410312602e-01
1.004191456915191072e+00
1.087780383078061242e+00
1.152321940295951030e+00
1.069698143400796386e+00
1.163626042661924709e+00
1.043612519647958425e+00
1.225497562455475586e+00
1.000420349068793735e+00
8.911644060188004257e-01
9.090178242318336377e-01
8.343844416866037506e-01
1.032816463361286186e+00
7.957336118007107828e-01
1.011535667401370908e+00
1.182179807388263670e+00
9.218789882263795921e-01
1.007554406653236256e+00
1.014591710847003725e+00
1.102390944013060370e+00
8.145897581025693945e-01
9.848837240534548121e-01
9.951737840327785634e-01
1.045715884609608848e+00
8.084942990603951607e-01
9.556078672518935058e-01
1.074582242902468732e+00
9.690140189039966323e-01
1.066848932306107667e+00
1.093554249497205477e+00
9.899052696431276388e-01
1.055502042453006384e+00
1.092505832023902279e+00
9.077311719196593520e-01
1.035032652100488670e+00
8.975379727225279991e-01
1.058785092794109595e+00
9.957555972135424538e-01
9.612640595658139553e-01
9.276713622533461212e-01
1.020346791930321517e+00
1.084267821977010771e+00
9.006218472546898557e-01
9.605915449589270683e-01
1.158351543714262410e+00
1.045180570316393887e+00
1.010403121421126205e+00
9.106453257756896846e-01
9.159969306283645141e-01
9.710944923839780474e-01
8.790005102605118470e-01
1.054834271004707835e+00
1.041430383346655386e+00
8.148340071520854266e-01
9.836606173489901295e-01
1.148266683782158459e+00
1.017911719086051603e+00
8.902473829859122167e-01
1.011629589431988885e+00
9.003598776437105045e-01
9.420987927102753012e-01
1.070062079339617611e+00
8.570789095040227679e-01
8.276666329127383426e-01
8.982670817178723954e-01
9.465775888766039259e-01
1.094135618499076923e+00
1.054774796974928153e+00
9.411001866720442033e-01
8.650798854759820244e-01
1.006982413930518794e+00
8.851445157580910550e-01
9.533111101569066159e-01
9.115303306246709258e-01
1.186165314138925231e+00
1.069889719977572096e+00
8.619964046202956975e-01
1.081514870648381255e+00
9.207848749040398184e-01
1.196796703577455157e+00
8.213964429884385021e-01
9.127270608247346484e-01
1.214340046301228826e+00
8.770085429489771212e-01
1.053174239893972297e+00
9.147287295901136428e-01
8.931546878485352448e-01
9.718438890399290209e-01
9.493581727788173996e-01
1.036619971182537459e+00
1.117740881889142335e+00
9.185145887751888782e-01
9.073144216596871203e-01
9.443208679742159939e-01
1.037860511770779315e+00
8.861915509962723370e-01
9.643790008281051263e-01
9.385327067409752200e-01
1.029358264458890782e+00
1.084264270935587859e+00
1.175460787016718855e+00
1.058868661053394833e+00
1.129884471876794860e+00
1.079790699962475786e+00
9.416165297110290489e-01
9.303667396795964883e-01
9.078638134920948843e-01
1.002353137412616224e+00
7.910009016191448250e-01
1.087385332166651564e+00
1.004234618087679998e+00
8.210077524168699625e-01
1.039188841756985227e+00
9.961483692035397741e-01
1.104912915409126395e+00
1.015616089905063246e+00
1.105416693601483757e+00
9.053810084035618377e-01
9.943269785301683816e-01
9.401097980741874860e-01
8.250104807187306211e-01
1.120197631783874659e+00
9.732292719409088022e-01
1.040466835250086985e+00
1.057969999781815718e+00
9.357865938926629434e-01
1.026898315219295865e+00
7.959723753282874625e-01
1.020993521746704547e+00
9.474296643105422078e-01
1.188570922718003464e+00
1.092952953291370655e+00
9.095672014136473305e-01
1.079947896590485401e+00
1.017789103691779884e+00
9.487880679147300267e-01
9.158626558241300675e-01
1.002684529552282378e+00
9.962653461513220066e-01
1.128566019396909370e+00
1.153616592865361445e+00
1.061755242269139199e+00
1.153755812826740224e+00
9.362060157732070564e-01
1.061837708532360702e+00
9.793659059858746962e-01
1.030298169208545334e+00
8.188813197708788572e-01
1.097198264960566050e+00
8.613774459275620465e-01
1.096325518433666879e+00
1.036353589085635463e+00
1.180685249356367761e+00
9.563981194545982945e-01
8.372418727271295769e-01
9.583644769685339959e-01
9.215982440794687758e-01
1.181108837884454532e+00
9.426947380865027259e-01
9.449336111797228543e-01
1.008534317508545275e+00
1.082201590541827629e+00
1.094220739068754389e+00
9.999063769909783961e-01
1.129647797611551763e+00
1.072979064852956466e+00
1.142428402116357100e+00
1.086528374129047236e+00
9.727257014666614854e-01
1.176383553034421769e+00
1.032652942552805708e+00
1.117715827105735693e+00
1.106408660395417742e+00
8.783027231231648191e-01
8.442475077676232509e-01
9.968640568134021773e-01
9.329354632716301277e-01
8.790340276104078310e-01
1.145165383467151576e+00
1.037442245237243155e+00
9.481593827773092675e-01
8.237073310541849214e-01
9.735827233376166401e-01
9.339277956057958630e-01
1.036113572064481847e+00
9.444923442662334079e-01
1.052298404506340157e+00
9.729952537682393654e-01
9.902876665389547250e-01
9.300864170193796632e-01
8.836079458446990387e-01
8.644183151730568948e-01
1.039345303515200269e+00
1.053414541751024114e+00
1.166542307194190498e+00
1.116043263267791019e+00
9.758221822960380099e-01
1.181817943689933204e+00
8.959084433601467445e-01
9.653873169490213568e-01
9.411013489927531062e-01
9.558420766716322348e-01
1.179344965085777686e+00
1.070973645102915928e+00
1.000376264897114176e+00
1.185554225352074109e+00
9.267600969470446426e-01
8.051003996724979128e-01
1.176852709173576095e+00
8.645537580747952866e-01
9.095131691230826654e-01
9.193110356908420489e-01
1.192699772304292916e+00
1.070520650807531116e+00
1.112777032902885876e+00
8.041078176692868507e-01
1.177686484522925126e+00
1.121325883699521020e+00
8.954867397114733008e-01
8.718043498097558519e-01
1.026617352846003861e+00
1.169725013004953240e+00
8.251929239964487239e-01
1.016343941155568809e+00
1.102892455339539168e+00
9.891961091873399115e-01
1.169920311985878980e+00
1.038343689822699423e+00
8.298849905375378366e-01
9.425846797471977290e-01
9.179256646835747269e-01
9.347678501293282816e-01
1.024791505792951307e+00
1.092314068349962808e+00
1.085109679223579482e+00
9.508264175842184862e-01
1.127554586075385501e+00
8.618942519097910759e-01
1.095897252605606997e+00
9.089447578100611214e-01
1.122508660369146982e+00
1.143033524655761912e+00
1.123218368865685379e+00
9.052447839898526416e-01
9.369257151888401580e-01
1.063328756153152810e+00
1.102482871557458610e+00
1.035497580503106807e+00
9.604730507686481955e-01
8.959275737183123312e-01
1.034687710302544028e+00
1.039909154927298518e+00
1.035245033174122753e+00
9.754090247730008434e-01
1.007387465810860583e+00
8.217865591966746486e-01
1.000209376177815246e+00
1.160197834646709225e+00
8.612784042757959391e-01
9.193419730829982539e-01
1.063038318205546950e+00
9.205238047644013211e-01
1.119610224474258731e+00
1.125584421228532639e+00
8.187113954706871644e-01
8.549438389174646158e-01
1.069368065674886958e+00
9.242563534439395267e-01
8.998604289525413691e-01
1.192430665508742216e+00
1.094416537631098141e+00
1.133840567039432701e+00
1.219818659621282331e+00
9.982070808633478620e-01
1.117818772396985905e+00
1.070758523360637149e+00
8.827632214970458913e-01
9.033111241327287377e-01
9.263715985784990448e-01
1.041624037144709414e+00
9.236368917978232673e-01
8.581588464562441843e-01
9.537296888839295050e-01
1.179378155204237721e+00
9.626152160388731227e-01
1.023840161876979904e+00
1.072502958494208514e+00
1.135193380514355255e+00
1.176455841536787172e+00
1.049759446969993348e+00
8.682581970941081195e-01
1.097524676472713123e+00
1.007014794898711596e+00
9.604543688926432399e-01
7.846835728963886814e-01
1.001032877338428051e+00
1.062185292794936231e+00
1.029797025442266367e+00
9.801658676619304789e-01
9.144128787718115436e-01
9.071497467426005157e-01
9.962006275732206984e-01
1.059332245536697581e+00
1.148643962576341382e+00
9.367303965435606061e-01
7.833125211243245900e-01
1.072228917863015107e+00
8.703381470045727930e-01
1.150537843398352411e+00
1.136221155173064323e+00
1.065957112091931336e+00
9.425086878176487382e-01
8.994302156545872506e-01
8.627439441424034072e-01
8.690012907546269538e-01
9.991251104532582472e-01
1.077810612704144466e+00
1.147068232146871702e+00
9.494734810121361335e-01
9.838721371500462887e-01
1.104840501924075014e+00
1.020192589418803308e+00
1.187929949769649829e+00
9.693550890999806935e-01
1.004097871332033209e+00
9.555967294553835423e-01
1.080509962829597770e+00
1.093178098827233491e+00
1.141188430228316619e+00
8.884459695763745612e-01
1.000637780378515806e+00
1.051247375098333325e+00
9.724283725089555297e-01
1.219737487085833516e+00
1.033421631978377109e+00
9.954866002942407421e-01
8.999690182444479714e-01
9.605667091412377623e-01
9.462971424018715716e-01
8.135439700703056554e-01
1.082471157772122217e+00
1.048853522251504744e+00
1.165031240363859855e+00
1.091725976064709780e+00
1.158394138970909371e+00
1.016260456848416149e+00
9.598010377898511525e-01
9.789137016594040563e-01
9.790824107379980656e-01
1.031457202708468524e+00
9.545262491955919248e-01
1.030781477747857888e+00
9.086276182146566516e-01
9.812547774659661215e-01
1.035940693393649026e+00
9.895207119434852316e-01
9.300550039868016317e-01
1.044728013002432343e+00
8.519521228182767025e-01
1.063570499184039342e+00
1.066598201228841303e+00
1.170156604576194637e+00
1.019165785460117268e+00
1.117950215550968851e+00
1.116290700637895039e+00
9.623851215225249778e-01
9.802894193653585164e-01
1.067615831854695552e+00
9.092092115542897979e-01
9.547649264017447068e-01
9.848346832068607393e-01
9.294067515451823747e-01
1.144364379429730239e+00
1.034083795368240910e+00
1.065088173686125517e+00
1.154813921567737989e+00
8.945224267817091235e-01
8.520034773696953945e-01
8.930823036082675692e-01
1.181220714589523046e+00
8.898533141695104121e-01
1.082625981483977817e+00
9.295126191436552388e-01
1.089532466081613471e+00
1.037741767503014279e+00
1.054247790438595400e+00
7.631878333281603144e-01
8.168478161559744599e-01
9.497473435624503857e-01
9.305898111488046798e-01
1.057111075999868977e+00
9.325620370501510603e-01
1.066458870742645892e+00
9.808618584951829256e-01
8.811318874448378358e-01
8.558818484453892816e-01
9.469986504113492298e-01
9.625143342028357196e-01
9.711442423766976084e-01
1.110598841015927762e+00
9.381247526547451532e-01
9.659861275430030592e-01
1.117923318535304356e+00
9.843612772799699151e-01
1.223826423708551214e+00
9.029843397327345089e-01
8.361480971387453831e-01
7.951294583628290003e-01
1.138941689853574468e+00
9.785846545313090505e-01
8.313243240824074176e-01
1.110258026392620057e+00
9.960191408807858027e-01
1.164874735285945651e+00
8.908221498351094336e-01
1.105800844968070518e+00
1.122250309800542523e+00
9.883556012918299771e-01
9.934204573865087484e-01
1.071380293830249242e+00
9.602434064616032217e-01
1.012704020022923812e+00
9.618310932923317402e-01
8.506252187783496232e-01
9.966783724042770354e-01
1.049228285194452992e+00
1.002673889022457576e+00
8.228831702633629952e-01
9.048243253876399050e-01
9.310730519453621623e-01
9.062583908557779733e-01
9.364901981633464434e-01
1.151915499131788367e+00
9.047895576163327291e-01
9.533128262373742334e-01
9.510999547647219776e-01
1.048142998124217629e+00
1.134825140421900969e+00
8.869608639157936514e-01
9.944661209577745353e-01
1.107603728507913221e+00
8.970627362873770938e-01
1.067946795361403911e+00
8.643645172866258886e-01
1.065495986877556867e+00
1.077327988447407847e+00
1.126231914026005532e+00
1.000646166621600441e+00
1.113762945278866212e+00
1.112996086659973516e+00
1.063898230073053730e+00
9.192588936537662292e-01
9.827649486272145296e-01
9.749314645015079162e-01
9.726256766051788460e-01
1.017445783713807561e+00
8.008925739599672688e-01
1.176185494098839213e+00
1.091812761041570656e+00
8.656445481139971587e-01
1.121830286469343019e+00
8.134662274958119887e-01
8.081439883658249057e-01
8.090525961149090950e-01
1.109207585054091894e+00
1.111888579910108366e+00
8.817034964799475016e-01
1.168516978292359676e+00
1.108015524348960446e+00
1.008691956778259291e+00
9.961879686345046503e-01
9.115552761146152871e-01
8.504286923702518708e-01
7.921757482416817986e-01
1.176054809244529542e+00
1.085384282920635934e+00
1.044555673908061033e+00
8.869825037993694927e-01
1.026269557536370280e+00
1.013381562860268925e+00
1.038171251654849137e+00
9.812556861264324359e-01
9.474611385196185509e-01
1.063907049311493269e+00
1.142839860337087288e+00
1.009896189019567903e+00
1.043616948540244893e+00
1.046059755427234839e+00
1.075159873174974079e+00
8.720141036397046630e-01
8.291989177404186506e-01
8.711001509862645875e-01
9.762336886832752025e-01
8.436518600935587475e-01
8.033792442525218291e-01
9.399316398047652399e-01
1.033800147876550835e+00
1.137403387521182641e+00
1.063196988291359668e+00
1.113611151060448501e+00
9.770179148845090644e-01
9.253459486646429255e-01
9.338676829986053418e-01
9.165322055988516237e-01
1.108767477251995537e+00
1.091573974521586887e+00
9.532239049034848533e-01
1.132384121660709120e+00
9.394128327163170367e-01
1.117938524799941824e+00
9.404630269562654910e-01
8.036623910972837681e-01
1.166687762681072549e+00
9.212437085837539286e-01
8.888847827884758246e-01
9.970657565721339211e-01
9.768752467762609193e-01
9.605161468122880297e-01
1.050261452404259721e+00
8.376221372511486463e-01
9.725798583350128146e-01
1.061542420399395947e+00
1.085662934550249314e+00
1.046850529857851431e+00
9.703642819787867690e-01
1.070575289259146912e+00
8.730415990338666887e-01
9.295741497273031229e-01
9.790346098480924297e-01
1.097132799166386397e+00
1.108921099466710469e+00
1.075473265962430203e+00
1.025708870968651487e+00
9.983071529975143799e-01
1.058792785823494675e+00
1.019490139927414996e+00
1.003651822406720129e+00
1.092195470347431030e+00
1.013722108082452111e+00
8.916697949887336661e-01
1.031148187129626637e+00
8.973111305475799382e-01
1.009264194069307896e+00
8.414389721236823494e-01
9.486320995870318740e-01
7.708442704313636096e-01
1.200448786761841635e+00
9.242533377054877874e-01
8.769958585050046107e-01
9.101896698784698314e-01
8.117205653834214107e-01
1.099449282459582733e+00
1.126459562768422185e+00
8.932341825455331064e-01
1.084525651968993420e+00
1.095587574962901378e+00
7.932454793407512916e-01
1.100398044341308168e+00
