1.114680761806407183e+00
9.315376400962231962e-01
9.178604013974214215e-01
1.045798528030721153e+00
7.970495823310670414e-01
9.514865221124324535e-01
1.081486291038783021e+00
1.121143419311796174e+00
1.077384759762323174e+00
1.061796912106011792e+00
1.011053449241662960e+00
1.066083288188402811e+00
1.036631632905862466e+00
1.148234054239339219e+00
9.417933331347219106e-01
9.727413907394715231e-01
9.032120531354235204e-01
1.015655781550437453e+00
9.670615746875186325e-01
9.678824996714681106e-01
1.027190228645773473e+00
9.873143633275890396e-01
9.880253734128687793e-01
9.421352815890063903e-01
1.187994695727020877e+00
9.240735378547788592e-01
1.064289992782517791e+00
1.046065040543919356e+00
1.132350983931901700e+00
9.531680086205361890e-01
1.096253142247672230e+00
1.036409942112996641e+00
1.000989598980619677e+00
1.044600979048867728e+00
1.076067834802164169e+00
1.054148240514274359e+00
9.658638211175152311e-01
9.032700966041937729e-01
1.082250560854334243e+00
1.002986137790260468e+00
9.962483942570686812e-01
1.143254237592820299e+00
9.733333993464936551e-01
9.046891982111260333e-01
9.304043601002620623e-01
9.061035370980732306e-01
9.752705392923548544e-01
1.132561323714439183e+00
9.178017092298558222e-01
9.434124385974047566e-01
1.072156380831087885e+00
8.718906657705285390e-01
1.102005960134914808e+00
9.804382758757558269e-01
1.017545670033153549e+00
1.092779968676040214e+00
9.884316952351865915e-01
1.143637095040469287e+00
1.175373451829042182e+00
1.084882249907225704e+00
1.163864838069801122e+00
1.006227651048434923e+00
9.420281982005899168e-01
1.017970189458657693e+00
9.052284057273394247e-01
1.010990341879205889e+00
1.169686660731287242e+00
1.065366653775605243e+00
9.945275040413293910e-01
9.223513313039833905e-01
7.979264173484893474e-01
1.054766821574733893e+00
1.080935384386478848e+00
1.021867871266459948e+00
1.047539738563182832e+00
9.895988476406404333e-01
9.900366459854930135e-01
9.485311510545481051e-01
8.918226211418786020e-01
1.056313845559119002e+00
1.195410077248482805e+00
1.062181927366421474e+00
1.058801480215736390e+00
9.762585228316815744e-01
1.108773571258145463e+00
9.238570780893844425e-01
1.039583828420998390e+00
8.882648343332104623e-01
8.712052147886495401e-01
7.955124733373559742e-01
9.952709158461022776e-01
7.955937962728337753e-01
1.099521504343704548e+00
9.532712938459622087e-01
8.401512376481046207e-01
1.110299553244351589e+00
8.321195527818077142e-01
1.015106173392610334e+00
8.778233215482105223e-01
1.057076071996175370e+00
1.110037924787597996e+00
1.179284812825155848e+00
8.515745441040198926e-01
9.687102699383055571e-01
1.076568468332721240e+00
9.542451700702836437e-01
1.017927525910662601e+00
9.530859973891566694e-01
1.044502408736810439e+00
9.801078356827984672e-01
1.066697341631548612e+00
9.863839295689744713e-01
9.223419358392566103e-01
9.854535142500510103e-01
9.844323871111364532e-01
1.002710951139606177e+00
8.204061424811268655e-01
1.068932683149425245e+00
1.129581087390347127e+00
9.904890877733594223e-01
9.619701154292308320e-01
1.111266750162245964e+00
8.469650169178317700e-01
9.312768204185397636e-01
9.771054881703584716e-01
9.039129515460231357e-01
8.194608342241882504e-01
1.119511008159299159e+00
9.699535625471042977e-01
1.070702856823532390e+00
1.086899652510729508e+00
1.086220537551572107e+00
9.208888275411641899e-01
9.762803118076801567e-01
8.454799352673130208e-01
8.282488309301675455e-01
1.037047548574655087e+00
9.837545088326415943e-01
9.273854785424791025e-01
1.144128878879991706e+00
8.542792050902336953e-01
1.112820757218337953e+00
8.363698610499376018e-01
8.996977388036910828e-01
9.985515118784201727e-01
1.137630851399493492e+00
9.352664628499601784e-01
1.024825300721394772e+00
1.045755103842508138e+00
9.287136034403303819e-01
1.090945389872808091e+00
1.007402798758513018e+00
8.296199767944121284e-01
9.983774835602661213e-01
9.003777853718734070e-01
1.024026090419395407e+00
1.009126653627065551e+00
9.708901534848146664e-01
9.195818263699450101e-01
1.091398250958583116e+00
8.587004570213350174e-01
9.871803117293933560e-01
1.136543501829494041e+00
1.238765199684804141e+00
9.581367643920994936e-01
8.714378957879720389e-01
9.709493478717414749e-01
1.145178405039877445e+00
1.059333105809386222e+00
9.920196336610380694e-01
1.142054503626612316e+00
8.797481093692238741e-01
1.190481502573834893e+00
9.962653579343275778e-01
9.196834434201757169e-01
9.394967160917035987e-01
1.157580429770927344e+00
1.091049112595785298e+00
1.109736408799584240e+00
1.164751975959110064e+00
1.006713367866019615e+00
9.044187019362686097e-01
1.036500235654479241e+00
1.145664641505665937e+00
9.479110531351491176e-01
1.199087034875837787e+00
8.598671460012043966e-01
8.481387949227685574e-01
8.785126966744823962e-01
1.012188893821954760e+00
9.048977635431205702e-01
9.172623583992294272e-01
9.731391693568222090e-01
9.427223892539320360e-01
1.092319589932944757e+00
1.104079203134282539e+00
1.116698080934591886e+00
8.629510842715533148e-01
1.011169605188492193e+00
1.009463818470227148e+00
1.199611363412742771e+00
1.180181058148066287e+00
1.173554022836932331e+00
8.455195018756715974e-01
9.997939880135533475e-01
9.732062452873186942e-01
1.074526267375394140e+00
1.092464548748626196e+00
1.156295387996266744e+00
1.229980553446721636e+00
1.033820509737141791e+00
1.058438886553652925e+00
1.002702551666301289e+00
8.083927485753019671e-01
1.066610155100317980e+00
9.840153105853272075e-01
9.027090575945743156e-01
1.053527162343518286e+00
1.055722295705429081e+00
9.869009541097323313e-01
1.112176939504310846e+00
8.759151277752605935e-01
1.067729144402031816e+00
8.294446885568789174e-01
1.163515553130634705e+00
9.045214104144359002e-01
8.951041677994293622e-01
9.290094728471648411e-01
7.924346386228755534e-01
9.463458646313314127e-01
1.004078533478172108e+00
1.019117456718863002e+00
1.096598161167750218e+00
8.317632969720611946e-01
1.006206354862279939e+00
8.610922788956160145e-01
1.049584842175441235e+00
7.894226966340154306e-01
9.983174948857661546e-01
1.089468795384290312e+00
1.146141501456684253e+00
9.900013540488401542e-01
1.075401875114641026e+00
8.248492704787757646e-01
7.985125842896401149e-01
9.700559017801582140e-01
1.123854626170486481e+00
1.021020421690814972e+00
1.093831519560093612e+00
1.125653147315668789e+00
8.082258365605943240e-01
9.813436922122732442e-01
1.012838647010455118e+00
8.702208850469124179e-01
1.092974998140747500e+00
1.017631862141324950e+00
9.250469661712619196e-01
9.946542688628234874e-01
1.157832276860427223e+00
9.867383797917039789e-01
1.022655826505468823e+00
9.653671531986347532e-01
1.094892036986418571e+00
8.794179055562065805e-01
9.301850945315409680e-01
8.783208462351987933e-01
9.032492438330514961e-01
9.398811126838162444e-01
1.198560973335039082e+00
1.094859052378526210e+00
8.496284296896761123e-01
9.527362191360314592e-01
8.544509407010874025e-01
9.319729030483974164e-01
1.179997611607480623e+00
9.486572691861916429e-01
9.094942975560994514e-01
9.863163443331757207e-01
1.066175855555088425e+00
9.625670566026849340e-01
8.688777693878565467e-01
1.026654688343339172e+00
1.008368424619317860e+00
1.002183942222485635e+00
8.714668940903079752e-01
1.000410158410166783e+00
9.006647222859478497e-01
1.169210987939147905e+00
9.543629786874887611e-01
1.069080970583923706e+00
9.986294288873853731e-01
1.047444191788894585e+00
9.431708554193511951e-01
9.730448307479836467e-01
1.042089555989348382e+00
1.118591332246940073e+00
9.717507930872755217e-01
9.278429982096099149e-01
1.098667158679177636e+00
9.292295816721087842e-01
1.131917175777863438e+00
8.483031952354143090e-01
9.928892407336086245e-01
1.021099960142532570e+00
9.146448229004848773e-01
9.440206933236523490e-01
1.118784785718976327e+00
7.837720634801210728e-01
9.503163321891016091e-01
9.168082576655680604e-01
1.117287297094460952e+00
1.082263170474927261e+00
1.007788189204232854e+00
9.961718254934260885e-01
8.234855230201298948e-01
8.826757568917236174e-01
1.013495999048765306e+00
9.216657138100712299e-01
8.057285452514002522e-01
1.049243361357076409e+00
1.065132341358914880e+00
9.629372686058769171e-01
1.094132453161358542e+00
9.000687874924986343e-01
9.622749494301535700e-01
9.790516668424271707e-01
8.298104987056358350e-01
8.965154596782713980e-01
1.234844930886863201e+00
1.175198520989622963e+00
1.079752749979306259e+00
1.165953295028282266e+00
1.061545128973104379e+00
1.023270482463741304e+00
1.033043334148529668e+00
1.060653398895017085e+00
1.030837716449605201e+00
1.159113362728884544e+00
1.181904426945331155e+00
9.671091667333894248e-01
9.861126658562422431e-01
1.114744845434121112e+00
9.855535304496025883e-01
9.258170908322208570e-01
1.070482906677095558e+00
1.119832904161109477e+00
1.156068623662233064e+00
1.141085469207681946e+00
8.131944905132706403e-01
9.276623530501617587e-01
8.891082057205996758e-01
1.177187057104336132e+00
8.513778444889141817e-01
9.849125907230860122e-01
8.193502631642262113e-01
9.665809519559267482e-01
9.386397324105661966e-01
8.318010069904374637e-01
9.241387986689015843e-01
8.492289552798892860e-01
9.813686971629278499e-01
9.696064129233039619e-01
1.061205370904772627e+00
8.834117135085213235e-01
8.380459868315226490e-01
1.114370764261330304e+00
9.942291045434090702e-01
8.882092643412157207e-01
9.881677703596698503e-01
1.021855635768917026e+00
8.420647832519347897e-01
1.001421073570795572e+00
9.970531865933888183e-01
8.418323369502030973e-01
8.569878085675266544e-01
8.374866459531781215e-01
1.038165436041512457e+00
1.103142359065198308e+00
1.058008250939977524e+00
9.682632195917877382e-01
1.058916348450382960e+00
9.679955454970774475e-01
1.096342917411581741e+00
8.392402549633202202e-01
1.044257449638777535e+00
1.116586318928323385e+00
1.087939056002069638e+00
1.023864471419762001e+00
8.937827661069175367e-01
1.147319845366372881e+00
9.432438311528655861e-01
9.883621996050362402e-01
8.552348955711319700e-01
1.007356224799207611e+00
8.883314202247700742e-01
1.219075029854122194e+00
1.011317534749969660e+00
9.619634174497992962e-01
9.427360084148034280e-01
8.750681123379440152e-01
1.178283941050578543e+00
8.336262641282853325e-01
1.053189051734565895e+00
1.109027015536997007e+00
1.239810540854633159e+00
9.356968705709769463e-01
9.151339909424744956e-01
1.149457549804031364e+00
9.535549578155848582e-01
8.893322919804426130e-01
1.045834307819756948e+00
1.053209148729553624e+00
1.004609107950018565e+00
1.086372657742120218e+00
1.029811663644045527e+00
1.120067617671126170e+00
9.306765133394048206e-01
1.162038593462734415e+00
8.950806633012415858e-01
1.123462139028578832e+00
9.916165501864843135e-01
1.051387922201427960e+00
1.209920444932604200e+00
9.614165404979244656e-01
1.081712198883308718e+00
8.153521210966594435e-01
9.136832874984546216e-01
1.155359632067610942e+00
8.326524348080057703e-01
1.115249769834971261e+00
1.198787330850829891e+00
1.137093476687469629e+00
9.528896551754151290e-01
8.987330920779770249e-01
1.115056714517873804e+00
1.039566805615737222e+00
1.030378627499508370e+00
1.034923111783294658e+00
1.170327367758174475e+00
1.172885766606213132e+00
9.692735552799085497e-01
9.895790417855692134e-01
9.289690094502260909e-01
9.178856201621130584e-01
9.013033904956027076e-01
8.783640954594069683e-01
1.030681837198610840e+00
9.861330847950058320e-01
1.022389488238933275e+00
9.511676205900794212e-01
1.071530916282975365e+00
1.120075188241333120e+00
1.148769607719852370e+00
1.054946225444562957e+00
1.092246734865572666e+00
1.101242411205004545e+00
9.234655956975308388e-01
9.482105909448006464e-01
1.010690351793002817e+00
9.342123137840518954e-01
8.173263316481252927e-01
9.972440493433791797e-01
1.074896265203014289e+00
1.038355731238872259e+00
9.964021109252756414e-01
8.779641121057450981e-01
1.047522471665824240e+00
9.813087981870531884e-01
9.831660994055219094e-01
1.038680761461073354e+00
9.407768847461448480e-01
1.097989205190861295e+00
1.044270380300004852e+00
1.241480726182726091e+00
1.029638958664556903e+00
9.693143852376215897e-01
9.480594433002722532e-01
9.463235937285294774e-01
8.974803423963924054e-01
1.072027355147085581e+00
7.936133680659976930e-01
1.026233541270771488e+00
1.196892174593926716e+00
1.145545905320965785e+00
8.110721838180074972e-01
8.251097503007990275e-01
1.009893855419273123e+00
1.019467357623486059e+00
9.763887191510545183e-01
9.621216843920374906e-01
9.804483936904900832e-01
9.962617988049864426e-01
8.548117048476854274e-01
9.707941989913242420e-01
8.834194165642359486e-01
1.054941695665167822e+00
1.105957591996677758e+00
1.057039903922045276e+00
1.035853051941370007e+00
9.638592401764655149e-01
9.747902380559079205e-01
1.024462708483356632e+00
1.194882985758813021e+00
9.928461958107879237e-01
9.450399323298699361e-01
1.037792112976443137e+00
1.045710336070043933e+00
9.801329542889404278e-01
8.807289057072169580e-01
1.016551902854173850e+00
8.498062245528632541e-01
1.160587402467791129e+00
9.366559677361097069e-01
9.322391879195813802e-01
1.104282501090104285e+00
9.979269439319138346e-01
1.104635686650927928e+00
9.367195360948149530e-01
9.108731902971447525e-01
1.119526774423060589e+00
9.912632716342145711e-01
9.668082062268901211e-01
8.057309179548266531e-01
9.041852182326284293e-01
1.023863198807627883e+00
8.812654224441336392e-01
9.961003287182890187e-01
1.100577588501851167e+00
9.594397531536598134e-01
8.154973506407480199e-01
9.691314291623122079e-01
9.403842428482545035e-01
9.906886503259683119e-01
9.328002006194850981e-01
1.069272844801835376e+00
9.779423754682751158e-01
9.199439238599944613e-01
9.879075358255046124e-01
1.069876724729562190e+00
9.548652918222044761e-01
1.132909273949501694e+00
1.023946721336488341e+00
1.065453200896379293e+00
1.101418868087396863e+00
9.664892565979621430e-01
8.406934800866268098e-01
9.587878456957992235e-01
9.228736621485873481e-01
1.165277165449215113e+00
9.845419789654085152e-01
9.797894460518601356e-01
9.808118813041389883e-01
8.643042139184167194e-01
1.095802233620366328e+00
1.004956120310436241e+00
9.685276757840127759e-01
1.172603909423553192e+00
9.325098973021711535e-01
7.938397001085387705e-01
1.095279365713924369e+00
9.351993014965260809e-01
9.485257964018576349e-01
9.888258336024092765e-01
9.179244441843914526e-01
1.013512710690941176e+00
1.144314965316507449e+00
1.166557781122338211e+00
