9.502012301108547776e-01
9.171970559009678947e-01
1.003732190642794064e+00
1.210665705744651488e+00
1.050034882659819591e+00
1.074551163559990474e+00
9.167879690384477254e-01
1.098916278110590339e+00
9.308844514794787361e-01
1.131835732477570300e+00
9.384074294422941609e-01
1.188371348166127328e+00
9.608928038063797583e-01
9.452213071029984537e-01
1.063670845283125832e+00
9.295314587194728473e-01
1.147106584383402739e+00
9.545279819643267549e-01
1.076983752720701570e+00
1.099091493299491296e+00
8.977811923432782448e-01
9.958652627657456069e-01
1.075425481585997156e+00
8.787330932855004217e-01
1.147902494835705500e+00
1.092494454594259201e+00
1.079113257506925994e+00
1.085808388703814797e+00
1.027580692272676677e+00
1.100063789748790377e+00
1.121887640725043767e+00
8.618751056915734399e-01
1.082450447913680280e+00
1.025991556452065190e+00
9.560913603607102962e-01
1.038774927061099973e+00
8.702432245599321936e-01
9.166440450054229583e-01
9.417920763973204323e-01
8.652781846113166697e-01
9.846636753275046505e-01
8.189990225529426571e-01
8.825570358551811934e-01
1.148132814595847151e+00
9.893320734416942708e-01
1.099775241986425511e+00
8.867709209268926918e-01
1.030674409494976462e+00
1.025010017782729710e+00
9.760236448734191939e-01
1.143907625737034639e+00
8.839086894543867201e-01
8.732669149333520675e-01
1.024779707413158603e+00
8.700475840239634273e-01
9.855628417117028306e-01
1.173087787328854770e+00
1.026871943960699696e+00
9.400340649246201608e-01
9.344669155069225130e-01
9.483727496572351701e-01
9.289065852578379801e-01
9.002438255779141585e-01
1.005098335895742601e+00
1.089112150028067383e+00
9.963417033517207866e-01
1.029478691690799863e+00
9.411209762571635107e-01
1.168583337297921299e+00
1.188788089695516081e+00
1.086806312012573050e+00
1.005953239518083464e+00
1.068936088848123633e+00
9.927065319221741735e-01
8.981570089829860049e-01
9.200373278810485278e-01
1.115448744538135362e+00
7.811006859902218658e-01
9.930334867679750932e-01
9.991647551333424637e-01
1.054631367228153760e+00
8.225012086538960876e-01
1.101258311393175759e+00
1.219609598054474775e+00
1.193684339529818894e+00
1.038957844519192486e+00
9.751201157400377628e-01
9.854961034138181031e-01
1.142847053884677999e+00
8.922390529951951255e-01
1.060216083797713038e+00
9.696393584469862326e-01
1.029601052860188659e+00
1.069745845371670612e+00
1.030922567004731727e+00
9.592993907741410586e-01
1.106765621227221441e+00
8.506522533447641310e-01
1.089250803324695926e+00
1.028599796445218484e+00
9.290385558988849546e-01
1.012065520967729171e+00
1.086834084818129931e+00
1.113647067394709866e+00
1.031841097089164272e+00
1.169914548518100617e+00
1.160552345994040557e+00
1.097264369594972422e+00
1.053816698020634490e+00
8.427488282504818073e-01
8.833454712949426746e-01
1.076154346453776833e+00
1.030233489837880878e+00
1.180201365308530814e+00
1.200656667591993854e+00
1.065642591979008014e+00
8.886805196499472093e-01
9.022717280492429381e-01
9.379837029713067320e-01
9.823397250863060703e-01
1.178414693141249803e+00
9.506691941005320778e-01
1.016921796821506963e+00
1.148606552219911592e+00
9.327628649163681729e-01
1.099554583180529788e+00
8.864232318857665494e-01
1.188682443115857579e+00
9.558804300211323213e-01
8.895547971932906695e-01
1.103087533026793743e+00
9.748214049845299600e-01
9.428114480316527324e-01
9.090736240021348724e-01
1.087871878904749678e+00
9.508578968695295952e-01
1.019307666002398971e+00
8.347570196849269930e-01
1.050220076664001745e+00
1.108179051908602553e+00
1.030230417066846815e+00
1.071402851463367778e+00
1.021818298935196045e+00
1.127932896829407561e+00
1.015020872154340337e+00
9.932819335173905806e-01
1.079089007004260470e+00
1.010395942994720242e+00
9.588684861850658159e-01
8.413377823155263613e-01
9.207157400338259468e-01
1.106073771178133214e+00
1.009294984887404212e+00
9.094964842534105642e-01
1.105661867084478001e+00
9.708635915180179321e-01
1.018042477482578034e+00
8.644215894461870775e-01
1.105655139909573981e+00
9.931117721870089676e-01
1.088429237635682334e+00
8.626835985380467697e-01
1.000732537384246390e+00
9.740933648868319583e-01
1.055683617350737569e+00
1.137185765014445682e+00
1.039090576156505685e+00
1.128358304620835639e+00
1.060508546295844567e+00
9.960246633656351101e-01
1.026360228386972384e+00
1.086436480314585618e+00
8.391284978206159373e-01
1.163955467984181924e+00
1.047655151342429924e+00
1.040398593084057577e+00
1.026106727895949700e+00
9.359255446560343916e-01
8.961431812957235676e-01
1.057900120903153995e+00
1.010538092638959773e+00
9.790177040848206946e-01
1.079319490436721818e+00
8.256940235177308018e-01
8.209609766182174306e-01
1.085693121629920377e+00
1.097139958682717520e+00
1.107547724792177446e+00
9.897216472725370862e-01
1.134117188520855191e+00
1.023923567145624380e+00
1.065891795046362445e+00
1.108181005446368772e+00
1.005575494023428718e+00
9.841920046213421536e-01
1.015876233859382083e+00
8.735631104787218160e-01
1.018195559612586232e+00
1.014563072541643018e+00
1.150118662098964517e+00
9.153906423779728518e-01
9.183042249032733473e-01
9.235194848381074184e-01
1.056624649096732149e+00
1.079090328670490928e+00
9.911618310934078302e-01
1.087829001993078526e+00
1.119358157457123637e+00
9.597970578188990132e-01
9.829607355273630720e-01
9.371757169868126791e-01
9.064067629611438637e-01
1.068961072458059602e+00
1.049374231089853060e+00
9.381151046328141119e-01
9.605778918298703006e-01
9.265583237652532667e-01
1.014616589426377669e+00
9.855417528641527980e-01
1.036535566765541816e+00
1.034666748063197916e+00
9.345841722951917507e-01
1.020283851031447808e+00
1.028281848027914336e+00
9.219120043342983184e-01
9.642946931462850202e-01
1.131950891233061807e+00
1.116353146103817418e+00
1.170395039331282305e+00
1.040668557709963471e+00
1.090650678914505178e+00
9.587658655312918388e-01
8.809815896537439572e-01
1.151383106238694554e+00
9.501311078854965952e-01
1.148533107297151856e+00
8.737637517727938619e-01
1.030359372046861788e+00
1.122122306656893054e+00
1.049037232482494808e+00
9.565982335753451249e-01
9.051254827979333673e-01
1.053981612704291582e+00
1.071150644991524459e+00
8.980390720691846518e-01
1.109089637378122273e+00
9.033535812994226699e-01
8.589904279106157503e-01
1.025825581423732480e+00
1.105861923988200379e+00
8.704633756480461004e-01
9.372354547328016761e-01
9.825869851974238234e-01
1.203048579424670361e+00
1.191452129100977642e+00
9.525214989765217188e-01
1.024457030044161332e+00
9.436205349246220564e-01
8.331240158789017247e-01
9.711606386164379767e-01
9.622338787444146835e-01
9.991720916211487280e-01
8.686162726585895388e-01
1.146181809485537384e+00
9.275054345373374698e-01
1.192510096290120947e+00
1.121065343159419303e+00
9.046548779296840204e-01
1.067763970684046715e+00
9.344590425780907594e-01
1.005211901990221701e+00
8.844601771009934499e-01
1.102422670834186880e+00
9.626081266976052042e-01
9.246683855189019585e-01
8.934987556060668412e-01
1.012514481492575946e+00
8.656413087516926508e-01
8.301905959439463967e-01
7.766819319779991737e-01
1.208457209383375419e+00
1.098235862296769616e+00
9.656707547506843126e-01
9.339295143236434615e-01
8.455428687687248646e-01
8.957171311223877108e-01
1.135676099191459176e+00
8.845759276502762614e-01
7.890440475571149914e-01
1.064715668454144337e+00
8.421083149135561996e-01
1.021958325681997515e+00
9.509369056027434652e-01
1.147468663496048480e+00
1.011790117180065840e+00
1.108835719612066839e+00
1.148540401359223972e+00
1.044644174658878377e+00
1.113013382515372962e+00
1.012333798788740635e+00
8.684424509805539483e-01
1.003922234038476580e+00
1.061849952632850203e+00
9.607549063479275953e-01
9.045284518185894296e-01
1.120013163520071187e+00
1.074066943201204216e+00
1.029494770053396291e+00
1.078311405720328908e+00
9.350991326576321150e-01
1.039397339471177739e+00
1.193302124489554528e+00
1.028050999512994501e+00
1.179128293451196186e+00
1.004569999813609282e+00
1.178643563356949198e+00
9.071900940050222628e-01
8.215046918417514554e-01
9.939752831295142199e-01
9.058211317917410632e-01
9.314843464987366817e-01
1.003456046361323128e+00
7.864096163877907220e-01
1.011833636059082497e+00
9.963680295724754998e-01
9.063533712278424304e-01
9.623682679966565345e-01
1.021626125984901545e+00
1.016622793222773824e+00
9.747724834487450085e-01
1.002022697122285866e+00
9.065816190568192212e-01
9.487604590974783036e-01
9.392165460318662173e-01
1.032898785033455891e+00
9.812027787224184561e-01
1.125518211632759558e+00
8.965196589454662579e-01
8.351983069982263919e-01
1.085321970419053539e+00
8.141451111230280091e-01
1.191124848975540385e+00
7.779629103975569393e-01
1.050575734765890834e+00
1.003353265323289722e+00
8.451817603687232783e-01
1.026628852473681297e+00
8.939424965282383173e-01
1.169879766169703128e+00
1.041603206508472823e+00
9.036224626324993459e-01
9.951644685443021832e-01
8.780774869587364417e-01
1.084299262612601789e+00
9.867342681988089392e-01
1.066673123796822109e+00
1.185754828202025601e+00
1.092390517051018417e+00
8.535645133524484285e-01
9.787666697381089964e-01
1.155386637191749610e+00
9.684295270151378476e-01
9.721134306679488635e-01
9.315950425160961501e-01
1.084355808064672022e+00
9.461563539461503858e-01
1.122626138931581696e+00
1.041602990161302644e+00
7.924172959109054837e-01
1.102570035500304968e+00
9.831215712570073872e-01
8.328790308218816385e-01
1.062209173847758370e+00
1.050046185519515785e+00
1.141152233229251856e+00
9.665234920554736098e-01
1.042905436692439514e+00
8.474682676600776565e-01
1.078750465784394708e+00
9.450829444012657232e-01
8.841317765831930853e-01
1.096399913199527898e+00
1.009466799837196449e+00
8.124878653408648121e-01
1.134860609392179587e+00
1.047417409350798190e+00
1.088920382729282821e+00
8.614472011105875904e-01
1.036917355089122195e+00
1.095201579388247470e+00
1.002542504585328231e+00
1.150097280544364997e+00
9.702234031845138329e-01
1.002693599426638826e+00
1.101734622131431918e+00
9.684342518744188943e-01
8.998326175711934827e-01
1.030614553148279100e+00
9.917799309553211318e-01
8.850846936594205516e-01
1.048548366467642268e+00
8.749384359883149997e-01
8.952291109331341756e-01
8.687265479168415627e-01
1.087185376431943240e+00
1.024036233445168254e+00
1.065187184629344808e+00
1.174860502752881120e+00
1.188749509943437088e+00
9.989773734571156805e-01
1.035970977729504749e+00
1.111791022785898697e+00
1.113606731159136887e+00
8.477792889883624117e-01
1.109285119675438747e+00
9.756197852702723772e-01
8.351954250943598446e-01
1.040742184508298251e+00
1.050090857896551988e+00
1.146847913153876020e+00
1.141561529243392714e+00
9.300590610399805946e-01
8.967414112959354311e-01
1.129515990236762191e+00
8.785209143181594849e-01
9.869674575547069395e-01
1.219725670326758715e+00
8.680867234285165601e-01
1.069960928038605541e+00
1.019101440369768685e+00
1.057763251551722794e+00
1.137315275966429340e+00
8.958416206492312295e-01
8.789700492679837218e-01
9.428437525699782107e-01
1.010559948790307638e+00
9.058468491661992861e-01
9.688043902013643294e-01
1.066906490811219799e+00
9.424871291045433530e-01
9.044667106845691862e-01
1.015823085620654487e+00
8.495554459293848115e-01
1.109402594958456056e+00
9.566583178110490415e-01
1.097421781172835287e+00
1.085702537259002343e+00
8.143510052805441601e-01
9.095296556733971638e-01
8.566313907804499195e-01
1.032919583378259620e+00
1.045139619028352396e+00
9.724525454338110997e-01
1.086141405689404316e+00
1.170896892602685035e+00
9.107243952277308541e-01
9.385081088623907775e-01
1.184528951649346018e+00
1.031741919660902118e+00
1.055564779622007121e+00
9.959633033989213624e-01
1.144506299175894748e+00
8.921979663964788587e-01
8.256866002235470070e-01
9.749309206997049948e-01
1.161622423068295218e+00
1.042289128989905889e+00
8.430577174018714093e-01
8.736735096052401506e-01
1.110278975013130998e+00
9.542933082460800520e-01
1.034147868798588554e+00
9.315332675360901149e-01
9.789082605271997028e-01
8.873271467429300063e-01
1.038332767777914389e+00
9.517950260967671383e-01
8.691498988643874268e-01
9.528575366172906680e-01
1.209407143881980895e+00
8.858764220454466987e-01
8.404582244202841723e-01
8.444881630156835239e-01
1.062153001339544822e+00
9.297541818713301875e-01
1.009879257492597215e+00
1.051604845948218347e+00
9.931161201353067014e-01
1.020789885669606489e+00
1.123773706992355237e+00
8.885406886804760873e-01
1.088919182017326737e+00
1.113774710707938986e+00
9.020990002382061057e-01
1.095224675528390978e+00
1.052647342237152284e+00
1.231831072573866814e+00
1.167614381641948862e+00
1.199327907050435460e+00
9.632232034400229903e-01
8.288695993524126671e-01
1.157498861394187228e+00
8.082955681366621459e-01
1.086134469008997350e+00
1.083790656349305381e+00
1.037175544505290814e+00
1.107613182062669566e+00
9.587379824785884352e-01
1.107358372103437238e+00
1.095959605210156118e+00
8.489245949626410548e-01
9.900109858451155986e-01
1.027413821197968868e+00
8.928358242605078932e-01
9.998898161848983612e-01
9.859503873606054736e-01
7.936351985374737739e-01
1.158902529019165462e+00
1.019584136575269140e+00
9.977463301114422034e-01
9.485632201832698840e-01
1.019145724161492739e+00
1.089316005175616775e+00
1.020029370379515132e+00
9.653571707590040685e-01
1.114206172343509493e+00
7.973771434240406464e-01
9.387934643369522103e-01
9.697430375239490807e-01
1.006487808921543436e+00
1.005743113233204422e+00
1.086174921795937554e+00
9.749454355230815494e-01
1.044693902717269918e+00
7.852865555346162374e-01
8.233179667420834624e-01
8.977638818037050328e-01
9.787313088083465784e-01
9.353224909393569320e-01
1.078500025871446333e+00
8.121298804000154359e-01
9.744105250699854892e-01
9.749611038865599877e-01
1.025833563710395913e+00
8.884072639578282082e-01
8.744865319206516219e-01
9.535275677645767001e-01
9.718117745816887698e-01
7.991971976007423706e-01
9.243718431768679356e-01
9.211087126286923166e-01
1.214150453643154215e+00
9.189559061515089056e-01
1.145815656938674820e+00
8.409544436379463583e-01
1.197076829987269164e+00
9.320240638323995519e-01
1.065593846633043906e+00
8.997992540354271540e-01
1.178477690654421872e+00
9.241118822524425624e-01
1.101979097994989054e+00
9.938349478637049650e-01
9.052476787893635191e-01
1.051435341426655512e+00
1.000178346740342450e+00
9.986093887247357026e-01
