9.657177135871271023e-01
1.065352563767256511e+00
9.094638825765344325e-01
9.479616985784244942e-01
1.157485401771094269e+00
9.274326492772040353e-01
9.579001722601427904e-01
7.753085396814620722e-01
1.051551965749383033e+00
9.559992328112930648e-01
9.226443046748649124e-01
1.008089073882401987e+00
1.031348616443608535e+00
1.057149755658169710e+00
9.038899980995196426e-01
8.509496349314848995e-01
9.637499836335298165e-01
1.056107177848636169e+00
1.132538038632263211e+00
9.713244617411060933e-01
1.105311165188928690e+00
9.662187271577810099e-01
1.095222484212909464e+00
1.058759280985898332e+00
1.077419909875620752e+00
1.147614623214413543e+00
9.185132978813067561e-01
9.753908577819467851e-01
1.080269267097486718e+00
1.021694810442761447e+00
9.476818873424128764e-01
1.090614780444797649e+00
8.678591013041506708e-01
1.086595399040347854e+00
1.014633006423491191e+00
8.178170042188064315e-01
1.006803385984915700e+00
8.669837755909142185e-01
1.132422888806351668e+00
1.012683582613317368e+00
9.080963955698220236e-01
9.857546181509744265e-01
8.917596920775843206e-01
1.138831877352382005e+00
9.346642679105072737e-01
9.311980247227666929e-01
1.196170459589271040e+00
8.297423111902673121e-01
1.094824945079096556e+00
1.156346543415754935e+00
8.950558352605135770e-01
1.062056933706443829e+00
8.845758683959816793e-01
1.104564900911621406e+00
8.530013087438812480e-01
9.719190444358822845e-01
9.371275283869071604e-01
1.182008360541373815e+00
9.531229194566024354e-01
9.206861316337193735e-01
9.117631250168444224e-01
9.919247462779430258e-01
1.088687779673643607e+00
1.142007635651643760e+00
1.081838200328941513e+00
8.388945555951490274e-01
1.023614161484268648e+00
1.079451396150705289e+00
1.120554939384130089e+00
1.055487750538424363e+00
1.210502418044994588e+00
1.075737066062764535e+00
9.990572375398703020e-01
1.137236286517662398e+00
1.032625786386987876e+00
9.452035851843707537e-01
8.597268213212477805e-01
9.662673445023877150e-01
8.053422813843271744e-01
9.456509598191366051e-01
9.546762222375005935e-01
9.322572719167827593e-01
1.003876120816518558e+00
9.462848218192658756e-01
1.060820113466348635e+00
9.788183830687868792e-01
9.598997881073805249e-01
1.210557811262595873e+00
1.053695407412880591e+00
9.913393749575084568e-01
8.846747943922000923e-01
1.193860915621939300e+00
1.069634214495547297e+00
1.073350665203830934e+00
1.155142177444077323e+00
9.729743469967446767e-01
8.739067582047728155e-01
1.009817042781962826e+00
9.571364672976281351e-01
9.103660826515882487e-01
1.080063909776241449e+00
9.616785191011435474e-01
1.079287293773236733e+00
1.115887463550580216e+00
7.986155868406017433e-01
9.765532439298919565e-01
9.380348180497796173e-01
1.144910950346769152e+00
1.015208570138903088e+00
9.069445156832280919e-01
9.643160617752690733e-01
1.162755572235565360e+00
9.989744141377217002e-01
9.149600774424233585e-01
9.599683402172753954e-01
1.068291380460631101e+00
1.108207527202037967e+00
1.014810973510653413e+00
8.649303804801411477e-01
1.093810838413279196e+00
8.313691633956384885e-01
8.836688364197955448e-01
8.110876700001938833e-01
1.038180116041003354e+00
9.380662141958604483e-01
1.074236433316351214e+00
1.213479928328323965e+00
1.017334007427955767e+00
1.110063623369890173e+00
7.859060556754685622e-01
8.584177998326296688e-01
9.613385623494798971e-01
1.116617886489851941e+00
1.086327672599356031e+00
1.133911353112118103e+00
9.958253044125414677e-01
1.007425123875628437e+00
1.218036529611238983e+00
9.455505452970522917e-01
9.603812449524282702e-01
8.644237884177328191e-01
1.074030696157346254e+00
9.848793137224152172e-01
9.018528003646948399e-01
7.956915556266888068e-01
8.363045523707872686e-01
1.068188271796850053e+00
1.144948499851495827e+00
1.098041640833568700e+00
9.266346500204953873e-01
1.146680271506207216e+00
8.829257183137944054e-01
1.043480613577775440e+00
1.051390369815266235e+00
1.123857351730849885e+00
1.200772708704064495e+00
8.908870878506753854e-01
1.216557447533571423e+00
9.017020520304391829e-01
9.053910359957385579e-01
1.051115741458504393e+00
1.012626408604221151e+00
1.101438214237556723e+00
8.958961144333181803e-01
8.899747759837002281e-01
1.054039582972129185e+00
1.103968408234140552e+00
1.073622760510894780e+00
9.726743833608884060e-01
1.077241418905789727e+00
1.046937386206891141e+00
9.662361315235962200e-01
1.145382763605201193e+00
8.269395827403041022e-01
1.113342866987699242e+00
8.678284735388670512e-01
1.198844872631382508e+00
9.736362117255956683e-01
9.293217238019508830e-01
1.036366081768774539e+00
1.144194851208433672e+00
1.035783001351712862e+00
1.006246899851838794e+00
1.130234387168356003e+00
9.469403255666537511e-01
1.004495277530765396e+00
1.150244505941080853e+00
1.111661293255666205e+00
1.145950312271694083e+00
1.054619086607936573e+00
8.513453291283761271e-01
9.273562301903812699e-01
9.407281805969287536e-01
1.023634626036998618e+00
9.572086850230194788e-01
1.003470055594570143e+00
9.294022319830068657e-01
1.190749114739704018e+00
1.080377141904973248e+00
9.954681713721327263e-01
1.213571351179068891e+00
1.058913711188165685e+00
1.109264226059173852e+00
9.397927445095357601e-01
1.139240565324425303e+00
9.877177454341451446e-01
7.776336822109866098e-01
9.770692525518176463e-01
8.935862529580933522e-01
1.068842261162898488e+00
9.891565258692938123e-01
1.076574157886796890e+00
8.920375397812434493e-01
9.566890799324636596e-01
1.039221540959482271e+00
1.081942263639801727e+00
1.075424267022959013e+00
9.971202043909681567e-01
1.027074569278410676e+00
1.163671917055258520e+00
1.127165814930106702e+00
1.024200386877969438e+00
8.790238596165180773e-01
1.136075010014368170e+00
8.617427201345597698e-01
8.487113389522721318e-01
1.068489768719699473e+00
1.005520412959048482e+00
9.417890199047732613e-01
1.010127206909311681e+00
9.200520791809385646e-01
1.043370125595634912e+00
1.063923383058562600e+00
1.038580372767015758e+00
1.156468416145366884e+00
9.298153775378240615e-01
8.755584029622442976e-01
9.077645853349847194e-01
8.926036878430383403e-01
9.432496211786258744e-01
9.175767975595707782e-01
9.727687672643401395e-01
9.891718768180939314e-01
1.022688847910598442e+00
1.157424967857498377e+00
8.979398239788328739e-01
1.067040414140205229e+00
1.000816156708538962e+00
1.000564811512787200e+00
9.967824236513090908e-01
1.067976561510505684e+00
9.427742832625900515e-01
1.130330834388836525e+00
8.352218434036042805e-01
1.082733002960636570e+00
1.048567848718546136e+00
7.837400984531055492e-01
1.016729003114122509e+00
1.087428303509232252e+00
9.266039417599494232e-01
1.030553864625887162e+00
1.082423930183880501e+00
8.456699715984798971e-01
9.353368859296053994e-01
8.831917257456654013e-01
9.710302415662753761e-01
1.049948515143613426e+00
1.071305748512511036e+00
9.446744000971508681e-01
1.041521168821036403e+00
1.185158907693649288e+00
8.708317244140892921e-01
9.513106856287378843e-01
8.412759264531468606e-01
8.269931703936301837e-01
9.871356740377899008e-01
1.117387836664441858e+00
1.047670045315453047e+00
8.790076195833400607e-01
8.992069492243450757e-01
1.190027844436275073e+00
1.072121735424628630e+00
9.610209551605330969e-01
1.045303392539923326e+00
1.051336129995955382e+00
1.025411762704796503e+00
1.037513869338474004e+00
9.558936237338269137e-01
9.891346707895776191e-01
1.079583961098157907e+00
1.039359807798346136e+00
9.675472675528720146e-01
1.117796652485969044e+00
9.723830134054366470e-01
9.381465291295243425e-01
9.592378396550613751e-01
1.103540453871814986e+00
1.015558781061977278e+00
1.146855727545319503e+00
1.114345811062721570e+00
1.038089817109543622e+00
1.098542369071799696e+00
8.489469233453359465e-01
8.836862774242841834e-01
1.072546751011148602e+00
9.864930924778061438e-01
9.624143907663922359e-01
1.001713377518641535e+00
9.200087864388567516e-01
8.147001413137371362e-01
1.005773672966181254e+00
8.463639726431499977e-01
9.485535790703061299e-01
1.066801085773587454e+00
1.015424121339777885e+00
8.637607033153326119e-01
9.940253093663735662e-01
1.103312266499203664e+00
9.312822845024812946e-01
1.039407247859624572e+00
1.024660231633430563e+00
1.166652189995297961e+00
8.988751820448974694e-01
8.749437799036404728e-01
1.048911500702855548e+00
1.099628660761249099e+00
9.825045024063232546e-01
9.321220552279625426e-01
9.678583602301888966e-01
1.041155149104857403e+00
1.082449027207993186e+00
9.399594959650749981e-01
7.861232571592970952e-01
9.837160338674302285e-01
1.133314210227479801e+00
1.073771960067096742e+00
1.003466729814413316e+00
1.066546121794036406e+00
1.033732403227028085e+00
9.891497481101647615e-01
1.057235090471062566e+00
1.155035350738217614e+00
8.898569455229758951e-01
8.850799987691539972e-01
8.101409517284694495e-01
1.123416251759147944e+00
1.091097122968374800e+00
9.872909247935839350e-01
1.020225837635319710e+00
1.190215111925855940e+00
8.792154755586393255e-01
1.000740320307937692e+00
9.589202226724351519e-01
1.184203933156660948e+00
9.200036585829789448e-01
9.312633867245201369e-01
1.115348642560925363e+00
1.025960298627794920e+00
1.015795716779870794e+00
1.169037160603951353e+00
9.495220481944270929e-01
8.928569639990000528e-01
9.145699828593416569e-01
1.108968455595603642e+00
8.824519108100398190e-01
1.230212833163597974e+00
8.359602185560933707e-01
1.001898905623239910e+00
9.695195703665180353e-01
1.170453125291541552e+00
1.109615793274634221e+00
8.050931705087340795e-01
1.069435827524854776e+00
1.005544470607230068e+00
1.077043214139098426e+00
9.152142188922630650e-01
1.172255874358332228e+00
1.025321935402972784e+00
1.154254035017460822e+00
9.048145120864656832e-01
8.559652952646322754e-01
9.270357430853823910e-01
1.195008729960714167e+00
8.663216831332474221e-01
9.032573682742495169e-01
9.812622493891361986e-01
1.045739413849588351e+00
9.398217503553019103e-01
1.084672742142262614e+00
1.010334293138664519e+00
9.818909155386270626e-01
1.149480514960902422e+00
1.121553179154448410e+00
1.101813804551347697e+00
1.169019232808108377e+00
1.001909312297730281e+00
1.169222720625469503e+00
1.071317981844948086e+00
9.083826650418986848e-01
8.995439019519204660e-01
9.094634784189115084e-01
8.732559286391641251e-01
9.303492274435289922e-01
9.290536141851235552e-01
1.039757066595349944e+00
8.134744728777015821e-01
1.063440516572416561e+00
9.892059692370247515e-01
8.762402652668088709e-01
1.118781264577472623e+00
1.002897011570629937e+00
1.098021523468421190e+00
1.028524494937184786e+00
1.058705187522989588e+00
9.391757789268805334e-01
1.013456162297997398e+00
1.073493685772877626e+00
9.275794440914164607e-01
1.036443378304686025e+00
8.425021428688623804e-01
1.046052475508207902e+00
1.009672642132555920e+00
9.070304381558078610e-01
1.144987022327446535e+00
9.977930144054896200e-01
9.532554475283667728e-01
1.101385056328530787e+00
9.826074223493157511e-01
9.860705248990635496e-01
8.892700948992993126e-01
9.516456404482862563e-01
1.153843626157587510e+00
8.866412374698586785e-01
9.027224746596941296e-01
8.517995019863942030e-01
1.035226800928547242e+00
8.970169871061601796e-01
8.770578053096806936e-01
9.578039115604946030e-01
1.189790834049185841e+00
8.808615182179468928e-01
1.076604744912710299e+00
1.120731909528587256e+00
8.737364422232851702e-01
9.399634262945966157e-01
9.932805105487751973e-01
1.102696969936022731e+00
1.088158212927508250e+00
1.100907304706651546e+00
1.236260006418502755e+00
9.853599215355983709e-01
1.067813466059632566e+00
9.356233981798682819e-01
1.053452255501851287e+00
1.048094753392441625e+00
9.745051219287020894e-01
1.201948628144442921e+00
8.775841902380518977e-01
1.036312062425604363e+00
1.069928041065369984e+00
1.118636248077748085e+00
9.590824707379729253e-01
8.597614412833403108e-01
1.169906522994051068e+00
1.007377176903816673e+00
1.015400054281971221e+00
8.376262288564502168e-01
1.042728134660975581e+00
9.475238859756205390e-01
9.984284361060526969e-01
1.006213006853445391e+00
1.111489951320417946e+00
9.780342213868197243e-01
1.044875405016410630e+00
1.088579190873464553e+00
1.096093214230029700e+00
9.853659244148811336e-01
9.103816526562811262e-01
9.094778093286697285e-01
8.911551100817355353e-01
1.078757025936263547e+00
8.560418990110953974e-01
1.122855593272753083e+00
1.175110560871148735e+00
1.175555494795397449e+00
1.096503799444171312e+00
9.033577843614050140e-01
1.013440950350988246e+00
9.290496301405948287e-01
9.874729722560003919e-01
9.168945709764564356e-01
1.182799701803753933e+00
1.048886954920010162e+00
1.134933840030460939e+00
1.086134338199549632e+00
9.421794655037943889e-01
9.879761204548669351e-01
8.521070557564196513e-01
9.393476428831386560e-01
1.034706273120558961e+00
1.102560496467053452e+00
9.846208130846563211e-01
1.183805897138273444e+00
1.097898125265420965e+00
9.383318181955040416e-01
9.805750554805207075e-01
1.050855792411964362e+00
9.069718311051311321e-01
1.142975797224452084e+00
9.493329647217068068e-01
9.602127280172392254e-01
9.667036269481128485e-01
1.077353758287911356e+00
1.074913366813006643e+00
1.083065093584519190e+00
1.052592895522812766e+00
9.905569436719817711e-01
1.076760926927835760e+00
1.024643487647559414e+00
9.106565901203711455e-01
1.014637700258624209e+00
1.004164244433319642e+00
1.050048935795965477e+00
8.680604664708038154e-01
9.547922069980421256e-01
9.839201938573343131e-01
1.119059056084117820e+00
1.063653887184340174e+00
1.047889551105426476e+00
9.933009388022773223e-01
8.426829798201349586e-01
1.070353067368097211e+00
8.956698245582419560e-01
9.942757428488901983e-01
1.013810543731607394e+00
1.141318372499149580e+00
8.896618689600295227e-01
9.130664934028446256e-01
1.098202654658599231e+00
8.579213062786857913e-01
1.017763867900934205e+00
7.673597456285492502e-01
9.420463635236484556e-01
1.032569021949181653e+00
9.646369437387072310e-01
9.990611145034420382e-01
9.332673053339146652e-01
9.990061780141739067e-01
7.847759030447414297e-01
1.076514886871652088e+00
1.015031710036384816e+00
1.137482681208157542e+00
1.030232738153046279e+00
1.019035856356268477e+00
1.070806198588348135e+00
1.022593725455682057e+00
8.396807471534413203e-01
1.080675841848731444e+00
9.931954308661120612e-01
9.454607452038716886e-01
1.055354674108921920e+00
1.188412185053779213e+00
1.005239464883171507e+00
9.235438389730046271e-01
1.174353876412363107e+00
1.152856550773772026e+00
8.902062653416281668e-01
