1.047194060844149899e+00
1.157438511532572267e+00
8.812836931487049164e-01
9.010699471602436894e-01
1.017768025078639837e+00
1.012204273552493206e+00
9.833890869097026144e-01
1.070841656894713667e+00
9.777261112704906942e-01
1.016724912830620386e+00
1.020115747081846935e+00
8.723956497603925220e-01
1.061812870860870728e+00
1.033831581799234511e+00
1.113613193705971671e+00
1.153815264812362740e+00
1.151172662219828391e+00
9.422533240114976394e-01
9.147991566583750789e-01
9.303027482428400941e-01
1.038657249978613528e+00
1.016232765331742671e+00
9.181423990431909488e-01
1.143017293720834271e+00
9.351717240726296065e-01
9.709000586116034448e-01
8.962047448420242812e-01
1.138341911121645067e+00
1.090174258959482501e+00
8.338465930618901290e-01
9.378451067016777554e-01
1.038727955891823207e+00
9.683503486855586928e-01
1.138998864568253611e+00
9.178893649403334631e-01
1.005578788998737316e+00
1.079174123760062054e+00
9.794368298563478348e-01
8.520648104073289542e-01
9.763002720135838253e-01
8.955926632958545186e-01
8.903350208318758785e-01
1.151821607932628666e+00
1.142763423308842841e+00
1.106697331989201283e+00
1.006629414225000740e+00
1.017268406964776828e+00
9.318161817300598670e-01
1.048741482735206176e+00
1.100315515806939315e+00
1.031144649190818274e+00
8.521860597606658594e-01
1.063554403165917650e+00
8.510450320684082026e-01
8.221015874236503596e-01
1.224922136583225019e+00
8.131899931586346053e-01
9.475139791609150652e-01
1.006748850909545467e+00
9.419229474914567746e-01
1.070957788467866934e+00
1.000329947031862954e+00
1.149780414226140524e+00
1.144637455029467121e+00
1.047054998848591767e+00
1.130049937846792307e+00
1.009640059000512569e+00
9.072498493712494172e-01
9.081749241382286453e-01
9.892959436002524143e-01
8.870950793995074912e-01
1.130128469380727640e+00
9.257386710948776187e-01
1.007976407500567051e+00
1.053536136542219781e+00
9.630222023781449536e-01
9.588022497133101840e-01
1.051438599184262968e+00
9.799377066807124503e-01
9.063523434882967411e-01
9.673301783022751898e-01
1.044093399184983229e+00
1.130201971623416846e+00
9.418925465984742118e-01
1.039504710860378545e+00
9.504380167195967122e-01
1.161723566151811715e+00
8.172799833264527969e-01
8.765900430718006620e-01
1.050460698852418773e+00
1.126083026987974689e+00
8.715154855361557651e-01
8.754443074242341805e-01
9.191307895762123037e-01
1.205741052877511654e+00
9.618373643673394646e-01
9.364791175152884506e-01
9.919725429411049289e-01
9.776598085469034860e-01
1.126854686708918196e+00
8.780824922030918689e-01
8.399645666779024245e-01
1.121494576268164955e+00
9.157813378448544928e-01
9.683323097151421699e-01
8.677937057085649553e-01
8.920618435363836252e-01
7.987776754017590353e-01
1.058853252544225576e+00
8.602683526941702352e-01
8.662028193787760788e-01
8.272342692512166806e-01
9.664126308675865529e-01
1.102502584645545625e+00
8.665372507179186501e-01
8.702166914093114602e-01
9.861439942509078183e-01
1.147225495735465506e+00
1.041441846346630173e+00
9.855025773404639811e-01
1.111657914579285977e+00
8.556948429621720198e-01
1.099006968510111371e+00
1.015376146710764038e+00
9.831279986739855925e-01
1.116680778693573517e+00
1.113684933057396798e+00
8.795695881761641521e-01
1.157034607817363892e+00
1.077273056210071855e+00
1.075607738559104298e+00
7.666888433157292848e-01
1.190813527675744332e+00
1.046490983135550890e+00
9.815279589905188118e-01
1.030509296261256758e+00
8.189841779730818727e-01
9.793448213552096160e-01
1.193244056005137610e+00
9.934716763491577840e-01
1.047108227993761131e+00
1.039823691591834409e+00
1.010159194478528200e+00
1.067909394658904221e+00
1.072496903133521196e+00
9.438567680036981100e-01
1.010846264228144165e+00
9.537098774427954506e-01
9.695618795355662733e-01
9.111035334440686917e-01
1.031366259819466169e+00
9.099720515291509493e-01
1.025710320584217072e+00
9.704847691457607617e-01
1.090352537844677450e+00
9.524940561880690382e-01
1.152184416551834234e+00
1.057745989799458330e+00
9.482716096961054664e-01
9.512139291674992503e-01
1.060685555462578478e+00
1.056700826123618597e+00
1.080840024494295060e+00
1.090088530791952559e+00
1.025696007242817398e+00
1.065108799915251758e+00
9.554046955924980766e-01
9.080309262552523908e-01
1.059035363024166454e+00
1.093971978722991789e+00
9.780975243809341135e-01
1.108133544763837852e+00
1.101418667318872613e+00
1.037733134454487560e+00
1.140272887077057318e+00
1.057679320489558039e+00
1.006419850756198997e+00
8.855278816544067677e-01
9.903318504345470785e-01
1.042332240029149482e+00
8.933771614652372683e-01
7.865850837250997207e-01
1.085071803269716417e+00
1.022086612059611044e+00
8.293309635489054532e-01
1.095576563172996565e+00
8.414504080488571791e-01
1.025385372617106494e+00
1.065953066866541343e+00
1.075350542575056245e+00
8.920047422613911481e-01
1.067893779882362448e+00
1.025961016192853847e+00
9.721237260662343171e-01
9.974419052994640822e-01
1.057534288718857907e+00
1.167208291443694312e+00
1.009120650634460770e+00
9.742548070034651175e-01
1.080789461616191049e+00
1.161516184809660679e+00
1.064525406203169933e+00
1.117489470175996535e+00
9.711013046603902410e-01
8.832371116896537977e-01
1.053629714033127218e+00
9.062424344996532488e-01
9.053757481852590105e-01
1.097284272710980613e+00
1.081816337384664761e+00
9.958233467379510317e-01
9.493818956548969457e-01
8.757047952057146478e-01
1.106909852154636331e+00
1.105531976761069846e+00
9.055804452521809544e-01
9.440422514919036834e-01
9.456893530887284793e-01
1.008111148371950483e+00
1.003080802759767742e+00
8.937401979326186074e-01
9.201685808344007844e-01
1.132651049972807966e+00
1.048942421217496701e+00
1.017950679426475658e+00
1.017112548959532514e+00
1.136095387806607571e+00
9.241873810595415684e-01
9.200826180915586683e-01
1.085611989693449519e+00
1.037668619678043136e+00
1.157243021815264061e+00
9.519332190504226077e-01
9.679776510739092066e-01
9.529956394628318339e-01
9.630957189773877714e-01
9.912076549482429222e-01
1.161243890667196021e+00
9.731995326297201432e-01
9.625422623557720048e-01
1.203844868626606113e+00
8.921074651546431200e-01
9.885309729244793342e-01
1.027087232309184861e+00
1.055539481911514699e+00
9.705792116571427819e-01
9.197232212790737993e-01
8.547489755653472354e-01
8.508895699426617387e-01
9.850847740921813145e-01
9.396800179812028198e-01
9.444030540933940898e-01
9.482178632286450970e-01
1.183396513821909135e+00
1.118914967132762506e+00
7.877486905676032158e-01
1.122875432847582289e+00
1.098261050692912910e+00
1.031384031184483074e+00
1.053541000532041583e+00
8.830607399212931918e-01
1.181011998984385691e+00
1.108627863527228419e+00
8.085339793349770598e-01
1.048014263898791043e+00
1.018319114370783929e+00
9.449270163581764415e-01
9.252884076523359980e-01
9.420047713593748817e-01
9.629461378786858816e-01
8.591541267619634548e-01
9.290485215478658798e-01
7.932764558265150701e-01
8.660314229671077779e-01
1.089495020962368610e+00
1.185959569580747885e+00
9.363300437600595716e-01
9.325597703282402229e-01
9.514402687203797893e-01
8.576451922937728956e-01
1.069712100683567702e+00
1.022978115744397565e+00
1.015039330058834510e+00
8.921273044939028729e-01
1.039466442412275704e+00
1.124838638434684679e+00
1.222995024734381042e+00
1.010474660558755122e+00
1.041516878063740492e+00
1.219666458935915188e+00
9.050518383511156895e-01
1.115094071578304646e+00
9.680678768937809320e-01
8.893232368487715700e-01
8.279262918195195997e-01
9.727552675770660962e-01
1.055691047190152831e+00
1.078481585900260331e+00
8.300867940731289085e-01
1.039358564729221168e+00
7.981024443786646216e-01
1.138931682948667534e+00
1.046068363874579132e+00
1.215613951356405043e+00
8.999592080372742497e-01
8.857319906081592142e-01
8.214849499477626660e-01
1.034237574394964776e+00
9.739963988265674111e-01
1.125906559791118866e+00
1.035935659945780962e+00
9.201551741014026842e-01
1.082880461591144261e+00
9.196346579248853015e-01
1.104778088064425567e+00
1.072500666944621761e+00
1.082362764711517489e+00
1.069304477918867846e+00
9.557119511827740777e-01
9.874356010455280774e-01
1.115401557705223201e+00
8.370046398941343169e-01
9.429686422247161026e-01
1.187389608522009699e+00
8.606477763312103679e-01
8.432156474146419445e-01
8.970300617051152337e-01
9.576045085334796703e-01
9.541318496286854689e-01
1.057020957331245681e+00
1.119959556928520117e+00
8.594801462609888976e-01
1.056196602000711415e+00
1.056907316961083199e+00
1.045800233421827485e+00
1.040635373441195943e+00
1.014720185646610151e+00
1.093764179409917991e+00
1.037116077908912581e+00
9.348952431153857434e-01
9.979906508452761615e-01
8.530080327548350549e-01
1.168847774133798367e+00
8.710871923654177618e-01
1.049751826145016054e+00
1.037236297600568680e+00
9.959992544527436209e-01
1.006282844875110882e+00
9.852122770632774085e-01
8.562217856721447973e-01
9.848446934300167932e-01
8.260866983942223296e-01
9.930491993567314157e-01
9.318004181871644143e-01
9.780077721190751916e-01
1.020297240119675042e+00
1.191882022210046355e+00
1.066303730929940352e+00
9.243886852083040839e-01
9.824925267621693603e-01
1.035797548606288920e+00
9.728271446907119646e-01
1.097121914589045844e+00
9.829441089401997900e-01
9.671142889835143697e-01
9.946793154205327836e-01
9.623732857494682325e-01
8.844115728474784000e-01
1.136420349467781143e+00
9.820485538562651051e-01
1.003793359498723170e+00
9.886370800143828852e-01
8.883426566570173932e-01
9.105397316245562589e-01
8.342761935701656917e-01
1.055305207614548157e+00
8.923556697155567985e-01
1.184048586791330848e+00
1.062556671049660562e+00
1.035042039852371643e+00
1.112328818291669741e+00
9.436898179919444019e-01
9.084642554158159911e-01
8.968603016702675346e-01
9.524763298175633608e-01
8.485014782934722222e-01
9.335885911900621004e-01
1.113220405528536627e+00
9.191841523335446684e-01
9.048038541058578410e-01
8.813985945067681627e-01
1.190274088802866670e+00
7.838094895912042226e-01
9.529676167570264589e-01
1.157308510732173445e+00
1.106870900933474067e+00
8.119863725112759223e-01
9.700222374154902072e-01
9.947884847143644294e-01
1.149148370283760379e+00
9.445730748029539381e-01
1.059127469529121957e+00
1.185680369522563504e+00
1.030670280912507453e+00
8.648437786766355329e-01
8.969032726962573587e-01
9.664248502400648588e-01
1.045580526411381550e+00
7.774651243837378267e-01
1.221574142998953061e+00
8.633153805449202967e-01
1.144850715703093380e+00
1.056936097605459146e+00
9.306412888452803012e-01
1.067171517705472139e+00
1.016784758885181272e+00
1.048927166612832362e+00
9.288138204979934365e-01
1.114418935260935717e+00
7.821488640689593375e-01
1.090217064520550672e+00
8.714419138215334648e-01
9.221443974517292697e-01
9.224051902450731699e-01
1.074835118977910398e+00
7.851020326772337743e-01
1.062267526169673904e+00
8.730450863275822648e-01
8.048725528896365500e-01
9.141145355175760434e-01
1.186524613248981952e+00
8.740221521477070654e-01
9.056828268113634728e-01
9.039482907667417688e-01
1.089726205228257250e+00
1.159409617969193285e+00
1.059109903581117118e+00
1.038910352401331672e+00
1.111613586006525267e+00
1.058041155722780680e+00
8.568839129917693587e-01
9.223195696583792458e-01
9.927356849339395994e-01
8.152718175829437586e-01
1.085024414318673136e+00
9.845186727742669675e-01
1.150614228955792573e+00
9.115060425175216530e-01
1.093787973199234376e+00
1.118778464597012690e+00
8.845581056943099263e-01
1.087984378434090127e+00
1.056025644045015310e+00
1.041348250905522299e+00
9.652087112248097789e-01
9.767155325813720035e-01
9.486464258515476811e-01
1.069993700688335103e+00
8.884037571875559314e-01
1.123357504060970902e+00
1.200164488608350899e+00
1.160045152726773887e+00
8.756460523570894772e-01
9.278471638695645618e-01
8.732176019373121267e-01
8.800946702702910907e-01
8.848821262262875909e-01
1.047308804902970181e+00
1.057125853202600885e+00
1.011580703435975614e+00
1.030731701266273781e+00
9.527595090439631154e-01
1.059705412255098622e+00
9.191236562819884437e-01
1.007451334039159985e+00
1.093546206936658383e+00
1.157650729023355751e+00
1.056806680343445937e+00
8.750864355022157648e-01
8.580349032790606234e-01
8.196662185793557320e-01
9.981516887802002191e-01
8.849183901137154251e-01
9.411943738689152461e-01
8.850730472287022810e-01
8.945895345295111767e-01
8.414617926769055734e-01
1.003290378476156652e+00
9.915132355582590984e-01
1.028143746814639492e+00
1.127911789307394663e+00
1.154188196429752455e+00
1.074160497153273663e+00
1.124632922947645275e+00
1.006248678957771592e+00
8.719174370781253014e-01
1.011442431865304581e+00
1.229183902474016321e+00
8.609345417332544548e-01
1.041928997473758667e+00
1.105373237442921486e+00
1.046892869946853821e+00
8.112112232094935704e-01
9.173037657191154270e-01
1.161068626753952504e+00
1.005792443190947516e+00
1.107274027301750063e+00
8.744430217739765920e-01
9.181931868711703526e-01
1.195187359818454809e+00
8.893420084836825001e-01
1.076495866778789168e+00
9.614902584153731668e-01
9.916613861696479404e-01
9.860683913767167574e-01
9.773759489810804890e-01
9.646308562234791051e-01
9.111719704422130972e-01
1.166192259648778373e+00
8.678517257119868766e-01
1.107643698808636223e+00
1.177804424383971815e+00
1.078839586407186690e+00
9.840577340059061262e-01
1.023430064929734984e+00
1.014438741264194199e+00
8.950231232793995906e-01
9.152997705307598375e-01
9.697744924391167309e-01
1.064143120267483589e+00
8.930245398216734021e-01
9.992517043193698267e-01
1.126042930702053413e+00
9.347590104735895578e-01
1.156929273119656987e+00
1.211656001805477167e+00
1.134491263044467901e+00
9.205358982187474837e-01
1.066066258569188685e+00
1.158431395084027926e+00
1.154751589331254547e+00
8.470866536294628935e-01
1.054661509094215299e+00
9.128774828023626942e-01
8.154384470163886789e-01
8.764814200678570089e-01
1.052492406613282139e+00
9.525362363178252467e-01
9.236561743168465455e-01
9.171859191784559329e-01
9.258237524203781765e-01
7.909824649976705535e-01
1.014324613245377149e+00
1.050658901062363926e+00
8.694852142233699954e-01
8.784733209514681285e-01
9.171339120199790695e-01
9.643294962477287902e-01
9.162486377691261286e-01
9.763452182637712973e-01
1.127535759209064015e+00
9.650936842369537416e-01
1.221150609758190786e+00
9.671000743814166523e-01
1.188362079833178209e+00
8.710657911372806650e-01
1.087574507655832079e+00
