9.488308813013603960e-01
9.689329711968555081e-01
9.060143613404674223e-01
8.097700878449081152e-01
1.020883194896390567e+00
8.738855394725159043e-01
9.837325453313554569e-01
1.003476048938560794e+00
1.110938058187570077e+00
1.010846070530472929e+00
1.204706678491676453e+00
8.711444000632242446e-01
1.100476943036660105e+00
1.047718062768695502e+00
9.804205376796262250e-01
1.057799613761487567e+00
9.084358730337511734e-01
9.130454914211635353e-01
9.906736275911095513e-01
1.155149499933856294e+00
8.368060282458202881e-01
1.045710731377033298e+00
8.973264083546717007e-01
9.257581666907501727e-01
1.210848884121187519e+00
1.065482671481911225e+00
1.084115102056339541e+00
9.300761560276640250e-01
1.006896237740909195e+00
1.163725140555861071e+00
9.142604779135965476e-01
1.067517968413423501e+00
9.680747560583988776e-01
1.147726643524222157e+00
1.062965784953243897e+00
8.281862743629632151e-01
1.017163749682162388e+00
8.614007084370497447e-01
8.140699531949557866e-01
1.194232730888062033e+00
9.782437245719448615e-01
9.666740226553049986e-01
9.695289460568807804e-01
1.042531690493661012e+00
1.027513554776516180e+00
1.170990434718168105e+00
9.212772308450176695e-01
1.079556202300191892e+00
1.138540430795422553e+00
1.068322287352469591e+00
9.141239170960833160e-01
9.939672732411923839e-01
1.074982584723567447e+00
9.840031988215407477e-01
9.834601791792443315e-01
9.120594281509493140e-01
8.794569335414821332e-01
1.069853559261271680e+00
1.104403746819729193e+00
8.636616831460419696e-01
1.028490225094650601e+00
9.642097046535275107e-01
1.053956980259517895e+00
9.358846831065543714e-01
1.064988154141625953e+00
8.593407766962493088e-01
8.442789821789897786e-01
1.068774296455308193e+00
1.083843649664549602e+00
9.993875452149776351e-01
8.674578766699043708e-01
1.104607902151443888e+00
1.086294984366217298e+00
9.584756930095440497e-01
8.651669149752179155e-01
9.357249428983773765e-01
1.128789532184206523e+00
1.123035792346410267e+00
1.054085471711184274e+00
1.077962735241275061e+00
8.081891510813405954e-01
9.663029502960582828e-01
1.001955345002659703e+00
9.365944647079472718e-01
9.676914593170753420e-01
8.224324934310158763e-01
9.866367106509341678e-01
1.045700083811892167e+00
8.879655834034450024e-01
1.037992176479553219e+00
8.747274984019250965e-01
9.237241599092165245e-01
9.435385099987267932e-01
1.117671525952076195e+00
1.036432021960039584e+00
1.122535899449830898e+00
8.870047150608629805e-01
8.971203340249689351e-01
1.194671046081600352e+00
9.446793255690288937e-01
9.119737103080265417e-01
1.044552304179709790e+00
9.636733472962291103e-01
1.008726844580374760e+00
1.178829803496437512e+00
1.165556058354388691e+00
9.917469075781808474e-01
1.025356435876783934e+00
9.124334373711047164e-01
8.712934319185412502e-01
1.117338083807644544e+00
8.066978103971372827e-01
1.051413441900207690e+00
8.639193990433190473e-01
1.076173475216584352e+00
8.941128601029244560e-01
8.589550001054098161e-01
8.855836388572617679e-01
1.037246728802649232e+00
8.312082842026274898e-01
8.831047179448769935e-01
1.031006398629505050e+00
1.045835316337162535e+00
9.481045318910651387e-01
1.039606049491469841e+00
9.351481865877034894e-01
9.324292351000145196e-01
8.884267028951740031e-01
1.128618850402046681e+00
1.023708452611991060e+00
8.753932351254057886e-01
1.073038521937613066e+00
1.039173078448008436e+00
9.239298440939539558e-01
9.900616918442277647e-01
1.006431543114157279e+00
9.898681491455747494e-01
7.755848190928871233e-01
8.776913030173402186e-01
8.712753705461717679e-01
9.775888448244189899e-01
1.143381928042360940e+00
8.349917341506237767e-01
9.342695869295946087e-01
1.015273314779230329e+00
1.204848062713884671e+00
8.656753699532894197e-01
9.393902128962827724e-01
9.464584994435476517e-01
9.178974430875095347e-01
1.144098828995002926e+00
1.065986623966629576e+00
1.092287412605112973e+00
9.765601368604133192e-01
8.746697274574460890e-01
8.244333747645689048e-01
1.023122127659929603e+00
1.015966766746085437e+00
9.563587036535943220e-01
9.380390030071692475e-01
1.144018776161070061e+00
9.667466118819976195e-01
1.061776664242783719e+00
1.187609634326194152e+00
9.417912977154621057e-01
9.339941954887736042e-01
9.585501138064547177e-01
9.985320049610721949e-01
1.087417086679281164e+00
1.119497874433624585e+00
9.972603158483903663e-01
9.180974582095500214e-01
9.567669712629612855e-01
9.107442905920346554e-01
9.463915699735561127e-01
9.374833676196239196e-01
1.185751874910325965e+00
9.021804177710250894e-01
8.651771033588053772e-01
9.532973754348914586e-01
1.041290246293560040e+00
9.511198529127125045e-01
9.070709625960888811e-01
1.003756595536329455e+00
9.663587944963020204e-01
1.057209835699443268e+00
9.602588318553839652e-01
1.049620825587911144e+00
1.007460604159955642e+00
1.201581819575523902e+00
1.081929822855657752e+00
9.962968090992949666e-01
8.542658092251398383e-01
1.022806044897445865e+00
9.749754605969567223e-01
1.136922787367720566e+00
1.042557731694409240e+00
1.025367004116977787e+00
1.067848064793821994e+00
8.610077506971129946e-01
9.494105160411163702e-01
1.106505423835825175e+00
9.716135538093910728e-01
8.959256354423851265e-01
1.130568207933517089e+00
1.048743183864604855e+00
1.080890859534351822e+00
1.064236359122836761e+00
1.195349125674748159e+00
1.050409115363470480e+00
1.114387905505237697e+00
8.767529061046563932e-01
1.099459969423474126e+00
1.034236671546035380e+00
9.870158238805217810e-01
1.098416140892513715e+00
9.398870800198886322e-01
8.151140168354693571e-01
8.231268638177329233e-01
1.015420794952350381e+00
1.123781040710972956e+00
1.026317322341623539e+00
9.183068211282479076e-01
1.119388636314999630e+00
8.811303733360542623e-01
8.988930697844441653e-01
1.049014972554876968e+00
1.082975728975809293e+00
1.071893042210730007e+00
8.872889202751261806e-01
1.164960877364698888e+00
8.720231384019041521e-01
8.571390000582121971e-01
1.145677125269293661e+00
1.055399126506832097e+00
1.017444262200778438e+00
1.196839985355195202e+00
8.661734974108741270e-01
8.983414840591359418e-01
9.758922897295845278e-01
1.029045837060878155e+00
1.151313437107130744e+00
1.001155057871452980e+00
9.327189882331269333e-01
9.444657148756951948e-01
1.102261755199676285e+00
1.068416411947425981e+00
1.072641416823715499e+00
9.383537408510461697e-01
9.711450612464322951e-01
1.049249964856209916e+00
8.908442501241105038e-01
1.193827050423586167e+00
9.486782690649916416e-01
1.002866386670976162e+00
8.529243087028406389e-01
1.053299814142266255e+00
1.003700385626900893e+00
1.039073863692318467e+00
1.024490931438371222e+00
1.115785841739630024e+00
9.168476346315546088e-01
1.162936156360724338e+00
1.204585004228206246e+00
1.037670178691531886e+00
1.029449444513969691e+00
1.007639158200949847e+00
1.027831588401764584e+00
1.041532762606887097e+00
8.252337106467373395e-01
1.137590363610297306e+00
8.846248382898820317e-01
8.232297754610593543e-01
1.071920389417647668e+00
8.962062689910000879e-01
8.728971300505500297e-01
1.230383609147126522e+00
1.020076225068370146e+00
1.177807181942138737e+00
9.545417618124218961e-01
1.042800059606272534e+00
1.008293620198336793e+00
1.012402973474040513e+00
9.705276308501739058e-01
9.719739501940021231e-01
1.013990701383477022e+00
8.080563225498222923e-01
9.318903846267456714e-01
1.101416270286448063e+00
1.095381223532360560e+00
1.008833967656453501e+00
1.090354751751956952e+00
1.053203185169818479e+00
8.688416204534767928e-01
8.547107156126635408e-01
1.034691431025790420e+00
1.088344536820347042e+00
8.568305494697378011e-01
1.140057165711636955e+00
9.948538147370065143e-01
8.571841679012817128e-01
8.543730086907010968e-01
9.994048009991048920e-01
8.562031479498518616e-01
1.065626073694581510e+00
9.254805285595140152e-01
1.072321190586668305e+00
1.073828059557344172e+00
1.113169603941817742e+00
1.040641785440686418e+00
9.181452952323954086e-01
9.237394972014550953e-01
1.140501345535143152e+00
1.038437121994793211e+00
1.050450094228547737e+00
9.776781827687223148e-01
9.612850433784490001e-01
9.607486278555602555e-01
1.034751299355622045e+00
1.035444626282350233e+00
8.325137383431782112e-01
9.855376834437251654e-01
9.533249424903678104e-01
9.281140771618128227e-01
8.880116029304259140e-01
8.954996787344149389e-01
1.029670989172302376e+00
1.014872016600643301e+00
9.734739212047807122e-01
1.092628039492080649e+00
8.910809671756974026e-01
1.040831943530340808e+00
1.115868217732973289e+00
9.277964575966066718e-01
1.161886358589932833e+00
1.109199530596507444e+00
9.465888372531459094e-01
1.020994489610118405e+00
8.314868299102666782e-01
1.022738073458266728e+00
1.018505951279649047e+00
9.639416064087400482e-01
9.856272310387066415e-01
1.161179116761893004e+00
1.009946102416004354e+00
1.088853944472794044e+00
9.253827181463507578e-01
1.137219352198798328e+00
1.148564086325767120e+00
1.075398611920935776e+00
1.078012610368783708e+00
1.045887647960310307e+00
9.551821809009413133e-01
8.848257158862293803e-01
9.846730519461390774e-01
7.941010813353992503e-01
1.062631901645499255e+00
9.388551497422583658e-01
1.000496718835402143e+00
1.089565823261027244e+00
1.051786475553101452e+00
9.703030619253564248e-01
1.013920091428763381e+00
1.020528825664388517e+00
1.095307782332482160e+00
1.140721282249681945e+00
8.403360223017483088e-01
9.581483305653130111e-01
9.091050402156896082e-01
1.101833556355467092e+00
1.050497684531267684e+00
1.142472743165483084e+00
1.031207994914574044e+00
1.157612945748131894e+00
9.955559446962698456e-01
8.697803440166828048e-01
9.582835000124706459e-01
1.051689937151424781e+00
1.065880647281719940e+00
7.853082513133451403e-01
1.069446275513783462e+00
8.231459766389646049e-01
1.074725338146781839e+00
1.114592435100320245e+00
8.758023039756954731e-01
9.909676750059988048e-01
1.101917824362229847e+00
1.141058074649126564e+00
1.074576640523161597e+00
9.322743829398603133e-01
9.334738072551646004e-01
8.241178435306777406e-01
1.069258921643426952e+00
1.140051938380939545e+00
9.776339540857079680e-01
1.063003134853491183e+00
8.513732949364559710e-01
8.275464536580070529e-01
8.838305056979439689e-01
1.097338640982051805e+00
9.682292803520426983e-01
9.924743656825127935e-01
9.644752522722129795e-01
1.020903476772454965e+00
9.052168435104575028e-01
1.020618800309145424e+00
8.423690879604648352e-01
9.405331637796199296e-01
1.027777450462807440e+00
9.930279874525002048e-01
9.952378712162246455e-01
8.808144135510200812e-01
1.030440710437688701e+00
8.011306720228641431e-01
9.589052086849307877e-01
1.069480353834652675e+00
9.099169586012177957e-01
1.008088388956222881e+00
9.724427250584908311e-01
8.962109098938046969e-01
1.083562183203990559e+00
1.099596847629443541e+00
9.589880265322479058e-01
9.816268154080793895e-01
1.121643212512962506e+00
1.000013677737026985e+00
1.052144344268056475e+00
1.050248378798729343e+00
1.043615252040091645e+00
1.059528307233183142e+00
1.044299986578093531e+00
8.606341893496345374e-01
8.217257149157697338e-01
1.149420700990873456e+00
8.063792482624445590e-01
9.666180599410431062e-01
1.064835007855545301e+00
9.073609579907202516e-01
1.103550788895298229e+00
1.041423936935330863e+00
9.346057913415708462e-01
9.385004782994526007e-01
1.038978209932830854e+00
8.298802457793255094e-01
9.261539982580828667e-01
1.022255484854551533e+00
1.092081166275600035e+00
1.060510085450356854e+00
9.002292241349219015e-01
9.668952816550735463e-01
8.769877477988037295e-01
1.068175499715535715e+00
9.606792891186501926e-01
1.109459748501185672e+00
1.142464951354918545e+00
1.007119294007345900e+00
8.936946836067554134e-01
9.355487939324519386e-01
9.410820866129769868e-01
8.808689843303427747e-01
8.414546983693391713e-01
8.178464000342500206e-01
8.974166819164139941e-01
1.002739847089219039e+00
7.591848175015134537e-01
9.385120450340067588e-01
1.078724699265918519e+00
1.066206668303538052e+00
9.659953469749664734e-01
8.629441988629211746e-01
1.021745942222371362e+00
8.596643714106280143e-01
1.071463532661810936e+00
7.780219030664530244e-01
1.120878929746561559e+00
9.653155207829211548e-01
8.834731018223682675e-01
1.114642310843377615e+00
8.224305688871341724e-01
1.050137365074147899e+00
1.126089950685313479e+00
9.780161866028709294e-01
9.196934959292998313e-01
9.615119237425451271e-01
1.231208854103505557e+00
9.146295099138792573e-01
9.648302129456370890e-01
9.908439382781044635e-01
9.463149720864374448e-01
8.823710952643242234e-01
1.086959901612660762e+00
1.166444942693054321e+00
1.095078244122726030e+00
1.058898986269184217e+00
1.053203342285101485e+00
9.283497594627668770e-01
1.059455060276286664e+00
1.068240950266361011e+00
1.034421367102352329e+00
1.013905484128002854e+00
1.013684770995719076e+00
8.920837555981598888e-01
1.059592752474833643e+00
1.039519961771747658e+00
9.523694083383049680e-01
1.102649151331697830e+00
1.059864101691135208e+00
8.888428730399029476e-01
8.297411126202978160e-01
1.040812183384369538e+00
9.155781117203538599e-01
1.137219075103318877e+00
1.192742683507249879e+00
1.100939319991214749e+00
1.050173661854330032e+00
9.667267882331188611e-01
1.040339718732004703e+00
9.905390576114625478e-01
9.251032742060214531e-01
1.202556270996746113e+00
9.469742288350039283e-01
9.217027481610744477e-01
9.469839620333743158e-01
1.212747704044837560e+00
1.046912833352879657e+00
1.087842231918698443e+00
1.063830081522947335e+00
8.931427952751546107e-01
1.008907388212650469e+00
1.136335144326745095e+00
1.136267764287264947e+00
1.080683411300013219e+00
1.092812017514138034e+00
1.019304467980898465e+00
8.426153965466820495e-01
8.858849346663508761e-01
9.068835737506731887e-01
9.900022375574888400e-01
1.095350009651248291e+00
1.113758744033001236e+00
1.009158508788471798e+00
1.209002042755824791e+00
1.066190017085188790e+00
1.008108510624925902e+00
9.831152176012252220e-01
9.649765441057188697e-01
1.097493146985765389e+00
8.747180534083205394e-01
1.120750788060649983e+00
9.398851060700537108e-01
1.145752147802791887e+00
1.048914394802763939e+00
8.454809701746797135e-01
1.000155463023819191e+00
9.728646317329496807e-01
1.036257016187590585e+00
1.053955497391088958e+00
1.025086254974358457e+00
1.053335004162281319e+00
8.808007478342934071e-01
1.108444422965136456e+00
1.035118153984530665e+00
1.008732014490532514e+00
1.011103566828241540e+00
1.177791059470251644e+00
1.040889092147344375e+00
8.766099601422738807e-01
