9.313201459909938862e-01
1.066942321597140531e+00
9.610693048685312601e-01
1.071169972061793541e+00
7.908829478329080231e-01
1.019271286562748235e+00
1.051334792563367815e+00
9.798991422393874551e-01
1.014244720241922471e+00
9.775894267408813398e-01
1.028558467060349813e+00
1.206785262216806265e+00
9.380622242190288507e-01
9.526103197913802223e-01
9.820109429000620782e-01
1.053384549922011137e+00
1.043518635293020358e+00
1.061513272304910993e+00
1.120746156365686863e+00
1.129117743792884099e+00
9.167312606242500328e-01
9.614364969910551562e-01
9.749077553519384098e-01
1.069823913620405076e+00
1.116987609152479521e+00
1.053104873700151822e+00
1.110459670720530534e+00
9.529575793981142073e-01
8.602555167943266579e-01
1.134366008211252774e+00
9.843403176694800472e-01
1.068093130340050045e+00
1.115853139857795995e+00
1.029209433545025476e+00
1.107183350724176618e+00
1.159541714944055002e+00
9.194137904919925663e-01
9.246063063280021144e-01
9.092501232462426586e-01
9.578851370791015007e-01
1.173906896542886935e+00
1.193960630225597175e+00
8.454858783559799917e-01
1.097990410279334306e+00
9.501008921308951027e-01
9.496081009686005991e-01
1.148289332213379588e+00
8.129112111239089611e-01
9.089162589810577675e-01
1.075134350893141910e+00
1.038079558187684270e+00
1.140546357990021908e+00
8.636392456146132490e-01
8.710679658740562159e-01
8.807722852434729521e-01
8.823495517910178165e-01
9.298609024702717551e-01
9.317492532177475972e-01
9.678757525609229528e-01
9.624030035216759593e-01
1.120348062702943182e+00
9.793913773142564061e-01
9.945774549806858378e-01
8.400778921601561589e-01
9.798463846307590153e-01
9.643830513206466115e-01
8.313386505198838705e-01
1.030595572209812349e+00
9.034169962467130111e-01
1.090259698874546324e+00
9.889057219362660245e-01
1.090009713337446895e+00
1.016876500661201943e+00
9.302660699023179713e-01
1.144332531616785165e+00
9.281357976646539276e-01
1.125934395128585619e+00
1.191760265091486470e+00
1.063334928025630788e+00
1.070583922206807204e+00
1.033710880833242696e+00
1.020401441388828268e+00
9.670692174131196861e-01
1.091940513144707747e+00
1.055607187991219664e+00
9.440981788449145373e-01
8.699838177966494612e-01
1.025724168087815968e+00
1.189222699114496740e+00
1.090363739983160940e+00
9.870013262791403896e-01
1.130087612894405735e+00
1.218124042582940714e+00
9.644173546725320900e-01
9.547961984698615234e-01
9.905894917442304992e-01
8.474858085845226041e-01
8.870329966770512664e-01
9.266333488744511460e-01
8.463619305984106944e-01
8.920159566428225162e-01
1.176001559821451270e+00
1.008766490620668810e+00
1.037943174709459182e+00
1.081492755602888156e+00
9.304003397397977437e-01
9.518237701207692414e-01
1.053613802192109983e+00
9.411597508613289698e-01
1.090495592947537062e+00
1.166195242339289617e+00
1.084833133163380925e+00
9.354010531113865490e-01
1.168836117546892206e+00
9.598583695321980525e-01
8.323735277102062291e-01
9.946920751027298335e-01
9.187433752856750679e-01
9.865316907065748708e-01
9.994534993466108741e-01
7.871102652330096427e-01
9.147540940834011369e-01
1.082339519052353261e+00
1.026540450402286364e+00
9.360179858790363960e-01
9.326688630055244289e-01
8.849913049865905101e-01
9.980642972494175869e-01
1.123153224199938016e+00
9.406359265671777603e-01
8.007308186249468829e-01
1.060441583571678059e+00
8.831051551335769023e-01
8.616942959604991792e-01
9.874943982053767666e-01
8.238434019338152225e-01
8.794133108308261892e-01
1.121070394947910831e+00
1.037366831208196061e+00
8.130543383062661666e-01
8.827950711182976917e-01
8.164249381854882248e-01
8.984870514723773960e-01
8.771307913717634186e-01
1.165609449814813070e+00
1.198099136172947832e+00
1.042665084185230517e+00
1.210208320445457009e+00
1.167922773126555569e+00
9.619411283560084236e-01
1.036433262660507726e+00
1.053558358534384176e+00
1.026883010780969885e+00
8.056874172392003430e-01
1.037407888912925236e+00
1.014863815694807325e+00
9.758706742567396786e-01
1.090434913371971515e+00
1.099620592854506196e+00
1.051518805493298014e+00
8.723348615152507479e-01
8.381498850490889385e-01
9.105623148729820038e-01
8.926362882564532475e-01
1.068135749861416350e+00
1.175710281012916081e+00
9.608575573945787873e-01
9.037856383927069803e-01
1.022817666944426662e+00
9.990580239282437214e-01
1.123779437047244922e+00
9.507265936647987248e-01
9.495026964266024549e-01
8.361895268868045905e-01
1.026395486050435624e+00
9.389756643013560389e-01
8.510917884224598051e-01
1.052412754383379001e+00
1.187154648629328291e+00
7.776689310766919938e-01
9.038367326797791534e-01
9.534970107406961493e-01
1.071336670617044851e+00
8.501463707980915219e-01
1.017268383613968874e+00
9.436314549191262557e-01
1.045943446800290388e+00
9.893483628724168977e-01
8.958665127299054731e-01
1.048310739865721430e+00
9.603177448693758222e-01
1.005997691055885879e+00
9.338631099843852645e-01
9.541445818295011261e-01
1.035900651255236005e+00
1.184610553662541754e+00
9.396190091227683006e-01
1.068804134705705122e+00
9.345327135974400568e-01
1.079103856022215480e+00
1.171587933230368916e+00
9.692201791333259209e-01
9.850089792420102519e-01
9.785573647382056484e-01
1.008662536668966547e+00
9.964679189101766088e-01
9.857756429501967066e-01
1.002235721848685257e+00
9.104290871340826596e-01
1.078560548025355281e+00
9.764720743308965556e-01
1.107588036381589536e+00
1.116890218801914081e+00
9.799235446437970509e-01
8.567260994645128358e-01
1.090747158326172084e+00
1.010539035548625009e+00
1.088076052076772049e+00
1.006591545025923518e+00
1.032416846331483118e+00
1.074835238472545251e+00
1.023439006710280985e+00
1.155946693388282487e+00
9.986766706239431635e-01
9.860784460005185270e-01
1.057531760054877035e+00
1.076510181632230001e+00
8.693359595574854382e-01
8.570728179568212202e-01
1.124474007862981351e+00
8.676196979289448885e-01
1.061479147620564278e+00
1.063938710950859790e+00
9.340317352259317474e-01
8.888188791127147326e-01
1.013154491206274876e+00
9.579599498167592486e-01
1.154660360600080704e+00
8.970076915080043012e-01
9.376744434668901063e-01
9.176550344545403304e-01
8.911123002294998319e-01
1.102268198797690779e+00
1.083105787008847853e+00
9.124094763663791463e-01
9.283098349674357985e-01
1.099425938899042610e+00
8.358027234493837776e-01
1.171096105716119773e+00
8.962622036523674174e-01
8.919754850881781438e-01
1.024679999024391330e+00
1.138470902620987601e+00
8.314324309431284643e-01
1.053920767349429743e+00
9.111504327233000966e-01
8.251290739984465938e-01
1.064436184016678055e+00
9.511575625383674737e-01
1.056421784868466274e+00
1.169955458618406219e+00
8.709370536606303448e-01
8.862999142699896638e-01
9.039989435962918485e-01
9.908918020564156937e-01
8.687101782137560679e-01
9.951208965843709731e-01
1.146409877522756915e+00
1.146889987469776662e+00
9.037600758943784562e-01
8.494487736049793902e-01
1.023879911650313668e+00
1.168795591389808264e+00
9.750266773375562135e-01
1.092952094707714705e+00
8.873425771402503326e-01
1.157257362213469198e+00
1.224121114325598780e+00
9.350981025117228729e-01
1.082110615477305249e+00
1.022916643198116260e+00
9.014805585015386313e-01
9.346768397722338140e-01
9.600756982525177063e-01
9.097187525038605838e-01
1.165740672720954940e+00
9.894301738681585690e-01
1.165346116068910920e+00
8.251727901643419738e-01
1.020436759498229318e+00
9.056780687806427199e-01
8.311643086997146934e-01
1.024018150670780614e+00
9.852582141545279670e-01
9.454742130480455753e-01
1.019746059321680498e+00
9.326174800651289010e-01
8.494699563240948326e-01
9.803681162175079677e-01
1.049737048238333026e+00
9.479774367535096502e-01
9.026371179639871567e-01
8.299625749744674597e-01
1.084091269626860976e+00
9.910076827242462194e-01
9.320202091942442202e-01
7.868118500037578622e-01
8.471625499607642329e-01
9.318797944739034556e-01
9.267167041901616109e-01
9.677736520222979255e-01
9.690702297736536464e-01
8.590649181784588695e-01
1.023232670578122283e+00
1.021665865469987500e+00
1.097392114143683983e+00
8.747743394587516041e-01
1.094054280026272252e+00
8.138100343124553548e-01
9.674753597494736290e-01
1.139243119047327779e+00
8.209804803026301556e-01
1.024487861890825968e+00
1.047544843908688295e+00
8.336396158162572290e-01
1.162584086626205826e+00
1.147375164264229808e+00
1.167249434717559042e+00
1.095981788876325691e+00
8.557486548673470805e-01
9.610886123168781436e-01
9.641676778790529978e-01
1.088940773542708573e+00
8.521059027574970912e-01
8.367514687047221678e-01
9.955229221948164176e-01
1.153872133257181742e+00
1.090694285500306338e+00
9.879054872152231992e-01
1.144686134829157709e+00
1.049962093775347327e+00
9.916994860953469715e-01
9.109253030656470074e-01
9.837932695236601965e-01
1.153661500930205142e+00
1.031193138554967303e+00
1.057026286239558077e+00
1.072969769710037324e+00
1.113726630862165834e+00
1.028592621619436986e+00
1.116820731866118743e+00
1.060641375310321877e+00
8.227102380437397722e-01
1.080572577975422943e+00
9.863506700561921470e-01
1.121394194513623876e+00
1.136011911082908110e+00
1.155296379593400369e+00
9.258951452049842823e-01
8.799404142253512973e-01
1.110339531161186777e+00
8.794240358608045316e-01
9.566670954172438179e-01
9.197504444424794423e-01
1.025290780312181127e+00
8.295156916872226116e-01
8.325658424549242653e-01
1.016226111213156313e+00
1.062159003551864656e+00
1.099440739969629766e+00
1.122614570163474434e+00
9.929970008129211934e-01
9.322571178668817016e-01
1.063406583528586857e+00
1.086333163106515176e+00
1.058174350974653954e+00
1.015887917341085744e+00
1.004054846672258750e+00
1.040280959818313367e+00
9.556056399632515408e-01
9.521019161554498123e-01
9.175379270958141653e-01
1.097079036645370653e+00
1.212438603500206158e+00
8.784081246809867238e-01
7.811090970313249171e-01
8.137560478430709843e-01
9.381044607731037210e-01
1.102382055293210428e+00
9.826936465003348609e-01
9.295905287505399350e-01
8.637626663523463311e-01
9.787036814016831787e-01
9.105293676614699683e-01
1.108292715793610439e+00
1.144900326604771479e+00
1.080827828334473439e+00
9.599639914317424916e-01
1.042577550017739441e+00
1.017306483783018800e+00
1.112065347198365473e+00
1.063008618536373850e+00
1.098213112148159532e+00
1.049692060511083103e+00
8.192932808716089088e-01
1.168843942688409632e+00
1.184527719654307365e+00
9.131601222455676403e-01
1.075161918113050064e+00
1.041943227660898419e+00
8.900317556990787748e-01
1.030318809631050492e+00
1.105249825169256184e+00
9.535140142538547359e-01
1.024301197806976482e+00
9.467827299630766635e-01
1.116077632780275941e+00
9.580187985927359762e-01
9.724353688866096412e-01
1.005692667816275199e+00
1.176205600696136111e+00
9.737410608822856251e-01
8.920928152436875536e-01
8.315356612069986220e-01
8.080416939172307966e-01
1.120762463901052275e+00
8.447242099332410437e-01
9.729815110431383474e-01
8.639341543204186458e-01
1.142457782084645768e+00
9.330971089166117949e-01
9.279388685468343834e-01
8.871757482915714199e-01
1.072503122917263685e+00
1.050154345339694206e+00
9.419089342051873981e-01
8.663306517854745259e-01
8.777667648141873613e-01
9.848757417763276401e-01
8.605715929944027787e-01
9.281205820351672298e-01
8.256763744763089274e-01
1.145864680644223643e+00
9.488755726757966968e-01
9.349441860888016986e-01
1.093559430829257773e+00
8.734892052392543293e-01
1.029009683966217059e+00
8.475848472900724406e-01
9.291482289969411612e-01
1.058192852690669206e+00
9.165476019081213455e-01
9.090006513887471939e-01
1.041655164813881873e+00
9.319634320011064288e-01
9.006251504362466909e-01
1.028237912649286434e+00
9.111185108380439601e-01
9.525798362181855383e-01
9.493890973378931175e-01
1.134797968795654866e+00
7.729299904715507541e-01
1.092040280371348704e+00
1.150200053122656385e+00
1.084558691709371248e+00
1.070908469803832030e+00
9.611238427152513086e-01
9.160233706362419515e-01
1.089164197446692128e+00
1.216548087623287921e+00
1.192532504932814597e+00
1.114792579423041774e+00
1.019169529785635575e+00
9.960171633411434300e-01
1.055624989380902212e+00
1.024879919014366259e+00
9.891270801728202500e-01
9.406618740333070328e-01
9.888451849903432400e-01
8.774232985682376418e-01
9.357149605937979953e-01
1.076626079022359850e+00
1.057489349963953051e+00
1.104290980767883124e+00
1.056156176010796699e+00
1.084788385559881885e+00
8.816532797009681843e-01
1.025243647231154576e+00
1.037070881645332676e+00
8.706014283712856239e-01
1.087845392886705564e+00
9.779879074797117600e-01
9.531007969794236256e-01
9.732124431539483922e-01
1.061367172341409315e+00
9.926825934748152447e-01
1.032780344798797767e+00
1.001246565656780163e+00
8.963073349491370578e-01
1.166455756501151741e+00
1.007800961777869153e+00
1.104972179153297374e+00
1.049192657966076192e+00
8.560277910646416633e-01
9.017835736706107941e-01
1.113402883428501022e+00
9.538388250590721373e-01
9.864235945135416683e-01
1.157618174049244608e+00
9.211318180742535944e-01
1.057161352056432690e+00
1.022874932738746523e+00
7.903880697586586068e-01
8.737435427377834296e-01
8.083329631205770083e-01
1.002564891030961025e+00
1.087816606991964363e+00
9.510835951676710476e-01
1.042947232715944583e+00
9.654729699240973684e-01
9.808623320712173133e-01
1.174528647528774172e+00
8.397817652461770921e-01
1.064819001489504480e+00
9.297261928939927200e-01
9.858533039125183528e-01
1.149620797084940138e+00
1.013685664147110810e+00
9.117872207397853535e-01
1.012367052826419034e+00
9.851363323608635092e-01
8.781339751889642997e-01
1.087528923925559887e+00
1.132544924698765110e+00
1.101862349020131582e+00
1.113873654317289796e+00
8.173411053947983174e-01
1.111469094660860080e+00
1.025918445825912073e+00
1.123891876352480779e+00
1.085699146629801159e+00
8.985775932205453120e-01
8.217904912100844061e-01
8.350425972032369248e-01
9.322502710082283262e-01
9.288266486321717919e-01
9.690114603815240812e-01
1.065441890242798229e+00
1.067777141475416025e+00
9.436289605477019560e-01
9.334920251420490978e-01
9.683248818928009705e-01
1.007372444989307114e+00
1.111270764174258963e+00
1.053941369407762618e+00
1.088437564276474312e+00
9.825261212417962797e-01
1.085162721944655573e+00
9.233537806851501717e-01
1.040958959884351609e+00
8.676304893904533966e-01
9.191739013858768459e-01
1.098690246177090657e+00
1.102961655984632472e+00
9.358390430402883098e-01
1.079427460903020997e+00
1.009748013857193705e+00
