8.871912986386969457e-01
8.918362472495566795e-01
1.024700900811908344e+00
9.080745744020841670e-01
1.183016342156010037e+00
1.072305419503454704e+00
8.916927479919427579e-01
1.106280770605691632e+00
8.916726509379171439e-01
8.335823198636186371e-01
1.195359994700395223e+00
1.037201956949358461e+00
8.114103033456356862e-01
8.533170740343645200e-01
1.089166473295143156e+00
1.148758333075434290e+00
1.086684155808117280e+00
9.376373848430854530e-01
9.590445534404272721e-01
8.922037003882022921e-01
9.140485153604562818e-01
8.666352440554896397e-01
9.573020135124508112e-01
1.045948902452827678e+00
8.744795603360078218e-01
9.334628563276384794e-01
9.399389879624300281e-01
1.115304526680958475e+00
9.207622311884192667e-01
9.504904839166936625e-01
9.945471413151928397e-01
9.453476424872043760e-01
1.134777512188605453e+00
1.018676085062272696e+00
8.852108535663076871e-01
8.327593159148745094e-01
1.030215354191891919e+00
1.101074021361529320e+00
8.979270787233544215e-01
1.074709494776809660e+00
9.387765175477531532e-01
1.130273240002900748e+00
8.494980224428980708e-01
9.715079623143781928e-01
1.100374306466024521e+00
9.124394623527842807e-01
1.007641127469547149e+00
1.139808153895230047e+00
1.104246418264598129e+00
9.051323318122146411e-01
1.147584786567918957e+00
8.854239428298911196e-01
1.028862405211682818e+00
9.911702614299937597e-01
1.076839717046041089e+00
9.649254627065928513e-01
1.207936679893767407e+00
9.788691559888971216e-01
8.692849018254942273e-01
1.199825826046658328e+00
8.849626350387277407e-01
9.664525225016865617e-01
8.311407217535378145e-01
9.836943944912291959e-01
1.058306268707800202e+00
8.267098605321652194e-01
8.828341370433578916e-01
9.341380482399022078e-01
9.292405345944769746e-01
1.115566919518324429e+00
8.943325932261837474e-01
9.834934905000410899e-01
1.010319768129292806e+00
1.009097846647424301e+00
9.218269553701844421e-01
1.124889622340482953e+00
9.566425813185439608e-01
9.182012450249197322e-01
8.944166401990318871e-01
8.760247399105802746e-01
9.663995055295044878e-01
1.016042674298385018e+00
9.260562505843950021e-01
1.241017362965941340e+00
1.009276461766439592e+00
8.677760701840799840e-01
1.113170307246723612e+00
1.048034638838855725e+00
9.984688481434422780e-01
9.600612759090922932e-01
1.164704288895635598e+00
9.488501906595064872e-01
7.819141296814955400e-01
9.714675465293710621e-01
1.138424872142032696e+00
9.167337155335376631e-01
9.152508257645537437e-01
1.006362938018054987e+00
9.909930645467563970e-01
9.060192207975479306e-01
1.074428932511017898e+00
9.877011855121633488e-01
1.171861236103334480e+00
1.182899111207109888e+00
9.307082059412623565e-01
1.058404177612069841e+00
9.804327526129026360e-01
8.049977999113155924e-01
1.171095624229563814e+00
9.724398350701085603e-01
9.911113453940537665e-01
1.127428309558330399e+00
1.145530629279112533e+00
1.096309177121352896e+00
9.155872850505943905e-01
1.088608017424617547e+00
9.083931771565733060e-01
1.107095224556484458e+00
1.005062359139666794e+00
9.502900114553475275e-01
9.900441494258269692e-01
1.030241009408102482e+00
8.607689352478932188e-01
9.783218912279524337e-01
8.370060687179484704e-01
1.069491710343920099e+00
1.004088897642931189e+00
8.469267158018136676e-01
1.109399835741597062e+00
1.045583924266997089e+00
1.032021626097614497e+00
1.155249390827270073e+00
1.075190591157475284e+00
9.429127671964190327e-01
1.109659511732244308e+00
1.130727185282080161e+00
1.114759175877640951e+00
9.853228008027876683e-01
9.659969562621318895e-01
1.001293998189389800e+00
1.089580139646328938e+00
8.106982482543392265e-01
1.067802496300630066e+00
8.706540547800140084e-01
1.055491498999693301e+00
1.125518897366260873e+00
1.142999209292794749e+00
9.610952880011827126e-01
9.605132568553949035e-01
1.102592064421257012e+00
9.833393561095351565e-01
8.289665852930683254e-01
9.783724184802939927e-01
1.172838712719103338e+00
1.060816992612846121e+00
1.154839576569697934e+00
8.550713763184689675e-01
1.025780806781713350e+00
9.308895028000134797e-01
8.813276270981083016e-01
1.121078790539942194e+00
8.560200072165135010e-01
9.947055023002518981e-01
1.125552915369922413e+00
9.596618702168340231e-01
9.387747231557503902e-01
1.006050768971443743e+00
8.944455331375623652e-01
8.639266264171354681e-01
1.046127543428762019e+00
8.609632933420927614e-01
8.640386002759274930e-01
9.226196232101727679e-01
8.270704249783615847e-01
9.846733583938753753e-01
8.307045772510619486e-01
8.314685191557329436e-01
1.078168424597881092e+00
8.570329019465408038e-01
1.144756618406339577e+00
1.162585206990422337e+00
1.153795114853001458e+00
9.245312001304595295e-01
9.455677849972317084e-01
1.089298106653714848e+00
1.025911330941800426e+00
9.542059324946592369e-01
1.070769142505966665e+00
9.584061668789056743e-01
9.875119031467283204e-01
1.110349696756657512e+00
1.009074325685607620e+00
9.703876868185516980e-01
1.011795401582481713e+00
9.822345806432410953e-01
1.103261701744594925e+00
1.064513952615617765e+00
1.119062641395852431e+00
9.770039728390705891e-01
1.038097802208832299e+00
1.028250334223240303e+00
8.831740882557930217e-01
8.225281596971125708e-01
8.571792597020430060e-01
8.547159712475933535e-01
9.115267173618624152e-01
8.575485307959259673e-01
1.092721739268845749e+00
1.216891031010949531e+00
8.243285864007389163e-01
9.898615743239647102e-01
1.051511054093999586e+00
8.580398767043314612e-01
9.953278708947943532e-01
1.004738412475342013e+00
1.182725968591501475e+00
1.109509683838132421e+00
1.071413501938824009e+00
8.554078055125283742e-01
7.630583294689539109e-01
9.089816339840894877e-01
8.624637381490665167e-01
1.048247647547856376e+00
1.066735255398497451e+00
9.099753098998989431e-01
1.022273836359809840e+00
1.005655084654416109e+00
9.496755071464750841e-01
1.202000486720397721e+00
1.149576814134015468e+00
9.643268335876007402e-01
1.043431748319291863e+00
1.073679228965464860e+00
1.167207479675560933e+00
1.015545514520813875e+00
8.678956739115989416e-01
8.113937289890389426e-01
8.769239778836885879e-01
1.010453284522217832e+00
8.883540993530392171e-01
9.442355387166374570e-01
9.279168791112510917e-01
1.072155752265061990e+00
9.757267795237989372e-01
9.664476757033440002e-01
1.028972398585040970e+00
1.033556289566584852e+00
1.151804798580714939e+00
8.864312759569974443e-01
1.018891860198400057e+00
8.906844500592618896e-01
9.141614566209800286e-01
1.089993194582005387e+00
9.140257676829701694e-01
1.044113921164423475e+00
1.014158473261745463e+00
1.033356799092490341e+00
1.038450970905332449e+00
9.630396705929389345e-01
8.912431916814745891e-01
1.046185299067368124e+00
9.420685921223792558e-01
1.149791082309578050e+00
9.487867123632638400e-01
8.576398612387472475e-01
9.858917051408816468e-01
9.036040382172489949e-01
9.892316845337703057e-01
8.632922678958082630e-01
1.155244928836383744e+00
9.684963422393818577e-01
1.062502784158710023e+00
9.534318283177007913e-01
8.508126660595618507e-01
8.301133189605448548e-01
9.926965469869715175e-01
1.021619135473692541e+00
1.036981326745504584e+00
9.489324895327275744e-01
1.014614480890139392e+00
1.051038324454565354e+00
1.114473628609234934e+00
9.115930763795971892e-01
9.585374226074085957e-01
1.167562610200735929e+00
9.996887392486115687e-01
1.033108269790982581e+00
9.829936612280707475e-01
8.453677422204746161e-01
9.806188926291223851e-01
9.143044273019420576e-01
1.147670497669667666e+00
1.121291640531973499e+00
8.601398718002355448e-01
1.095862117002969205e+00
8.928605863110221641e-01
1.076104210819606610e+00
9.672209499930993770e-01
9.656842943183154837e-01
1.099457277748728368e+00
9.342118159050813997e-01
8.899315432481831323e-01
8.124372421967720470e-01
1.120006480830952222e+00
1.138777970336022793e+00
1.004146222791729048e+00
9.506353327437375711e-01
8.441895989097674136e-01
1.028036942036839596e+00
1.010775783842951414e+00
7.984305412353898124e-01
8.384007187087338941e-01
1.016398327012568714e+00
1.110985468963719747e+00
1.097710908836029287e+00
8.418222100708264710e-01
1.107889446073468509e+00
9.662872795349339849e-01
8.218351916145814062e-01
8.533069404760684762e-01
1.095657912599314443e+00
1.015393077308279546e+00
1.018816396222787191e+00
9.512979320561425478e-01
9.108100532385876580e-01
1.039929048344283569e+00
9.633887040860191764e-01
9.980678960382642906e-01
9.346918985122897316e-01
9.382803856241922480e-01
9.936791269794579273e-01
1.009091564057293500e+00
9.992082831127970799e-01
9.664921640422945437e-01
9.700333177372454374e-01
8.113384436376354092e-01
9.877409182492269402e-01
1.059160548346565589e+00
1.075975591904078765e+00
1.050219780080622112e+00
1.053931053557020991e+00
1.120499253370427439e+00
1.064126416898869998e+00
7.854234071482247836e-01
1.118922239625045334e+00
1.033131167253535265e+00
1.022215430941920911e+00
1.199663290297600327e+00
1.103842188326047857e+00
1.059340280493872299e+00
1.060025276427992935e+00
8.781802559578658629e-01
1.044021078034724104e+00
9.943304766947990148e-01
9.207093704495585840e-01
8.553298944225564693e-01
8.657226224841420015e-01
8.578145922366262610e-01
1.014218449082837870e+00
1.067854193207890878e+00
9.008886313680867231e-01
9.312802529310650890e-01
1.053862886236416552e+00
1.059238263596670615e+00
9.333920745023251975e-01
8.380186808321967717e-01
8.225886069423249403e-01
8.452846792328363446e-01
8.589377177284651665e-01
1.051038783450978675e+00
9.810025644974771364e-01
1.054770172662885752e+00
1.042834424231598778e+00
1.035669634428083352e+00
1.159490542577044980e+00
8.910411124151630391e-01
1.011978815286840971e+00
7.567253840381955587e-01
1.035048307894619768e+00
9.921924205795555896e-01
1.051360735978416061e+00
1.014466399755385106e+00
9.705634403035221514e-01
1.030066768506333608e+00
8.956611361455008025e-01
1.087560823491454443e+00
8.464842945212414094e-01
1.033895046349085911e+00
9.481678644020813396e-01
1.184197085219645729e+00
1.041077907241830358e+00
1.024927988012118929e+00
1.125054265212037885e+00
1.000738572149664218e+00
1.129805383555663179e+00
1.136424940785909943e+00
1.109667521395498291e+00
1.059039977297289825e+00
1.111429246750724742e+00
1.125058677579932498e+00
1.087921903505687293e+00
8.891897902058740755e-01
9.054897874158212012e-01
1.138409836177671108e+00
1.008303104354796975e+00
9.982600829848746748e-01
9.560439439527057548e-01
1.155992089069284745e+00
9.384404141415292333e-01
1.134871121098159019e+00
9.428004011919468574e-01
9.787284761417622825e-01
9.396274811620726197e-01
1.136513056363508412e+00
1.200785516125122188e+00
8.866180037231119471e-01
1.002745047073421159e+00
9.230351999069554836e-01
8.890946893754447800e-01
9.315512319065504254e-01
9.480122367881078649e-01
9.933506997455296972e-01
1.183584078402858619e+00
9.863272738582997690e-01
9.453165266492977725e-01
1.201308177495776564e+00
9.022123182991585999e-01
1.188966106869761452e+00
1.110747095348329827e+00
9.195018015341107631e-01
1.144470168447276448e+00
1.093025965116273923e+00
9.332378234614377988e-01
1.136874119121138671e+00
1.053728079373857707e+00
1.096153768313855137e+00
9.790929079462866724e-01
9.566667592659858776e-01
1.073566550472375480e+00
9.995907409941826582e-01
1.117257177549684233e+00
1.062570786222287733e+00
1.149170719054762868e+00
9.784680941716241698e-01
1.036370196218609152e+00
1.026189029707392564e+00
7.845188662042474892e-01
1.004147504358324339e+00
8.986582405457101963e-01
1.127327568025838778e+00
9.562770465491861049e-01
1.056966776443354128e+00
9.841740356486798902e-01
8.922739149791600877e-01
1.059247659861417779e+00
1.057935730620777948e+00
8.878740884373190756e-01
9.442859059581525383e-01
1.015546399351604290e+00
8.818856536092822829e-01
9.871810783306337322e-01
1.040625642111266069e+00
8.065726399657862089e-01
9.519639629612717258e-01
8.971387763990340547e-01
8.772835541086121403e-01
1.092157293849506550e+00
9.509545979705263941e-01
1.080016874188642229e+00
8.936937426964497444e-01
9.007144261562043397e-01
1.100444608292328930e+00
8.592242823245626049e-01
8.732060296592667470e-01
9.624538815635726996e-01
1.076443628813101183e+00
9.158514929593860598e-01
8.808150620322925395e-01
1.056287754045691418e+00
9.998450654663861847e-01
9.842379004219341532e-01
9.824917158808628148e-01
1.162854561661280428e+00
9.267251823285480583e-01
8.986646031160807624e-01
1.201997035477907261e+00
9.372157817932682544e-01
9.969902709222486781e-01
9.757738293392195228e-01
8.648526337477424608e-01
8.056751303931458663e-01
1.124677955189945511e+00
8.944337988317336841e-01
1.187999381398776366e+00
1.046090719419322967e+00
1.114841451510552917e+00
9.388374134928250125e-01
8.356079525920857565e-01
1.007878373248316972e+00
1.066834978721160843e+00
1.227005200197951451e+00
9.451491703682455281e-01
8.919632228746390279e-01
8.683478946041023327e-01
1.047560562636208559e+00
7.606733118519579673e-01
9.568642241465383780e-01
1.103378195569060249e+00
1.035515303682720045e+00
1.015815666610683010e+00
1.057163600380877533e+00
1.123260601324181707e+00
1.037254230501239327e+00
9.518994188172503756e-01
1.079450501577880361e+00
9.930003846679608115e-01
8.807773289002027717e-01
9.637838802184501841e-01
1.046530371156822348e+00
1.163975507054547665e+00
9.924999361651938301e-01
8.043829545134391079e-01
1.066919714950486986e+00
9.412378374560439465e-01
9.798385984731721177e-01
1.052015571823099460e+00
8.814158576717185944e-01
9.358646942048851614e-01
9.948064420768116811e-01
1.147232537853962286e+00
1.082151838482577899e+00
9.454136109573095803e-01
9.676530832296248441e-01
9.775144572337213233e-01
1.141870730718081761e+00
9.859854546866414493e-01
1.083041108020829757e+00
1.035317257331654250e+00
9.864798754934209768e-01
9.383047444675707283e-01
9.748338053617791044e-01
1.004001343426720760e+00
9.831700991348470975e-01
1.049011982601049331e+00
9.263764932311699951e-01
1.014157856751079168e+00
1.024115459540948514e+00
1.046491633101523044e+00
1.085409295287552700e+00
1.065914504298409060e+00
9.910345207514275057e-01
8.984570767416336645e-01
9.513068237454747056e-01
8.630947157653485746e-01
8.570813398333607669e-01
1.166095781913367713e+00
1.107720466897303746e+00
8.910987532255314481e-01
8.219516533244738410e-01
8.936529371391461751e-01
8.879159730301129372e-01
1.029598540175992838e+00
9.597587322187370873e-01
9.820628108774892562e-01
9.711744279991596507e-01
9.855928876727039212e-01
9.585350703731422284e-01
