1.053297985318285335e+00
1.019785173719014670e+00
1.038583384634826245e+00
9.555510908208009191e-01
9.364757787201378747e-01
1.030331640919179836e+00
1.072282324537869425e+00
9.682534365870958393e-01
1.029204031744937353e+00
9.774597939946805258e-01
1.157848258991652557e+00
8.339657701432721115e-01
1.104441954296575545e+00
9.646918049613540935e-01
9.998543719207783065e-01
9.959465925857116098e-01
9.190766191529553542e-01
1.061752131775564489e+00
1.065754731356634899e+00
1.094616917432042591e+00
1.100049521551299536e+00
9.644802918211610177e-01
1.005931175735857774e+00
1.030090796194951253e+00
1.035784509745195869e+00
1.003728842835178714e+00
1.007395452093738486e+00
1.069660769812608825e+00
9.439411184039385727e-01
9.866706502699661430e-01
1.190799758065983482e+00
8.991889467150639970e-01
1.098562633310308012e+00
9.149859712621777330e-01
1.174131507824311305e+00
1.015929651648372456e+00
9.552394059096724899e-01
1.131587876564802864e+00
8.925195551838993602e-01
9.934123077755963038e-01
1.105383813947457439e+00
9.603300412919899554e-01
1.016543784477404566e+00
9.637191562025255731e-01
8.651260792809846167e-01
1.117919678952398854e+00
8.692710086466683972e-01
8.065576731972281532e-01
9.945794118289101871e-01
9.800394003565643386e-01
9.165702720663044811e-01
8.420190539784003780e-01
1.066318942278880577e+00
1.205372913055086759e+00
8.875182223090827272e-01
1.143392527679822024e+00
1.107698440251467131e+00
8.817274890912929486e-01
9.558513567067369321e-01
9.898040313438494220e-01
8.011665770013787213e-01
8.965072799863953446e-01
1.175593794406962100e+00
1.029672655764688027e+00
7.994709080363687770e-01
8.301499010619329821e-01
8.263082320914758583e-01
1.073437578121125391e+00
9.601712021548785003e-01
9.019902807465083328e-01
9.426871046053724168e-01
9.009145726870129156e-01
1.198360990610454202e+00
8.115515836218395451e-01
8.162429461665908770e-01
1.193354203669828362e+00
1.119873456704900683e+00
8.120426456981564289e-01
9.959412080708739401e-01
9.328280817400640412e-01
1.107546085837561645e+00
1.038028031836862430e+00
1.150877744549132053e+00
1.063933862830071853e+00
8.677668839776135901e-01
1.001014842891382539e+00
1.079682341723889660e+00
8.669739274853498490e-01
9.191413274401984967e-01
1.068132885213517458e+00
9.704015529816465424e-01
1.060184179950448113e+00
1.043329628453015800e+00
1.032361669864276577e+00
1.218516246510677803e+00
1.070850740977626891e+00
1.017580760205977430e+00
1.028491041373006176e+00
9.633928665096469501e-01
9.473570830946091981e-01
8.633841154450700994e-01
9.028397758359812952e-01
1.002305848288681744e+00
9.979967759733633370e-01
9.713343941119298997e-01
1.019628158463080858e+00
1.122048310981612618e+00
8.219092691701134212e-01
9.551488030618973113e-01
1.118893132067877438e+00
9.327553777819180825e-01
1.104156636192606733e+00
1.101084475500697657e+00
1.008081530288686745e+00
9.690258846583904573e-01
9.388951965988533432e-01
9.823798977568505286e-01
1.095737146775606297e+00
8.105179606375869650e-01
9.522227260995318465e-01
9.465515078587835029e-01
9.298147972799515326e-01
8.205477064218066330e-01
1.041070938947420421e+00
9.346561879622985458e-01
8.411732950014907395e-01
9.940981314402210778e-01
1.089948108698552298e+00
1.010289811454480935e+00
1.180179207382077600e+00
9.684319358383166598e-01
1.142704279797915223e+00
7.997819171839720687e-01
1.040126651106387579e+00
1.042902826650357051e+00
8.419540913832170848e-01
8.665773910639801292e-01
9.281996053305122674e-01
9.907516634933577482e-01
1.098732034013828240e+00
9.170092182849880480e-01
9.357667063330981083e-01
8.707503604557034205e-01
1.131240281195716069e+00
8.948654546442196267e-01
1.005288545181614701e+00
8.692289856651504998e-01
8.293177143524308459e-01
9.912604958605947258e-01
1.123645754862085289e+00
8.170763509107373812e-01
8.857487889624319211e-01
8.832098748751838757e-01
1.039893760103290488e+00
8.517598935448589259e-01
8.804532072032655865e-01
1.156393547588442150e+00
9.929859696706133665e-01
1.102276150481337424e+00
8.474515641043172121e-01
9.148075918089372260e-01
1.127924885946208544e+00
1.114699998766329525e+00
1.078416677875922769e+00
9.964319574773877752e-01
9.190814023160377433e-01
1.058109005705706318e+00
1.094285919660321849e+00
9.303625751588261439e-01
9.805158524563113431e-01
1.167405720747864750e+00
8.694745352504028579e-01
1.010492998654240582e+00
8.674079744992535534e-01
1.059226946565454019e+00
1.012115283959206469e+00
1.011846519987689152e+00
1.012202131038773656e+00
8.603926422831493781e-01
1.194148993333082220e+00
9.063945310474375017e-01
1.126151390217383419e+00
8.551938363498534645e-01
1.058807054201990949e+00
1.015262833017160471e+00
9.330088613123239671e-01
1.158712814386144485e+00
8.367240897852221693e-01
1.175859894449469811e+00
9.293589662996049050e-01
8.926267478880978157e-01
1.052058735091837338e+00
1.086784180648533216e+00
1.045674255227622584e+00
1.108314671038813426e+00
1.173669428472093434e+00
1.001707025231969084e+00
1.088580839040790726e+00
9.632399045519592917e-01
1.161596714655942497e+00
1.065154731125924847e+00
9.320593016146998533e-01
1.152645968589311121e+00
1.013876001968670781e+00
1.020511081293435929e+00
9.439308770215609767e-01
1.125451044728519978e+00
1.010558124778735412e+00
1.087211119724428299e+00
9.005405014542118280e-01
8.809552017392118239e-01
1.016519566391961504e+00
1.098491912242191448e+00
1.055277388730409882e+00
1.011908597784087371e+00
1.029925190535238233e+00
9.239608493754252194e-01
1.127613515256466137e+00
8.629897897865425049e-01
1.033662772098350224e+00
1.046041542957012460e+00
8.835578402698109901e-01
8.780170978356274247e-01
1.146401671030384151e+00
1.104985150162777430e+00
1.078014409756442804e+00
1.077350750081152553e+00
9.539482237944698628e-01
9.008660714982166251e-01
1.092811799857895227e+00
1.055813779936459973e+00
9.284930683578673793e-01
1.036285596927147612e+00
9.384006245052052275e-01
8.654644785907262827e-01
8.178763317273614053e-01
1.134559194387120051e+00
9.151150683539377440e-01
9.916831580996875450e-01
9.192766109496144367e-01
8.630153561235420767e-01
1.098069313099440780e+00
8.979151080340719293e-01
8.030185026162022233e-01
8.486817367448216132e-01
1.084278491711375469e+00
8.360881407186466774e-01
1.109884721241545247e+00
1.124932988021165814e+00
9.838087898991643154e-01
9.174014352615535994e-01
1.041404807735481164e+00
1.158369630710761378e+00
1.033771950886557489e+00
9.608271247011259675e-01
9.604154946295495598e-01
8.985325425664437704e-01
9.595302130141720731e-01
9.425732187869886314e-01
8.553220650527475488e-01
1.109376261692476939e+00
8.138042749360919759e-01
7.973415882818828404e-01
1.032576379957624635e+00
8.156246337732930840e-01
1.048684423522436404e+00
1.075528731649862735e+00
9.471955869797195060e-01
1.037955623967131258e+00
9.832765866059141047e-01
8.876685797409142875e-01
1.122869265588961829e+00
8.363945500769183194e-01
1.052782859218853950e+00
1.055592479900911318e+00
9.212346059838064649e-01
8.620766255808894885e-01
8.974621728390195230e-01
8.637436248311590736e-01
8.881361304422654701e-01
8.653882349836623522e-01
1.226764526417630341e+00
9.889181971784222203e-01
9.222292922215900024e-01
1.165992958383698763e+00
8.328712051353810430e-01
9.553999970737518943e-01
1.042461474875034932e+00
1.044700124588575640e+00
1.092654419233385799e+00
9.912919636996431194e-01
1.131395253143377300e+00
1.121954391908106752e+00
1.034670302303603906e+00
1.064306527577026262e+00
9.700362138472026219e-01
9.672327253724755103e-01
9.620329789206489846e-01
1.105936088516547899e+00
8.838908324030994024e-01
8.696840443298966550e-01
9.458647195355565085e-01
8.692868768511292643e-01
9.443255006012305497e-01
1.132064437815825109e+00
1.058807781875367393e+00
9.695149474634272568e-01
8.570312482467630222e-01
1.053765176050603269e+00
8.182173281096044581e-01
9.093868777627978073e-01
1.125972222348295970e+00
1.093396516020405329e+00
1.073875327443582162e+00
8.983191652932026594e-01
1.007015740239792123e+00
1.115272291727178899e+00
1.031470174703675413e+00
8.592260423089039811e-01
1.034033825019209818e+00
9.933311952461157945e-01
1.063889428465623510e+00
1.079386505237621474e+00
1.022609051108232192e+00
1.067864540870421042e+00
8.340382889915567421e-01
8.624701044090509194e-01
8.872459491597883829e-01
9.388091217095229091e-01
1.030130705676535641e+00
1.042978394265584141e+00
1.144134461620136989e+00
1.117259138357228787e+00
9.278877714027449208e-01
9.272233575806176908e-01
1.085998916485283239e+00
9.857711635726024157e-01
1.014350858000852451e+00
1.014058609710579040e+00
9.399469586840296653e-01
9.611807089057347042e-01
8.561156777702479959e-01
9.251955635795324762e-01
1.063282273369938746e+00
1.087493721270633928e+00
1.093175733258374027e+00
8.454160986540223410e-01
1.003710505128320163e+00
1.057451484330976132e+00
1.077385225922796508e+00
8.974055649768086784e-01
9.942388788287065404e-01
1.001528506347023173e+00
8.103097338495702795e-01
1.160787588947757243e+00
1.102452237117768963e+00
1.076327135077330688e+00
9.681860358622444984e-01
1.033025356451554355e+00
7.893291967926701069e-01
9.675949042047119475e-01
9.385828495075051459e-01
1.153451218304779591e+00
1.014046574933861189e+00
9.605117862537279061e-01
8.840753398809962915e-01
8.554069112570976685e-01
1.117004320893141944e+00
8.588414294369284274e-01
1.044203720367072652e+00
8.833203711867145813e-01
9.843098359394805152e-01
8.836348116565297950e-01
1.143540539618395080e+00
9.738519792343908188e-01
8.948688409163210178e-01
8.109539060987900339e-01
1.104768466393617921e+00
1.095388273682848190e+00
1.021133641495386657e+00
1.005601706650645744e+00
9.880504913249719134e-01
1.174976347007731681e+00
9.932306705152709192e-01
1.068925768751296967e+00
1.017743449283705637e+00
8.785648214469816697e-01
8.449887548002588122e-01
9.702104384624072875e-01
1.125410480825222992e+00
9.895976380246112036e-01
9.919698166532595618e-01
8.544342114228338225e-01
1.042087737705220007e+00
9.751792197628708081e-01
9.111825812004796799e-01
8.589656492416923861e-01
1.102023549131964764e+00
8.824797930527585876e-01
1.000515194433702071e+00
8.015354997806927173e-01
8.226172116203669393e-01
1.008769914521543853e+00
1.186768319066172861e+00
9.658075167843043207e-01
9.035536473433541937e-01
8.326744111111691327e-01
1.030852714328234221e+00
9.946576521224386180e-01
1.118799654497107721e+00
9.633013827390950468e-01
9.811117377749332125e-01
8.699915047762882825e-01
9.789738270988345148e-01
1.000765874275047373e+00
9.840128219326313985e-01
1.053797396193720814e+00
1.131956994669797822e+00
9.684892887508664838e-01
8.680959930979277317e-01
1.006867516026197062e+00
9.578860258895478541e-01
1.109364876533017297e+00
8.781632420360527824e-01
1.013566255094269231e+00
9.226228850035842477e-01
1.185321090408734346e+00
1.142430005809355498e+00
1.106423389962161163e+00
9.036748663106058954e-01
1.140679520882937226e+00
1.094482347884989659e+00
8.186967557034541265e-01
1.072720258234618917e+00
1.136480467057922938e+00
8.266318214944167186e-01
9.030998331345629904e-01
8.932808410381876119e-01
1.120537905971877635e+00
1.134414741736552434e+00
8.226254902746216180e-01
1.012322721809829851e+00
8.422595556495524605e-01
1.034469759841183834e+00
1.120230266773714956e+00
8.938638872244997202e-01
1.089252769945541433e+00
8.501445274154377785e-01
8.801423862406245746e-01
1.151162493720601754e+00
9.624185002881817663e-01
9.263872410562590254e-01
1.089786728395562898e+00
1.156172078224107835e+00
9.710024085534435523e-01
8.516320616264980714e-01
9.975385449512939040e-01
1.109583072100344570e+00
1.095529521888485736e+00
1.025236870777413101e+00
9.341866870367627751e-01
9.506610210777854952e-01
1.138017145151397846e+00
9.562005174701295740e-01
1.151210090473612668e+00
8.885110476875303087e-01
1.125095626229227097e+00
1.000748054601126702e+00
8.607361911415125633e-01
1.175855327538110284e+00
1.133744448120402204e+00
1.059735520277398813e+00
9.657947440490264324e-01
1.182266968845520960e+00
1.019394073791587640e+00
1.059782991181447365e+00
1.161033558203893312e+00
7.935848811639516498e-01
1.053022040523811542e+00
8.479219192838260977e-01
1.094900245642384196e+00
9.559679141588781626e-01
1.106302157512150330e+00
9.928809812807020130e-01
1.000787599532607430e+00
1.011184888228001233e+00
9.729056256657673263e-01
9.083157724063301020e-01
9.884743651251844954e-01
8.848748110781397003e-01
8.394325982434809319e-01
1.087110068233485993e+00
1.042525060813529247e+00
1.053072882277661826e+00
1.068583743276167564e+00
1.069524648320862470e+00
9.646171906179612510e-01
1.085887019805676479e+00
1.098420341149057178e+00
9.252730405647591194e-01
1.070364167628546026e+00
9.852251349591683027e-01
8.837825535274608235e-01
1.055520563971721337e+00
9.181517427947791798e-01
1.057279787534379345e+00
1.054871270048626464e+00
9.709319070302525612e-01
1.103071856354863600e+00
9.253846409323002176e-01
1.057466286695493141e+00
1.040115025630052203e+00
9.468670791773288187e-01
1.145081578484140383e+00
1.105759005537356288e+00
9.634864553479605132e-01
1.093498489119611561e+00
8.260673508879491367e-01
1.130489819178329025e+00
8.683674363397411167e-01
9.371477256197168204e-01
9.370896192327059504e-01
9.031607038176474589e-01
9.688137015834188404e-01
8.514196113586884884e-01
9.089429290325564681e-01
1.028802388950140756e+00
8.933344162990761728e-01
1.071409360406752498e+00
1.023223227914782152e+00
1.080196261090736076e+00
8.269541325371874141e-01
1.202245271090504941e+00
8.786587174767988007e-01
1.154178640859606420e+00
8.737666940199764198e-01
9.203893270651379854e-01
1.091211309275119223e+00
8.669016927959928287e-01
9.846624969517328019e-01
7.945693953381975927e-01
1.185965752429556597e+00
9.055113846678085610e-01
9.604288171228652082e-01
1.035565080009686056e+00
1.139585665067793796e+00
9.967497949839216886e-01
1.042237802212041098e+00
9.931454077302445116e-01
1.217981250866548626e+00
1.136516724865699546e+00
8.234210877063030676e-01
8.665545584908561638e-01
1.138224619802406412e+00
1.078410062438437844e+00
1.176491420803810417e+00
1.091620642736775171e+00
9.411988049337141060e-01
1.232441211021984451e+00
1.116811780392800380e+00
9.470677882910298884e-01
1.067130200402701901e+00
8.598088623316459955e-01
8.820882604446904640e-01
9.941139303625502466e-01
8.167992857650152594e-01
9.837439154940297303e-01
