1.034847403070904948e+00
1.052569046544779230e+00
9.153233266474556373e-01
1.022620871486954464e+00
1.162150593751392291e+00
1.075453375118176513e+00
1.039057303463101878e+00
9.019751506002329222e-01
1.078452477339285620e+00
9.264380364531981105e-01
8.222251859500417925e-01
1.005032168812533877e+00
1.146451034496771326e+00
8.418441658848678788e-01
9.623836142474464506e-01
8.893012797573877082e-01
9.380020404952524871e-01
1.059993528618823344e+00
1.122351332329307283e+00
1.071552843785565479e+00
8.593100856227091633e-01
1.052439924571987762e+00
1.126822872223271377e+00
1.106729033331965040e+00
1.009281843466565576e+00
1.178451869468038149e+00
9.242591660011120203e-01
1.094041774651276944e+00
9.896902656192642089e-01
8.150514454362383088e-01
9.385887067984526322e-01
1.081183335712033955e+00
1.203080320244955592e+00
1.063554647683484955e+00
1.038395931531153282e+00
8.814417677419035257e-01
9.804948390100767242e-01
8.952214794327298941e-01
1.195024205814621210e+00
9.728243550668594919e-01
1.127604919511381310e+00
8.963675157001944616e-01
9.652164461876377999e-01
8.417863409202384073e-01
9.415682387382110496e-01
9.192032711271955758e-01
9.492520983813359514e-01
1.003383544006726913e+00
1.065921444493248105e+00
1.032204372289617478e+00
9.392128563278330233e-01
1.088519717471126524e+00
8.485244130618280201e-01
1.050208062655141328e+00
1.031752887597425117e+00
9.007849505049254635e-01
9.399943154503660470e-01
9.579193911430572417e-01
1.002222652183774931e+00
1.053673916884413142e+00
9.875912088903888719e-01
8.886537281033242142e-01
9.694321620044736854e-01
9.276767780237695771e-01
1.048570411292060633e+00
8.218211594285032007e-01
1.136645335503278398e+00
1.054912691157787963e+00
9.829949583200781049e-01
9.801143739338951111e-01
8.696223703033966190e-01
1.030207027120895180e+00
9.735087410477313297e-01
1.132904364664666819e+00
8.870191814495614890e-01
1.078570233088255614e+00
1.028460829569615598e+00
9.760986172829463348e-01
1.041437550117062960e+00
8.570876216476109866e-01
1.190764506792192590e+00
9.778076137121055611e-01
9.338849904908399502e-01
8.086730125400496405e-01
8.818512264782554233e-01
9.681188656624817312e-01
1.015304810284258563e+00
9.539671240269813612e-01
1.020291895498197210e+00
1.156529941574741871e+00
1.107639485222368325e+00
1.034734633536416704e+00
9.471511357807493869e-01
9.965130212741657445e-01
1.060502977839828276e+00
9.086285067250907677e-01
1.091801707453164516e+00
1.070659664703593084e+00
1.142197413838980546e+00
1.054146993124840170e+00
1.095925426527521118e+00
8.959561277662466683e-01
1.077042555934174972e+00
8.409691855944027017e-01
1.003891514944183383e+00
9.160069081363956256e-01
9.423471158890283084e-01
7.822044733819071283e-01
9.821285947439618580e-01
1.008645833460761532e+00
1.096333963377269738e+00
1.141766624043117240e+00
1.111424291931519592e+00
1.101390880636071046e+00
1.009708550541559946e+00
1.168651973026132218e+00
1.132496880659417116e+00
1.207096571861633327e+00
1.089397669352985432e+00
9.496555287348268370e-01
1.088848691591617124e+00
1.107399438964347782e+00
1.057353059333843825e+00
8.920633995002185124e-01
1.054586724844121415e+00
1.072658686519955884e+00
1.072311391620182963e+00
9.322023420869417487e-01
1.177389381265265378e+00
9.404449722080998608e-01
8.906378298758308443e-01
9.557024563020548591e-01
9.276559785346298881e-01
1.003323999674874623e+00
1.119087937511537234e+00
1.157678279723795889e+00
1.032249664239782705e+00
1.120289838857263520e+00
9.814499689900137991e-01
1.134693739938124724e+00
8.762347160381982469e-01
7.865262986987597849e-01
9.284858429566706928e-01
1.100935874920425217e+00
1.041055690643624132e+00
1.098789040389056781e+00
1.001090691315710712e+00
1.099919871005149430e+00
1.111669897054795797e+00
1.141817969617301420e+00
1.088930558275949867e+00
1.172965221375460221e+00
1.180759440575261499e+00
8.925248458889393222e-01
1.121042477621473354e+00
1.009961196029502295e+00
8.943988739846570057e-01
1.071495657470793672e+00
9.722000399021573092e-01
1.108098417683352377e+00
8.215946145790427035e-01
1.145741803003277326e+00
1.040546664046696268e+00
8.326607028668397970e-01
1.160000971978131235e+00
1.010074162538141085e+00
1.084630975938364772e+00
9.883528354213824141e-01
8.323844042440222690e-01
8.354021457102980275e-01
1.060877300917326904e+00
9.041019740041839059e-01
1.166749900467831225e+00
1.183233184983326414e+00
9.965264555535416902e-01
1.021625025410415111e+00
9.566832534310675262e-01
8.121361186351317984e-01
1.208430625303300143e+00
9.848138062788683866e-01
1.005297371340061030e+00
9.553632143106715047e-01
8.792015358396372271e-01
9.281047467667378204e-01
1.002507466239283218e+00
1.007608700456952944e+00
9.707652670989816990e-01
9.250638800451157495e-01
1.121407909663460822e+00
1.013446683058298214e+00
9.042275301919764363e-01
1.035921222206712899e+00
1.140782678194620203e+00
1.095253265975118406e+00
1.017183878612805792e+00
8.128641592845722297e-01
1.012331072476081228e+00
9.742730395346279604e-01
8.920651227888740653e-01
1.152772313254677883e+00
8.506013261618021737e-01
1.093807633882843966e+00
8.184276128881509127e-01
1.184410888570635478e+00
1.099655518427693934e+00
1.015383374549577278e+00
1.131594722680539178e+00
1.025630414963960124e+00
1.037046851922645674e+00
1.199845828764060762e+00
1.037976548583749770e+00
7.870655475556823655e-01
8.920565221846377124e-01
1.101342964841539596e+00
8.293840852561864541e-01
1.146733657981414245e+00
1.006725316086480859e+00
9.963831465583696811e-01
1.194923521687521584e+00
9.373275011613065866e-01
8.689063699542141084e-01
9.257933561447801996e-01
1.010574129829273415e+00
9.933568863304944596e-01
9.031114925294254636e-01
1.012594348032768821e+00
1.146415612965522968e+00
1.125477606908708017e+00
1.060821849029838670e+00
9.199871640880281642e-01
1.051013015490868785e+00
1.168051226047188251e+00
9.009419102548237301e-01
9.058212513885519623e-01
1.023956945273417185e+00
9.564337423269719807e-01
1.031452835496653009e+00
9.016825063775566473e-01
1.031747840911433789e+00
1.068171149043085633e+00
1.166480197185361334e+00
1.116840256693480082e+00
1.146382729082658702e+00
9.875896609926574365e-01
1.064541260219382224e+00
1.098220413824853248e+00
9.879018074769313484e-01
8.579285330120915987e-01
1.141341804352251410e+00
8.407516820948336411e-01
1.123642521492550062e+00
1.190072497855160893e+00
1.013707262878140281e+00
9.283542927898560393e-01
8.462982394605274017e-01
1.105170488007211071e+00
9.173597229019210264e-01
9.343307399939578817e-01
1.048995732572004735e+00
9.962212287007390366e-01
9.853417305173615137e-01
1.125684615104704633e+00
9.235584303583409538e-01
9.453790326704951674e-01
8.799390854277399088e-01
1.099922812289975793e+00
1.148665524249856684e+00
9.153056187912573805e-01
1.081870958785863035e+00
8.428808926228161802e-01
1.086893594629572801e+00
9.467916541306327094e-01
1.081501590970611160e+00
1.049131576967400781e+00
1.000924971938830899e+00
1.010209636943474099e+00
1.058680576923572980e+00
1.072763269616295645e+00
1.097108397677964753e+00
1.147558289717099056e+00
1.087500404045755209e+00
8.715383573104948933e-01
1.041415991527961715e+00
1.037620795516742689e+00
9.938964317215612798e-01
1.033884431115724700e+00
1.080721261313361659e+00
9.406427005990608547e-01
1.100988325712044302e+00
9.473275486708114812e-01
9.652044898263369976e-01
9.871122937483339799e-01
9.697145334945207473e-01
9.835574772688087108e-01
1.066712390058616400e+00
9.514880162595626967e-01
8.925972012960416979e-01
9.659689796790325023e-01
9.388813780291747069e-01
9.017415970526846403e-01
9.632151304698668426e-01
9.707020872603759898e-01
1.087094291185326522e+00
8.949679828725438657e-01
9.409036045382950242e-01
1.004933793149606069e+00
1.052078535181253605e+00
9.036705354836791493e-01
8.939023551551725788e-01
9.508315830292985993e-01
1.043913193776292436e+00
1.208273489996499750e+00
8.358859532238296364e-01
1.064687437657882985e+00
1.136522093012123147e+00
9.880661202611342731e-01
9.772962335466571782e-01
1.022154151641416320e+00
1.004779585916584006e+00
1.079673937680294848e+00
1.165096242179964214e+00
9.979629232933809879e-01
9.269423767990867535e-01
1.060469180098361885e+00
1.045383739004267287e+00
1.099076962230438603e+00
9.584307986516620304e-01
1.056490775812243932e+00
8.796547802326216692e-01
1.114917495517682600e+00
1.099479016261003972e+00
1.053546455509819513e+00
8.865478940721258638e-01
1.105074862972133420e+00
9.251684525718457675e-01
8.580735261698263505e-01
1.189033585960722172e+00
1.056923604819935525e+00
8.944052643633655375e-01
9.675042522250174581e-01
1.123732385656053934e+00
9.275596457357573321e-01
9.021626595149567773e-01
8.950169886386132312e-01
9.976615503582708655e-01
9.970896516358327411e-01
1.140551008440613190e+00
9.331755997725510454e-01
9.821294512148728284e-01
8.760932932476781509e-01
1.213872329443465903e+00
1.010266428842606867e+00
9.983014458662988755e-01
9.178142527823405228e-01
9.138618684010082482e-01
1.078813614240689445e+00
1.122381456423863888e+00
9.693655730406223192e-01
1.093932502208294633e+00
9.681099312423946390e-01
9.946533340470218310e-01
8.660172733617748086e-01
1.118391584672685291e+00
9.339592521450226226e-01
1.138812422143061331e+00
1.056571612746586508e+00
8.705116159176922164e-01
8.638604534171567817e-01
1.000141636169376902e+00
1.021117461257284642e+00
9.627627764771193863e-01
9.143619027237777086e-01
1.007050535718166717e+00
9.887836720790130762e-01
1.090469137445035264e+00
1.096010255617807960e+00
1.166890385141391429e+00
1.002691914546539387e+00
1.041639093091614621e+00
1.078528337230161060e+00
1.070760496796911099e+00
1.098918019672092017e+00
9.245894026330423454e-01
1.066031998927811308e+00
9.703024716639182534e-01
1.119184843189626521e+00
1.099619908110776922e+00
1.214491600530651860e+00
8.378635049796419043e-01
1.134225606833388023e+00
9.541027294891437638e-01
8.185530736446920974e-01
8.674573375647773865e-01
1.063049877415318978e+00
9.088788437735741965e-01
8.620359523064788920e-01
9.869712230939096109e-01
1.006142172635745569e+00
9.005543518414889093e-01
7.974903645808828490e-01
1.132739212609048085e+00
1.078596119000564846e+00
9.455951314310887534e-01
9.732484616094649876e-01
8.139482495221015412e-01
1.161683408001877860e+00
1.037141909895339609e+00
1.081320289908887844e+00
8.439092879298156769e-01
7.774304270134089201e-01
9.166836934955989724e-01
9.672017496370889367e-01
9.305990255520137922e-01
7.929232947898815498e-01
1.060825404944448325e+00
9.705009092331767784e-01
1.021167851042411368e+00
9.426318426749931145e-01
9.618006677724844078e-01
1.085986113114492779e+00
1.048441066670408262e+00
1.066991725550866299e+00
9.501004292599630752e-01
1.017719954587542164e+00
1.107648766664593998e+00
1.053522825551783448e+00
1.102768051602627253e+00
9.852807968458247023e-01
1.192848822436418876e+00
9.246828515002223359e-01
8.694086509406369068e-01
9.228819865948205692e-01
9.661305251086724777e-01
8.159351760326297720e-01
9.299280123873803205e-01
1.058194962346363566e+00
1.097938022460921426e+00
1.029752701582022034e+00
1.097834822644214503e+00
9.564896758012236822e-01
8.202285260758465091e-01
1.161000751387777141e+00
8.706687062680797951e-01
1.033547692370078819e+00
8.407974130868298701e-01
1.139034082196956454e+00
8.373796107174480419e-01
1.062540661275825915e+00
1.021602009723127091e+00
1.194624033855737677e+00
1.070111405456079856e+00
1.038690268885924528e+00
1.092813612446156935e+00
1.005197662257798497e+00
1.115034073702318107e+00
1.199140425794122722e+00
1.080589437725521407e+00
1.001197128678377402e+00
9.489503007839550364e-01
8.178256091815823137e-01
9.057032816639949413e-01
9.092698463858689406e-01
1.113438162660204567e+00
1.132165581255891507e+00
9.567260816868178308e-01
1.039258208244986825e+00
9.492522075624645339e-01
9.879943904186895276e-01
9.505404371028756128e-01
1.031611910709924418e+00
1.001995606187917387e+00
1.049468380971811943e+00
8.427930928630230634e-01
1.175901657579849102e+00
1.143048837981526011e+00
1.002126587486151355e+00
9.615924582031039058e-01
7.874096629597975294e-01
1.148857160959973367e+00
1.086352210039717159e+00
1.008756801388810631e+00
8.826457279949547763e-01
1.037517129605176613e+00
9.389712495929380953e-01
1.099808188098426065e+00
9.995424017317884324e-01
7.993271596806323931e-01
9.856438668673375147e-01
1.101819449243538251e+00
9.322676511835915614e-01
8.765466381371338489e-01
8.380737341379637106e-01
8.942258027256504427e-01
9.888405645366959984e-01
9.248163873705104177e-01
7.652798140326164678e-01
1.090221145248544854e+00
1.037134003943894545e+00
1.204806398773041520e+00
9.193498065785666862e-01
9.205415805217491698e-01
8.575287876825339328e-01
1.039453592869964638e+00
9.730825399016282962e-01
1.095307229228806634e+00
1.077781454391784965e+00
9.169207720765617520e-01
1.000414874045909119e+00
1.097866005857758509e+00
1.051897826527637747e+00
1.156894040492783438e+00
9.069902828871918565e-01
9.270666613602197570e-01
1.061581661941968457e+00
9.348178131816617942e-01
1.176368300396929634e+00
1.133168423672778591e+00
1.107120988036721876e+00
9.347995842973405578e-01
1.089130360588482116e+00
8.739090466677676972e-01
1.102916434519940037e+00
9.111147542253315024e-01
1.195258300420211306e+00
1.014845660516389803e+00
1.160241830564441523e+00
9.152629919199936070e-01
9.123450364858500805e-01
1.122425186580404244e+00
1.011963699904991465e+00
8.042105800838874607e-01
1.090775892163202476e+00
8.528663010287564905e-01
1.033389873991591212e+00
9.377935150371552453e-01
1.041804161800992778e+00
1.062364369425802035e+00
8.638931615304165090e-01
8.070414218615078461e-01
9.108495173721873339e-01
8.984348803574717657e-01
9.399854804509069073e-01
9.214979028145811046e-01
9.760452170452785792e-01
1.157742535681811402e+00
1.176279097782427563e+00
9.246290389627974671e-01
1.098279245489468314e+00
9.879133888173168287e-01
1.050157531115905707e+00
1.175280650509685332e+00
9.107636497176635482e-01
8.658374299658577744e-01
9.575642332164814308e-01
8.992271010725458869e-01
9.213614183613385578e-01
8.964245217529980270e-01
1.067664423362906012e+00
1.002824187421029967e+00
9.564189956824105110e-01
1.059314201926061516e+00
1.016797439456494478e+00
9.920590836864180417e-01
1.088515058282364611e+00
8.671847532431566918e-01
1.083638568791216450e+00
1.102202340479445652e+00
