9.746216727855118167e-01
8.176148484233918268e-01
9.692035353119344832e-01
1.080241633285625280e+00
9.105789320258668162e-01
1.024383315349307599e+00
9.875890301619445477e-01
1.079211259695598280e+00
1.064212702433816604e+00
9.471236608420223746e-01
9.222045334310254860e-01
9.644808643578433038e-01
1.036922344602682067e+00
8.435533232162557571e-01
1.032847682668371458e+00
8.890474609436381792e-01
9.771053634039366109e-01
8.235577829344280509e-01
1.009053440208604879e+00
1.087525932123202033e+00
9.711626577614866918e-01
9.748073292632530862e-01
1.014627294662305168e+00
1.063636411791240688e+00
1.194290767165336220e+00
1.143069550638355469e+00
1.079927304393314857e+00
1.047932687057991474e+00
1.061221037666172817e+00
1.074927737539010941e+00
1.087225248812795142e+00
1.196757262824178270e+00
1.111018118867836746e+00
9.874310513489371610e-01
1.023277116362098393e+00
9.100177330971068734e-01
9.935965008468539139e-01
9.308708429178291777e-01
1.043759701010245955e+00
1.043535994374776843e+00
1.061442555546160182e+00
9.343262849438216389e-01
8.212079830641270117e-01
1.072286138815907952e+00
1.077376726813801255e+00
1.067113093957674286e+00
8.819525159203298603e-01
1.107381695319405779e+00
1.057256865827781223e+00
1.093915159329286624e+00
1.103872499403563356e+00
1.097056283218411199e+00
1.140687871976697743e+00
9.290509164828145705e-01
9.770266485441161386e-01
8.266160166996572300e-01
1.196762947701062396e+00
9.672867015492632170e-01
8.623583020194469650e-01
1.016113772288497197e+00
1.015730380180988712e+00
8.776887536146802393e-01
8.868621372683147541e-01
9.942682141148663222e-01
9.907346776228505014e-01
1.031203207660488230e+00
1.064662273600812448e+00
9.799731712895057845e-01
9.738750646876286332e-01
9.557448634939962329e-01
1.016719130422730544e+00
8.866379132810673358e-01
1.087457386347126409e+00
1.006117459523661273e+00
1.045674743788398864e+00
1.062554874993853593e+00
1.024890173986118924e+00
1.164151812395650243e+00
1.085007729726364056e+00
8.963771940567881735e-01
8.748907281872506658e-01
9.899221875863832842e-01
9.359743942127378702e-01
9.970802976103920745e-01
1.037045158685493629e+00
9.782813266380701034e-01
8.289124776516956228e-01
8.164019316366432077e-01
9.992061950536106352e-01
9.357314831792646892e-01
9.016104115860918977e-01
1.104543576770565805e+00
1.008126730841401919e+00
8.867501396152976945e-01
1.056145047930439729e+00
9.336649371037637479e-01
1.128540702684757369e+00
1.041207092791328837e+00
1.014933684303957140e+00
1.132212624086280206e+00
1.207484320204505579e+00
7.976842123998100220e-01
9.463917637355652168e-01
1.020534357576588169e+00
1.152447500691130777e+00
8.837139321331970443e-01
1.118655613664374826e+00
9.812863581584514439e-01
9.507514396333769380e-01
9.951176968333663719e-01
9.252111271448075769e-01
1.009334004849601119e+00
9.404660602161909466e-01
1.053483865969343958e+00
8.679572655308704920e-01
1.046763046060215974e+00
9.530458553407662459e-01
8.459217536427730000e-01
8.823966894181067833e-01
9.870160184692160499e-01
9.168857404397523503e-01
1.067898773674090807e+00
1.070838687738287831e+00
1.031202068805466832e+00
1.074731698733938590e+00
1.199689113732413270e+00
8.969422351836964236e-01
9.718917190901201764e-01
9.084986449579168788e-01
1.018828116572492171e+00
8.345391538299226086e-01
1.064003483443263676e+00
9.317597783600348738e-01
7.886287358325387853e-01
9.484166198671784009e-01
1.046187352855775909e+00
9.319466242261877920e-01
1.079404401964242366e+00
9.869320864428151596e-01
1.069705841556416237e+00
1.095852321746514813e+00
1.070294056206963607e+00
1.101181845325302611e+00
9.530087497145058872e-01
1.102313281353600960e+00
1.162907183205915240e+00
9.702822491423366280e-01
1.154561318754134369e+00
9.513871196574918976e-01
1.087431802145560455e+00
1.016201342455605783e+00
1.000505713858685475e+00
9.695622386284429295e-01
9.155605061315792437e-01
9.797224548515724996e-01
1.107314325705717195e+00
8.808387988347208264e-01
1.048563865500472536e+00
7.856743066738451908e-01
1.142322322756242015e+00
8.540798809012086767e-01
1.059917837020206033e+00
9.519862738266502422e-01
1.033383326362604659e+00
8.967508989456731694e-01
1.059653374173115115e+00
1.113517903478442816e+00
1.049663009479939291e+00
9.022024007901275899e-01
1.143858460130297239e+00
1.071457220478256644e+00
1.027383920574533427e+00
9.324958193121063443e-01
1.078834439101015397e+00
1.007305116515578414e+00
8.735418118323141634e-01
1.156232509410246578e+00
1.046039652930277564e+00
9.203412984127663510e-01
1.078768161385981195e+00
1.105576030169217461e+00
1.028776271461045333e+00
9.443103998702577773e-01
9.505037384180827775e-01
8.637231346879761240e-01
8.233144685941410357e-01
1.031449591926243636e+00
1.078744608276971162e+00
8.171460758683252168e-01
9.850404804799269831e-01
1.149113566220276494e+00
1.177354569741473567e+00
1.017455739067571141e+00
8.414646520216676473e-01
1.120191825875668679e+00
1.024534132188476665e+00
1.082378069073894888e+00
9.675084458390237341e-01
1.097451784127200458e+00
1.048559088773199255e+00
1.058083692228309225e+00
1.225953435774856271e+00
1.067795960906824826e+00
8.315619769256991090e-01
1.143200670304220568e+00
1.149108438601509574e+00
8.908661409299296619e-01
1.112390467417586404e+00
1.051052476212885889e+00
9.107439958224916587e-01
1.030693417406983281e+00
9.471979221620219214e-01
9.326723715199009002e-01
8.374597050315519819e-01
1.082471669724389463e+00
8.975824702385162279e-01
1.034868340767692407e+00
1.055028421213717094e+00
1.102606793001799756e+00
7.807937662604094164e-01
9.190310200899037829e-01
1.179231033473566059e+00
1.107465013340929838e+00
9.693296297441926779e-01
1.001044088453733938e+00
1.160319560620433954e+00
8.055301566931618584e-01
1.051071088779117035e+00
1.009973042619448425e+00
1.077727472696450750e+00
1.110029310872286956e+00
8.334930496968815383e-01
8.190809356237622740e-01
1.186082204801142792e+00
1.137604140412554976e+00
1.044916110310603496e+00
9.739748852719538608e-01
1.069066489671773201e+00
1.145083847930325582e+00
8.587452288728898431e-01
1.083948518267538352e+00
8.451242075495652983e-01
8.477250282203216969e-01
8.673347083703815130e-01
1.120311779400691155e+00
1.017649538631763662e+00
1.011617873849342431e+00
9.266550143226262026e-01
1.081832723070486058e+00
1.045033153169155682e+00
8.313850854588591410e-01
9.825183247951314591e-01
1.064380179420947536e+00
1.012943252953887763e+00
1.138369114340530341e+00
9.527566759857211132e-01
1.123269511329061610e+00
1.030713660741419790e+00
9.825256112361226979e-01
1.006162363117526271e+00
8.389417444806887003e-01
1.110435696553745410e+00
9.124860965600625207e-01
1.078861835756081744e+00
9.766788171000728713e-01
9.717309814802661538e-01
9.421073120332106310e-01
9.456074265621824404e-01
1.012946969719116908e+00
1.038909547382411480e+00
1.043351383705153790e+00
1.110930755543780402e+00
9.216196869241202183e-01
1.041952010335268186e+00
1.027972243710906453e+00
1.096408838880300607e+00
8.056496298091226915e-01
1.160236691217934712e+00
1.056190942006011824e+00
9.395403843355580875e-01
9.480559675232222983e-01
9.794635450484435735e-01
8.059617542485124631e-01
1.015404931242904762e+00
8.845130604152861009e-01
1.208846489813192315e+00
1.030739386902731924e+00
9.212110588952369117e-01
9.102484141870180734e-01
9.383214435504909634e-01
1.065195466526855261e+00
1.026681338145853273e+00
1.095469531392965878e+00
8.946026765779693246e-01
9.416519347340626123e-01
9.867333082553300105e-01
1.032323843625539084e+00
1.010272198490913986e+00
9.012373720710427083e-01
1.111762114202371476e+00
9.670079811655176716e-01
1.041973715416611324e+00
8.382652995372545934e-01
1.055974189435058497e+00
1.144237300826545178e+00
9.177714652263881945e-01
9.821580562641021306e-01
1.089091880464227557e+00
9.247594806604285678e-01
1.050897913300922859e+00
7.688839603395258848e-01
9.298968816452130026e-01
9.456802038139759947e-01
1.050484587940652581e+00
9.656193027058694867e-01
1.128410118557291675e+00
8.952574127697290329e-01
9.914277223958223306e-01
1.177200073866312646e+00
8.880698049470463484e-01
1.008189459852035785e+00
8.727587658732086640e-01
1.104118972171485913e+00
8.099059250682968392e-01
1.147018726490237395e+00
1.041170781770998088e+00
1.070016243934390765e+00
1.207813087035939814e+00
1.055484526360526587e+00
1.040508088712426282e+00
9.659087030309634336e-01
1.056552048118946319e+00
1.149659094318627561e+00
9.330555296809032173e-01
9.703181828201355996e-01
1.056684532857739223e+00
1.103112500154693532e+00
9.923030953266307463e-01
9.524719498064153633e-01
1.098416988428817298e+00
8.715650809190951254e-01
9.509766034511180077e-01
9.060873586747442143e-01
1.022440458649322315e+00
1.175875560141810272e+00
9.410771776818922518e-01
1.059344702236843627e+00
1.006950372225885681e+00
1.055281259928102733e+00
1.019000644277083145e+00
8.383972375523978116e-01
9.368361569574682468e-01
1.106006547518449956e+00
9.587042361773526755e-01
1.230154614028298621e+00
1.032793947056094952e+00
9.561258412131428130e-01
9.801113008625155221e-01
1.066838540570214988e+00
1.026721819223203269e+00
7.983740455874028807e-01
1.104841058632423545e+00
9.777108519984197832e-01
9.394130134832932022e-01
8.037051499774805485e-01
1.096458408387399830e+00
9.038243531660005159e-01
8.498509387985657693e-01
9.285208834430540570e-01
9.790704089234599783e-01
9.909824542054364027e-01
9.243453179682249443e-01
1.032357273507292117e+00
9.966735451129948853e-01
1.139682717419483460e+00
1.077736697717921244e+00
1.177573399681333788e+00
1.094028481113562989e+00
9.764756489222186087e-01
1.195190151075609775e+00
9.455445182937284310e-01
8.355318177350579134e-01
9.128879349057914538e-01
1.061629320851379843e+00
8.832543885011325813e-01
8.140571589507429318e-01
1.112246317868905487e+00
1.066371573406744266e+00
8.117226252621992932e-01
1.091422681918245097e+00
1.104686458264650284e+00
8.525616219291671793e-01
1.117343769802368492e+00
1.008082580000469575e+00
8.364642657645970925e-01
9.864268167310812352e-01
1.053837831970429573e+00
1.050368945834919687e+00
9.664008205715276523e-01
9.094065561462212344e-01
1.019855421118491590e+00
1.043423109716194563e+00
1.023007905186820832e+00
1.161333016891056724e+00
1.162779990531433327e+00
1.036055414348943327e+00
1.022249591517004452e+00
1.089176564160033722e+00
1.011672925652040256e+00
1.112909848143898817e+00
8.015835715775478931e-01
8.245630864616135813e-01
1.046841875041880865e+00
1.099552115643697148e+00
8.451097284902879814e-01
1.001210412119512227e+00
9.234250247233404263e-01
1.041666937225665501e+00
1.194449871575683275e+00
1.059967290065575662e+00
1.054039222383475582e+00
8.665050409772244722e-01
8.947298714009161991e-01
1.071130606067647317e+00
9.898958860284051697e-01
9.130689341258781955e-01
8.259153720281868782e-01
9.319539703054746660e-01
1.112467030655814204e+00
9.374942587352766976e-01
1.058671413967640973e+00
1.096798839683549298e+00
9.889311800260176533e-01
8.754135236220488281e-01
9.557016518484366951e-01
9.051731103521376554e-01
1.044457300373293984e+00
1.001866765753947952e+00
9.181750444076206552e-01
1.059515948654984330e+00
7.728205370333811608e-01
1.091202978417717961e+00
1.216962243751204209e+00
9.304443884372169959e-01
1.198154202477220931e+00
9.139062869579164250e-01
1.072104268186068854e+00
1.021080360977300705e+00
9.770902967291335006e-01
1.146125552110370815e+00
1.038980744778338794e+00
8.551797538227546847e-01
1.040808263562664981e+00
1.159305566398195708e+00
9.588464877312206092e-01
8.666784996871896851e-01
9.094943068596292868e-01
9.854260955804690081e-01
8.666637029721404595e-01
9.734648699216436052e-01
9.173703578009474446e-01
1.062375377765917728e+00
8.231821430762802372e-01
9.934786703406965902e-01
8.578739232302774465e-01
1.116826000567249011e+00
1.210194913086275248e+00
1.003331638697100958e+00
1.020553673410446782e+00
9.338669956270919670e-01
1.016914371530592831e+00
1.011893083321697695e+00
1.213204079382799394e+00
1.068088885346339278e+00
1.035042182635734775e+00
9.494459321234611782e-01
9.245333267692578127e-01
9.773554630319607472e-01
1.054615903958358913e+00
8.881722012237562858e-01
8.707045141650412434e-01
9.348920799915556579e-01
8.769907621688688426e-01
8.991619274280123753e-01
9.356696902548863326e-01
1.122849453072640724e+00
1.038005984668612935e+00
8.291982950332984492e-01
1.055717667928297576e+00
1.038057737443696560e+00
7.798462847373325291e-01
9.641308854874652834e-01
9.257841550458492108e-01
9.748979100426237165e-01
8.882392914409016349e-01
9.588664706726646170e-01
1.080475370026640736e+00
1.086288380778392737e+00
8.325362453802277463e-01
1.020006004699224089e+00
1.192132692324065824e+00
9.348090521730825220e-01
1.043317791132436723e+00
1.115121299363536878e+00
9.870514120148217163e-01
1.061334352445090223e+00
9.504306620699491948e-01
1.023627834413387117e+00
9.964940621998992221e-01
1.071455692665102211e+00
1.086741323379973423e+00
8.500111538687626922e-01
1.093440511841231144e+00
9.365576569489455494e-01
9.236770721545832785e-01
1.057563269470348732e+00
8.891540392545246307e-01
8.051467677421693114e-01
8.387400547594436873e-01
8.417298697673180063e-01
8.366807566567683319e-01
9.063943381089836215e-01
1.013280729335062302e+00
9.820700462461613434e-01
1.084344030886261967e+00
1.186667263717771759e+00
9.012861688918840652e-01
8.934306965925864485e-01
1.048776696488524340e+00
1.119878765839408485e+00
1.118199147913162994e+00
1.059091192211989885e+00
8.843567181398227506e-01
1.091242861333826530e+00
1.064253815652985047e+00
1.025573424768955633e+00
1.009718333343406327e+00
1.042012255910851115e+00
1.008861351281835184e+00
8.443307542924910480e-01
1.095562294832945316e+00
1.130772848450474655e+00
1.098302834692036045e+00
1.047360867712732846e+00
9.418263857967117403e-01
1.051542912470873503e+00
9.066600215094717807e-01
9.643302975554757239e-01
1.053483201992484908e+00
1.041439201776657164e+00
9.583030657029377730e-01
1.063622239934220559e+00
8.502779920590395335e-01
9.946964090657264279e-01
1.031720559332353737e+00
1.030819620266728132e+00
1.028688620519278896e+00
9.292002204911635754e-01
1.067773007430805388e+00
9.539019795570704563e-01
8.250812108020375568e-01
1.229127056424754061e+00
8.794691712411786266e-01
1.068994293105402615e+00
8.461667941588557618e-01
1.083446613292132765e+00
9.367298613078779423e-01
