8.274038510813022107e-01
9.059234760851530011e-01
1.088714646896412397e+00
9.718669168712563700e-01
1.049033885277532052e+00
8.688940947768037937e-01
1.060612247159608446e+00
8.244775138550641813e-01
1.093260588921415533e+00
1.056168508627431946e+00
1.161781827728948890e+00
1.185879397016479597e+00
1.118314187943887594e+00
9.139622543357741602e-01
1.175272052126409728e+00
1.051050314293935362e+00
1.095173698292199793e+00
9.943497636566629438e-01
1.121730608495083326e+00
1.063263065014592224e+00
9.196537552016692540e-01
1.030779321663528147e+00
1.170276335610052287e+00
1.131330248305948416e+00
1.103091239488874109e+00
8.867499730936665436e-01
9.599960691643625310e-01
8.516326833420646558e-01
1.064153336372965386e+00
1.028984872140823459e+00
1.115403587410626951e+00
1.063001967420969418e+00
1.114114685410849681e+00
1.113569044705265076e+00
1.037744573101897938e+00
1.058216790472078284e+00
9.245213511638594728e-01
1.068946790616020381e+00
9.144740540155322783e-01
9.986916877924187919e-01
1.016931970111181860e+00
9.607429915220372374e-01
9.049889570315221565e-01
8.736679538370134557e-01
1.073331555798487713e+00
1.095909477721675795e+00
1.043113719948841611e+00
9.681284537140112390e-01
1.012197109211661505e+00
1.131269903907754726e+00
1.003342027806011005e+00
1.073564218770333589e+00
1.086381275124786550e+00
1.023623342841138539e+00
1.012862573180615122e+00
1.009348301982594842e+00
1.039564722041931732e+00
1.115313820177085136e+00
1.093116335654303439e+00
1.017716025079695275e+00
1.218862272985189454e+00
8.996116764881740835e-01
1.068299431904997876e+00
1.057283901840073037e+00
1.127655807936512655e+00
9.730562619139419001e-01
9.819151819486353627e-01
8.791958986275087984e-01
8.895519137287609679e-01
8.399329419037269151e-01
1.063334708372198234e+00
9.374932510841702538e-01
9.279537991389654739e-01
9.152336409525234640e-01
9.902889462244739427e-01
8.416651734388524986e-01
1.047097643053902072e+00
1.063458770870627124e+00
8.217115551341982460e-01
9.216113860645530620e-01
8.215843147146973946e-01
9.101382603124591464e-01
1.098259501298273433e+00
1.190111004890193502e+00
8.887965969547300116e-01
1.046231097797697185e+00
1.002181398073713092e+00
1.011591314837338551e+00
9.434051343616678409e-01
8.227357001265325209e-01
1.195611102893620270e+00
8.788486829733355155e-01
1.056320654336917464e+00
1.102826023733951333e+00
1.065431396734184188e+00
1.073021435128742151e+00
1.109211137196972619e+00
8.964228379376902867e-01
8.474420138964471327e-01
1.130123444372257646e+00
9.013790045850147425e-01
1.038467769402648955e+00
1.160745457322324148e+00
9.116576831677695170e-01
9.698710076545735692e-01
1.198834180724551723e+00
1.087603798200841965e+00
1.135251936574050324e+00
1.022338807168271746e+00
1.099366576679890350e+00
1.102354128402838640e+00
9.085882486519083479e-01
1.178627214415622237e+00
8.767431430534685655e-01
1.171573653735539233e+00
9.889288311772682638e-01
9.892771640586386361e-01
8.336449273973266516e-01
8.835733522797507566e-01
9.431691382038279725e-01
1.121972337654181473e+00
1.135976334564848367e+00
1.141492677997194116e+00
1.094186753668705991e+00
9.534840832813649136e-01
9.071730243805182781e-01
1.017967515469436091e+00
9.047834588561176616e-01
1.025561490280044508e+00
9.480273284295881453e-01
1.065188048787648611e+00
1.150388763596223329e+00
8.816037930152289537e-01
1.078187347703633447e+00
9.281099997922485079e-01
8.639274091723734283e-01
9.795604477454720183e-01
1.129203078389361625e+00
9.730435661216554344e-01
1.066747425303152585e+00
1.030060927341947208e+00
8.805347532314625747e-01
9.955684697691749019e-01
7.741011771790096141e-01
1.112845220947864755e+00
1.137294124747117330e+00
9.160532148439989308e-01
1.045179668573845033e+00
7.923137156282078486e-01
8.927191703713500681e-01
1.113877669739136378e+00
1.093688786978374683e+00
9.987494913967474020e-01
1.175576251966187646e+00
9.942274592712836423e-01
9.824002525376765993e-01
8.448989303659163452e-01
9.516822270764389025e-01
8.755271815299485727e-01
8.631856686432768377e-01
8.610293312819090605e-01
9.995912658753756119e-01
1.043025396474219546e+00
1.062270551306297994e+00
1.143954344416397984e+00
9.184405951923687583e-01
7.993329380690868957e-01
8.339179617712435544e-01
9.662902656521472622e-01
1.058335315254077091e+00
1.008597471668750467e+00
1.014876202128391469e+00
9.537923326350774555e-01
8.228117160383330297e-01
9.712091499601430700e-01
9.926360369047745325e-01
1.009092875980147408e+00
9.595102974002455154e-01
8.837644706631105906e-01
1.040254204203294286e+00
1.047808295550350932e+00
1.156122343614483627e+00
1.062248881980107251e+00
8.782706278960483726e-01
9.686292507077083336e-01
1.136291686856914396e+00
9.738612989558165234e-01
1.151828816155775259e+00
9.846750118861149481e-01
9.084945306422935740e-01
8.830592520572444482e-01
8.731965988221915831e-01
9.266386343726401575e-01
1.075859547470531030e+00
1.009756491103172005e+00
1.142700154466894213e+00
1.017292833067161784e+00
9.835620104037831046e-01
1.026151377312259028e+00
1.096748126108049615e+00
9.557644152251325576e-01
8.580760322495700754e-01
1.022603620243899059e+00
9.468494907866958910e-01
1.085379886213191369e+00
9.402161302840323920e-01
8.996257287270718050e-01
7.670018963240409215e-01
9.933961538463782492e-01
8.681353030272942473e-01
1.024750877770191249e+00
1.013960039510918287e+00
1.069139055153158324e+00
1.065223856770959765e+00
1.073471213558121917e+00
1.063067780285913866e+00
1.081431680127048045e+00
1.132475940032867445e+00
1.201784794341468787e+00
1.133235802952317517e+00
8.465784806189979861e-01
8.898847681632262585e-01
8.442594642745759881e-01
1.073818613517299569e+00
9.990024961846244445e-01
7.819357495721394047e-01
9.741436356589620038e-01
9.251093020310321435e-01
9.724589374141413556e-01
8.069313891795075744e-01
9.360000454487462651e-01
8.698740068191908037e-01
1.028690609630364738e+00
1.215120437814790622e+00
8.746021443310780796e-01
9.999190748304433995e-01
8.207257482411947080e-01
9.394566292164105992e-01
8.550219005717601961e-01
9.932526710736593323e-01
9.891357360304403601e-01
8.350946316026350846e-01
1.089375419555939750e+00
8.846769677749062311e-01
9.867955242748722711e-01
9.444532551688991084e-01
9.130697452802155611e-01
1.059711727574216944e+00
1.192078939928250758e+00
9.410140980223756779e-01
1.117559874361017336e+00
1.160660048027656321e+00
8.637534693916018025e-01
1.130071592996691798e+00
8.892620228445440311e-01
9.416297441057082107e-01
9.368850710243162849e-01
1.067055683648846065e+00
1.025114149722958556e+00
1.064918116993826880e+00
1.164074988709367320e+00
9.636720974008435858e-01
9.577802774708155109e-01
1.060584508133293635e+00
1.095574449204547385e+00
9.653442601149968549e-01
9.829087530211462198e-01
1.121587457956976674e+00
1.164197051961381124e+00
1.085334817268994945e+00
8.152885029620555724e-01
9.647277613282924102e-01
8.610872006336662832e-01
9.991103214734462501e-01
1.033806414687401087e+00
9.423114792325139044e-01
8.635690317574358232e-01
1.023773834680997918e+00
9.394098861634532227e-01
9.724928144931257457e-01
1.025804901261004431e+00
7.754193446367618758e-01
9.826571209774337401e-01
9.243631587144534034e-01
9.660272529896107851e-01
1.004519022932541583e+00
1.085744590383148411e+00
1.036327435553840104e+00
1.045594575560895523e+00
1.021370696698433722e+00
8.663322350868585264e-01
1.065905990475628506e+00
1.145209313408581897e+00
1.185879740435979990e+00
8.407801425779929394e-01
8.496248569924460536e-01
1.058489948499130140e+00
1.037596562474168316e+00
1.101067279171654034e+00
9.606222142841747136e-01
9.585263501789802465e-01
1.044928918475183988e+00
9.840752491326900664e-01
1.098104318948675218e+00
8.769363283842963597e-01
9.078289689781123828e-01
9.281519741023935843e-01
1.034118652772160418e+00
1.185027846223344561e+00
9.536195649438740096e-01
8.747055662900624640e-01
1.149954452731048127e+00
1.040285950340895660e+00
8.927310278846809499e-01
1.032426421659728977e+00
9.364476263564267544e-01
9.569970801230189839e-01
1.094998820268570094e+00
8.303602831318771527e-01
9.803806434871311648e-01
1.233940225362839760e+00
1.092759532114612187e+00
8.961871208326956939e-01
9.260951268216939258e-01
1.067705171204420100e+00
1.044084513751892818e+00
9.544034975147713817e-01
9.963367851360246386e-01
8.994323071777521328e-01
1.115480708928937359e+00
8.180054060315686826e-01
1.026454646673385263e+00
1.065092377768270593e+00
8.819920993501342288e-01
7.940460135790330387e-01
1.080283561870365672e+00
1.080634064704078856e+00
9.072357374332458146e-01
1.046794200440431810e+00
1.103919747838867593e+00
8.361516532655708378e-01
9.500971630765286946e-01
1.183737317119329724e+00
8.735514236894006412e-01
7.994024099721613874e-01
1.064211514672434022e+00
1.143103915051518538e+00
1.013119539338487529e+00
9.437636541882321595e-01
9.454441070307394446e-01
8.032523733657146447e-01
1.063194531734364734e+00
9.472468789967349867e-01
1.089048838345026970e+00
1.094749891648335360e+00
8.940837777079754245e-01
9.375022657235516643e-01
9.544269721485817426e-01
9.613814981081365563e-01
1.155527420896095059e+00
9.436128612249925496e-01
1.234675708947245099e+00
1.061564038668868948e+00
9.242360717660592639e-01
1.099131969354655958e+00
7.943572453877927320e-01
9.314207630825837025e-01
9.379519428348546128e-01
1.016329256945403214e+00
9.476649531348455557e-01
8.619072160139744643e-01
9.497562879570577987e-01
8.439054857407377597e-01
7.914810184400682402e-01
9.054139443592407188e-01
1.092249285939411063e+00
1.130739496907692043e+00
8.788968998008015454e-01
9.464516958585822426e-01
9.881094191051695841e-01
1.011551889408018212e+00
9.346503859104163814e-01
1.038560493294771625e+00
9.978222345521808867e-01
8.331757492129061582e-01
1.114323241555118527e+00
1.027750431418085197e+00
9.577241552700135330e-01
9.527540131048455319e-01
9.687056611120594685e-01
7.951196422446471512e-01
1.008049493249694395e+00
8.928411993466438545e-01
1.047093348740091079e+00
1.097928134098563824e+00
1.212781620068159372e+00
1.115511325490360361e+00
1.081759010523946296e+00
1.088790484954338167e+00
1.089952622110182512e+00
9.791446770196705618e-01
1.104652263825178560e+00
8.474020892027942509e-01
1.037008047007902611e+00
1.026693475546679668e+00
1.011380446660614885e+00
9.257408696165096984e-01
1.058364337212046369e+00
1.058280971604412146e+00
1.005658414238628229e+00
9.272993206161957991e-01
9.505257799164690269e-01
9.818441743434964675e-01
9.322057626542481490e-01
1.124600699530216241e+00
1.156541102150612232e+00
8.539932827077943989e-01
1.072042788942966896e+00
9.665773789406841843e-01
1.028616909799347612e+00
7.707056671786514102e-01
1.039262119586919164e+00
9.760660844850190809e-01
1.113168283969714789e+00
9.564749398123875146e-01
8.621872219073529742e-01
1.062393732364273369e+00
8.806114038130696819e-01
1.040085307674465609e+00
9.703308899605711524e-01
8.873053885689023979e-01
9.956370317752479826e-01
9.624686141692320174e-01
8.459686970228842418e-01
9.969074660269334753e-01
9.140680512331370577e-01
8.160387140999720845e-01
1.092813383510720548e+00
8.745327132018489991e-01
1.074622605175081791e+00
8.515051213360416149e-01
9.509887864954029713e-01
8.620383857379285697e-01
1.109788980522538493e+00
9.709687261623771715e-01
1.126732981186341576e+00
8.936132878734013296e-01
1.039824981255437431e+00
1.072659586389758335e+00
9.357987397980613853e-01
9.036037057027321850e-01
1.033822475468971103e+00
9.005351358735055323e-01
1.176806786836288143e+00
1.025576140679026693e+00
8.209373217591029448e-01
1.016553728075201501e+00
9.210158023633561175e-01
1.022109009428916915e+00
9.315364784144305466e-01
9.723555651134332400e-01
1.115093229086244309e+00
1.009516259593914000e+00
8.292585082345351744e-01
1.130355786554513298e+00
1.006813685780790113e+00
1.006828742753083317e+00
9.256199523880392910e-01
1.044888715655534872e+00
9.687372641921965233e-01
1.030307200517540656e+00
8.459156010314601293e-01
1.035798012905341903e+00
9.943079471301232708e-01
8.418900704037266536e-01
1.095216000724210659e+00
1.075117224804967186e+00
9.138835292159130930e-01
1.020341401918491098e+00
1.125495460988761964e+00
1.059196722017113679e+00
1.101935758256580966e+00
7.720010614251369141e-01
1.093293174680702418e+00
8.210614261756135068e-01
1.085409018948068960e+00
1.004321995928349809e+00
1.030201590010260571e+00
8.977548886200922285e-01
9.936227708613758480e-01
9.798167190428710427e-01
9.392230496129070350e-01
9.744010072575908232e-01
8.842884223549107858e-01
1.216616571114188083e+00
1.126712718079715625e+00
1.105380902113627162e+00
9.602234077920498434e-01
8.739303649793987994e-01
1.006720460927843952e+00
8.862177824404599003e-01
1.034395289679640006e+00
1.001612740087842512e+00
1.159416472654807295e+00
1.103949787996200582e+00
1.113989337638880750e+00
1.072277159805487212e+00
8.600594193003379129e-01
1.118806882370462219e+00
8.824485321577204555e-01
1.160419171243068259e+00
1.101159774833655014e+00
8.156259984380404005e-01
1.090056800054477470e+00
9.797100826393611017e-01
9.440754772673928263e-01
1.194459777951941026e+00
9.404754389281122506e-01
1.145046451071500604e+00
9.787140544283468024e-01
7.916496168768374364e-01
8.274986691539159001e-01
1.136842406497849511e+00
9.699006021600251604e-01
9.501165159058555520e-01
9.726079225172088449e-01
1.038185462302571027e+00
1.073937708822483295e+00
1.025048226672769180e+00
9.569529425688165780e-01
1.008974969182490966e+00
9.226969673391187676e-01
8.768600974699527484e-01
8.649072688282998245e-01
1.109002651168784714e+00
9.334174948790867621e-01
9.164145396914535890e-01
9.610297224263770755e-01
1.059664666037267722e+00
1.002696207013783258e+00
1.111785094593780165e+00
8.597542165409219894e-01
8.325429291711220481e-01
9.882893079170644857e-01
9.231562099290522294e-01
9.981951322464894805e-01
9.484543786096082396e-01
1.052710684503437744e+00
1.080735427355510314e+00
8.409388228814135280e-01
1.044244199012830387e+00
1.100758285697280625e+00
8.794652985743973694e-01
8.789554309042330038e-01
1.097518710335183778e+00
8.746954564557394285e-01
8.792031676439187038e-01
1.038577401167515513e+00
1.007122110843328366e+00
8.692439858620039095e-01
8.645471242599376271e-01
9.408983408283175809e-01
1.141028076163207450e+00
1.016745088774580141e+00
1.010895062978194536e+00
9.892440076027739781e-01
1.174242502523628495e+00
