9.666440334090660169e-01
1.027594131985471781e+00
1.168483970353563883e+00
9.768876866518727553e-01
1.103667010798073056e+00
9.639195564811251504e-01
1.066805888489218868e+00
9.034738129362441805e-01
1.047795810241241243e+00
1.016844093356621181e+00
1.013225268401976464e+00
1.028639689328270546e+00
1.056512691376462199e+00
1.147901040328413336e+00
1.048805569700907547e+00
8.430721963554939080e-01
1.142551959373952819e+00
9.475025890845347742e-01
1.032767320240856046e+00
1.143180787139049137e+00
8.781600978095971399e-01
1.157240407376044500e+00
1.050719665983078199e+00
1.108196924677204542e+00
9.295228616639812369e-01
1.005988517771580160e+00
8.715821053629667636e-01
8.522026172711553160e-01
9.328584549163327910e-01
1.017247186930432257e+00
9.447306293418323841e-01
1.101599924998112545e+00
9.453625649413943677e-01
1.047135919158205697e+00
9.585315246125334365e-01
9.590823519767626149e-01
1.115761762864835305e+00
9.861163267524353238e-01
1.030469749643136312e+00
8.316376988990092922e-01
1.173646850222291427e+00
1.000364377573752517e+00
1.091191619737406082e+00
1.004388531817723695e+00
1.071274914382406740e+00
1.068671227751849528e+00
9.602765569873333851e-01
9.159730124483203006e-01
1.101238396929834495e+00
8.218306577366195631e-01
9.470971364138803805e-01
8.800533001037240677e-01
8.260473628359721321e-01
1.004850550229209549e+00
9.533200751942987328e-01
8.355182458692144154e-01
9.902130504800058519e-01
1.074101746687502468e+00
8.941309272340995928e-01
9.229646209981225979e-01
1.062895405212924249e+00
1.108080944559338699e+00
9.278818816921460266e-01
8.591763301043796597e-01
1.162498078547730129e+00
8.843436206679419209e-01
9.272221365701658335e-01
9.865726513008945542e-01
1.062832063779675096e+00
1.003987595975206482e+00
9.785806849555744868e-01
1.123796742642299673e+00
8.543311752385828184e-01
1.024120151810923529e+00
9.377897633590845938e-01
1.019850149917136406e+00
1.008987194883000038e+00
1.144524650602385174e+00
1.075189343845820877e+00
8.064958755287295888e-01
1.028367026446734833e+00
9.978637004630972474e-01
1.070326863446905197e+00
1.073920414946620605e+00
1.105353780300897037e+00
7.872690813507128293e-01
1.086892921642828025e+00
8.337271990482160167e-01
9.200587045771502215e-01
9.030633463113586501e-01
9.538717005790934289e-01
1.131419854355025345e+00
1.065966463943316178e+00
1.034819079517630636e+00
1.042849119963544346e+00
8.583234418477546646e-01
1.094707646175339777e+00
1.023392984618421098e+00
1.003314854760509967e+00
8.738909732522943674e-01
1.030451010427819059e+00
1.058641754724948036e+00
8.987616462434933062e-01
1.143965765857076766e+00
1.079001357937498407e+00
8.875106372160006529e-01
1.000727943391926278e+00
9.833535535518429516e-01
8.294478966884450966e-01
8.399280216161599810e-01
1.092887930613490211e+00
1.161614699861396982e+00
1.065395866451578799e+00
1.125780456472804003e+00
1.100888885303103581e+00
1.156953941530008967e+00
1.074510212308158241e+00
9.388037660287639197e-01
8.678405215406497231e-01
1.091287100078755845e+00
9.209394916062321190e-01
1.026674585797621386e+00
1.091297188133149687e+00
1.115196306495622514e+00
8.213572062210436897e-01
1.059357018806943218e+00
9.390846637029455213e-01
1.072651087877805054e+00
1.082620424174753015e+00
9.586382961734593033e-01
9.061537547565489126e-01
1.134824998066465307e+00
1.151271269615073534e+00
1.013564238264029083e+00
9.830324794693977575e-01
9.718522048206736930e-01
1.051281928533203125e+00
8.868642845992402712e-01
8.352822497903260590e-01
9.857801214568485682e-01
9.602618103784701376e-01
1.005107075297336783e+00
1.035941643378606614e+00
8.179684739818120498e-01
1.060244308259715718e+00
9.548800921772211403e-01
1.094649347031430686e+00
8.940620026110104313e-01
7.770389314685487436e-01
9.867516254946715470e-01
1.057958598098348579e+00
1.117686675934209672e+00
1.154298826816380075e+00
9.534259289683701954e-01
9.842517412588099868e-01
1.051435631242319202e+00
9.627081218605288981e-01
9.404205225567698889e-01
1.007187273594138954e+00
1.074388492820296470e+00
1.041434987349990848e+00
1.010007701051107709e+00
8.835553031656456779e-01
1.030201480837645622e+00
1.137811883817622549e+00
9.393810416128681728e-01
8.661079941902032342e-01
9.541096526720584947e-01
1.003977636422019426e+00
1.137168297493400093e+00
1.034047097840020468e+00
9.762817680526547637e-01
9.881728685800317269e-01
9.810303002865086164e-01
8.547169967781051980e-01
9.609133377920411334e-01
1.093335309112065001e+00
9.361012473772520881e-01
1.035569792994897043e+00
9.120903659153254406e-01
1.060144237329562866e+00
9.885744682108339454e-01
8.557887935770387422e-01
9.935115585306416586e-01
1.003736309381980440e+00
1.199752014448007165e+00
9.177466783657737270e-01
9.346944196918551828e-01
1.041899837639504334e+00
1.182556698311881815e+00
9.556389856916203129e-01
1.050729579884873033e+00
8.495275687432677358e-01
1.011278462703521175e+00
1.050381001314718343e+00
1.053757537346835305e+00
8.490767482303542835e-01
1.086068389690436176e+00
1.054071301482472300e+00
1.104251154858719941e+00
9.302830708331855103e-01
1.002060003182482006e+00
8.841927130362354781e-01
9.935238506265084979e-01
1.044211793548847300e+00
9.535211198512445474e-01
1.042255205089348991e+00
1.086160913126765326e+00
9.394785041861353214e-01
1.070182452329013323e+00
8.110413760913850467e-01
9.062648232547847460e-01
1.089982283997785961e+00
1.083412325698101863e+00
1.043096180785159088e+00
1.094304016656252543e+00
1.006639912832516748e+00
8.834560408311886714e-01
1.012417174937550124e+00
9.164315328134389205e-01
1.060431134523387886e+00
1.051296311598711952e+00
9.183069690018490494e-01
9.927833848994641608e-01
9.958105125386434997e-01
9.923852253746512364e-01
9.955756607539256731e-01
8.895440639152381035e-01
1.165231893206776226e+00
8.692700832176420978e-01
1.061452729923460625e+00
1.035496275123783727e+00
9.849186148600111990e-01
9.761905641177984760e-01
1.075629956023989253e+00
9.152519838423576193e-01
8.794997824446013635e-01
1.053884126538545241e+00
8.843568557481595871e-01
8.313017962763614710e-01
9.411666450618205726e-01
9.481446710213112805e-01
1.087997882451260390e+00
1.019407004225941549e+00
1.115004963142739891e+00
7.948049273447297391e-01
1.120693262342852492e+00
9.583751472958297324e-01
9.692505313242560927e-01
8.629338692539882949e-01
9.235561223690523791e-01
1.192904009506008389e+00
8.666100727454485453e-01
1.057318411726224872e+00
1.156193095827983353e+00
8.722157630384550497e-01
1.052563757169500347e+00
1.173615145582634023e+00
1.075067830815151781e+00
1.004075913178770874e+00
7.963789334572037859e-01
1.173730584873982741e+00
9.532345933159631635e-01
8.684639847774910937e-01
1.133391300694479353e+00
1.137574980937249514e+00
9.617574969838149634e-01
7.920256448640121683e-01
9.564815640514798822e-01
8.223269460666201569e-01
8.756486230088038614e-01
1.047512214234143313e+00
1.171225954558223092e+00
1.237014917992638185e+00
9.003570623704317821e-01
8.871853048100830641e-01
9.264316822350616709e-01
1.113480761167291888e+00
9.699196304091242116e-01
1.085781729844081944e+00
1.070084807176725494e+00
9.748454263861613400e-01
9.313994909252696353e-01
9.610670949210042835e-01
9.898986197672838827e-01
1.107445167387141716e+00
1.098581531112218901e+00
1.025558697546300690e+00
8.068651319017563495e-01
9.386183015325525458e-01
9.424308945032167095e-01
1.116309326757356279e+00
1.001396835517617712e+00
9.458683335875217590e-01
1.121385089947792180e+00
9.970345518775163285e-01
8.773327873912311059e-01
1.072765668953347573e+00
9.133827010381299072e-01
1.005105725551068696e+00
9.334361423191301910e-01
1.111025879375965530e+00
1.030188277445161837e+00
1.067743209736966126e+00
8.432015534847044913e-01
8.595234649830525431e-01
9.911678655725486564e-01
8.852281861073361124e-01
1.090883731869464635e+00
9.547343150481395480e-01
1.024642124827051859e+00
1.138528747482883796e+00
1.077478555825002626e+00
1.054616055189221191e+00
9.570987413794935783e-01
9.864482493586932410e-01
1.074321312420035701e+00
9.358175459940212271e-01
8.425286909297011739e-01
1.168971844523840176e+00
9.180854734771303205e-01
1.029068303544089291e+00
8.594175002764529170e-01
9.104379104512794196e-01
8.335461542466036100e-01
1.133743020333905838e+00
1.084466569113422096e+00
8.659891334762703785e-01
1.023740887098935959e+00
9.156631576794987959e-01
1.049044226866838070e+00
1.135615648400741584e+00
1.049996712006660893e+00
8.736045956089386610e-01
9.960630365386762275e-01
1.023558941842107384e+00
8.226699843217208930e-01
1.104164637071497701e+00
1.053899565029657204e+00
8.211534830279078045e-01
9.728438787665009135e-01
1.114461433373325150e+00
9.635927467794306311e-01
1.071544586473902161e+00
9.125849872687032960e-01
1.136090874003917506e+00
1.135166344860513377e+00
1.216924170392616800e+00
1.167569121094241824e+00
1.126275227144301727e+00
1.004383992955995231e+00
1.186458830849760560e+00
9.637144944612354713e-01
1.028696000553405598e+00
1.008496130749523712e+00
8.230968324585776763e-01
1.123185705911919685e+00
9.507379822776912404e-01
1.079969270413899896e+00
1.049335602749773333e+00
1.024393085666451153e+00
8.325347209478705102e-01
1.030914763088068620e+00
1.033598225608659327e+00
9.347000908710663136e-01
8.946741314060164818e-01
1.006810987887424513e+00
9.632887761957886763e-01
1.057633791294715353e+00
9.312709653439260604e-01
1.119568137542729547e+00
1.071715578552685733e+00
1.037373864353654307e+00
1.134462407559140518e+00
1.178902009411141982e+00
1.071446820892560936e+00
8.916987454801670321e-01
8.002510557155282367e-01
1.072159181284334295e+00
1.065842097536565003e+00
1.114945333024476071e+00
7.914832866681501544e-01
9.582042804923180945e-01
9.445599512397224728e-01
1.116154032257101747e+00
1.000899286135366939e+00
1.109291138774470609e+00
8.033320011240577818e-01
1.046305464090561133e+00
9.646100740100970183e-01
1.095412660912443492e+00
9.821419287850545743e-01
1.051599227951138360e+00
1.144438481104028238e+00
9.608650543820842493e-01
9.033993338675155860e-01
1.066737585194087901e+00
1.010920592659516393e+00
8.908513728423996803e-01
1.151312871744451627e+00
9.646802316109255315e-01
9.025832289379112083e-01
8.938030174792279681e-01
1.045389476512168070e+00
1.120385656939532515e+00
9.035483003822233350e-01
9.376403471296667069e-01
9.393750615592089126e-01
8.974356868882956695e-01
8.885795691288330689e-01
1.043860798837520365e+00
8.090945755506346870e-01
9.770012300654882242e-01
9.720597467927083457e-01
1.049547571749694042e+00
1.035110475738647784e+00
1.043366605227316057e+00
1.056630321356941238e+00
1.019430935786808323e+00
1.041160328746352892e+00
1.006770320294404941e+00
9.765273807478431767e-01
9.631531986151515845e-01
8.464738578678177028e-01
1.027440645602880842e+00
9.251047499663058726e-01
1.081720848052126982e+00
1.000166714315033456e+00
1.068952392293765596e+00
1.207024996395081651e+00
1.003831877184955035e+00
8.798302204976684582e-01
8.109694979441397500e-01
1.076759586688962989e+00
1.053272681974168457e+00
1.024335567887673992e+00
7.988893813519528653e-01
1.086417033782493435e+00
9.983055843606593038e-01
1.079490330546703403e+00
1.003564071107615252e+00
9.666368751171614537e-01
9.217271454608060299e-01
1.107259561070321530e+00
1.012054322260541150e+00
1.143415781487722604e+00
1.138457850093049784e+00
1.150294181783948710e+00
9.863044179530798816e-01
1.171524293002651707e+00
1.157931187772537784e+00
1.194962744737617433e+00
1.059518389671624705e+00
1.059876997219086459e+00
9.019085952979125631e-01
9.501794732655319820e-01
9.320178940104972831e-01
1.042437041010728649e+00
1.104679132485067994e+00
9.093264639601004173e-01
7.888670242574138403e-01
9.837454564365721854e-01
1.174713426852950215e+00
1.030496896982935562e+00
8.854984191956520867e-01
1.026974922814534841e+00
9.115381942784139824e-01
9.785923336240851533e-01
9.662190256420637446e-01
1.051229532167000658e+00
1.092292380212446679e+00
1.020491041992209968e+00
9.225974336810056631e-01
1.092390158392344102e+00
1.024616638187558770e+00
1.059486034612571848e+00
1.020218541992303996e+00
1.097354787121019637e+00
1.033122756050861790e+00
1.116071406954980638e+00
1.126350216270752824e+00
1.064968940915954843e+00
1.017897707394430640e+00
1.033196965614036955e+00
9.457298342463767993e-01
8.982803092018751823e-01
8.782942942361159355e-01
1.009956432808051252e+00
1.083355157593686169e+00
9.390787997214065097e-01
1.042254508409601543e+00
1.035069298211874989e+00
1.063995791335783148e+00
1.005845202982897924e+00
9.700202789632568212e-01
8.540559629452717516e-01
1.141135479546616427e+00
1.008556571999914553e+00
9.776438298273171235e-01
9.866794107528855662e-01
1.047257416885603476e+00
1.156940873760500033e+00
1.161173759203436795e+00
1.086311437026180382e+00
8.071723953798860540e-01
1.025187259718227217e+00
1.124387092706527369e+00
1.117943616582008692e+00
1.179323000733164317e+00
1.099825705584070334e+00
1.008222221236597882e+00
1.029997571188016714e+00
9.659540260052081884e-01
1.052895490388656707e+00
1.189251191415915843e+00
1.037808495145311705e+00
1.019941037366608461e+00
8.957729398397296094e-01
9.507087121708072130e-01
9.155482711545781527e-01
9.281729094554689308e-01
9.545072739706932374e-01
1.158101913954805884e+00
9.836921919097463274e-01
1.063487740158441941e+00
8.992154271500583107e-01
1.016675286466775407e+00
8.511740478966838275e-01
1.062417407027286265e+00
9.128416448718660314e-01
1.144372176433459565e+00
9.736415489171356130e-01
1.025078175167607020e+00
1.049817733945271447e+00
9.709357531588502788e-01
9.927814405724082469e-01
9.646877010590194645e-01
1.094528389243317967e+00
9.020507919445623912e-01
9.120261630069055325e-01
8.830290483296865389e-01
1.050628147988298622e+00
1.082587711863812530e+00
8.827727007353174393e-01
1.101501659036097092e+00
9.111302326156560660e-01
1.080655942379508350e+00
1.016222253581897883e+00
1.151595221515018252e+00
1.055018538463950550e+00
9.845459897109826164e-01
1.161089112028737214e+00
1.077697681053327639e+00
9.045828670201601085e-01
9.698115238549831485e-01
1.057114642805309979e+00
1.009110317553753244e+00
1.061630286205720086e+00
1.132110552809389548e+00
9.567582229202886701e-01
1.016711748219804923e+00
1.063745136766098165e+00
9.126476955734847962e-01
9.283443564179296725e-01
8.543017976849525130e-01
9.510670145444386492e-01
9.633778564011924450e-01
