1.003007783599559666e+00
1.058503985407607928e+00
9.745175711945061048e-01
9.720136245525583529e-01
8.687159262268671078e-01
9.313676578549812124e-01
8.868116609741290013e-01
8.466262270119102595e-01
1.073340884253278560e+00
1.024230606362125817e+00
1.125840767012793675e+00
8.957230494283702216e-01
9.469865436867872521e-01
1.010247189464728246e+00
1.093355618869162660e+00
1.137190875846829652e+00
1.038050531014134359e+00
1.081429442241787608e+00
1.122724147817633744e+00
1.022420416251315300e+00
1.085804020819873372e+00
9.925284932769959934e-01
9.539771890322512604e-01
1.087446633810007057e+00
1.054623425314370255e+00
8.983997794735965048e-01
9.934895275030393158e-01
1.057018919462493045e+00
9.496610773068530076e-01
8.776534771867972040e-01
9.791082068102923142e-01
1.198140634306454677e+00
1.025089449445051315e+00
9.012169236842892950e-01
9.962523487111762943e-01
9.182727712006182319e-01
1.099320693841834728e+00
9.990508203055178393e-01
8.815554453223866105e-01
9.610692451724800467e-01
1.064530099717048595e+00
1.029473267697784244e+00
7.871322168078496162e-01
1.125258576477847772e+00
1.062098069110656962e+00
9.365575225814514182e-01
8.831801372982277520e-01
1.002545249322240872e+00
1.046985459408002139e+00
8.524656334165294780e-01
8.749848712428954789e-01
1.055882902092754927e+00
1.053433291098569313e+00
9.876087431220346158e-01
1.019138874762941738e+00
9.515479033156631905e-01
9.610011181492831289e-01
8.834565797501374718e-01
1.009391498861184955e+00
1.036213261798197838e+00
1.002995115552005378e+00
9.106031372129539392e-01
1.010737088483335544e+00
9.075146047924580461e-01
9.743425448839431180e-01
8.218977562819675953e-01
1.173729920639309920e+00
1.161130949802818169e+00
9.116684840848294780e-01
1.000740808278921756e+00
8.729141876196528926e-01
9.000177798232600335e-01
1.233580280035692089e+00
9.303531514569851613e-01
8.481820025502051497e-01
8.952458541345612586e-01
1.052437252715889837e+00
1.112264488375207749e+00
9.383568013764491678e-01
8.385202392171824393e-01
9.692106117318884939e-01
8.522534056994069962e-01
9.726218564410765710e-01
8.891743544499577379e-01
1.094888946760760984e+00
1.090525927363470649e+00
9.805588709659047719e-01
1.037666281239459476e+00
1.092486017443196511e+00
8.781029839327045838e-01
1.054229389211758461e+00
1.051797797727476613e+00
1.006946603347866676e+00
8.919846565444042863e-01
1.167813633399635842e+00
8.562183278669898145e-01
1.059163061951043705e+00
7.855524218769935896e-01
8.011603289137112505e-01
1.022855520745081126e+00
1.077598519316817161e+00
1.073169094832137294e+00
9.206698068135219515e-01
1.113093537177121339e+00
1.127124780190545739e+00
9.355364484197939978e-01
1.166000562296827470e+00
9.837482428317230188e-01
9.501139701494972778e-01
1.084859017879621579e+00
7.966006633279336668e-01
1.026067022318089439e+00
9.642318236339837423e-01
1.171373381915422396e+00
1.032428022812949653e+00
9.500215442453724402e-01
1.040577150477608903e+00
1.053846507918601239e+00
8.655233073690911105e-01
1.065207796773167903e+00
1.028441053190196630e+00
1.073101684768202890e+00
1.022237915528312779e+00
8.223325036167107305e-01
7.990908172364209472e-01
9.515838390548165826e-01
1.028999092338135801e+00
1.043767356683929171e+00
8.719125795546134317e-01
1.081042967489188600e+00
1.177519326592844751e+00
1.139567020403228215e+00
1.078504584112386144e+00
9.596388835204917589e-01
9.799486580641643130e-01
1.029827099775986854e+00
9.227233147595710339e-01
1.091918418662666701e+00
9.817942562104742255e-01
1.098706482535402484e+00
1.086167620842072967e+00
1.114008175015202662e+00
9.473789087253569052e-01
1.019903551108399142e+00
9.292973611082364638e-01
8.264796038513355647e-01
8.834864757293077187e-01
1.122398316947201824e+00
1.127994103937057346e+00
1.191006714413212375e+00
1.009234942898058707e+00
1.053893570799498303e+00
9.743811327605902406e-01
1.069487818460312045e+00
1.089008775284409536e+00
1.060585866225233431e+00
1.023181487499774001e+00
8.357372717628779313e-01
1.088926041142550538e+00
8.620314276333236325e-01
1.051219146621922285e+00
1.085558601579503790e+00
1.024910504808966616e+00
1.079521310677948431e+00
9.523417246614063192e-01
1.113214601455613684e+00
1.014536470340889895e+00
9.089448269102473610e-01
1.062743414571754919e+00
9.790643510555487872e-01
9.768581741062720702e-01
8.171742249221509713e-01
9.634238265952259628e-01
8.544419476210133313e-01
1.113815466198790016e+00
9.117190618779048572e-01
1.116890018395758188e+00
9.548351088350242044e-01
9.751544755234380357e-01
1.114405827049793629e+00
1.135257205045556272e+00
1.157153409056061788e+00
8.644064678344623998e-01
8.897371381997629669e-01
9.328503300359602957e-01
8.656469813712266426e-01
9.714636812309291880e-01
1.088135105011429626e+00
1.039644225654612342e+00
9.000332177068729456e-01
1.124730124820334742e+00
1.003686279651267554e+00
8.083178924467300241e-01
1.035945203203041620e+00
1.002717359391752661e+00
1.191542295328080536e+00
8.579736819768742917e-01
8.653264231137688389e-01
1.024421668964045296e+00
1.108233531925981286e+00
1.093177104417806689e+00
8.688331974063681074e-01
8.642335496970704467e-01
9.645089478317309117e-01
1.009500409024389977e+00
1.018454573332859603e+00
8.627076782289049284e-01
9.941147384642270435e-01
9.533308744038777593e-01
1.088264366266260552e+00
1.068691490196704841e+00
9.556764908774182388e-01
9.852053878318580704e-01
9.352878121323219274e-01
1.118127955547006946e+00
1.052149898384631577e+00
1.044122168740123424e+00
9.401297336718823505e-01
1.076171525098007065e+00
1.149554748503273549e+00
1.186235031523656058e+00
1.029499980765344214e+00
1.179066418514029824e+00
1.089509650528210249e+00
8.406126888773086669e-01
9.895568911938239509e-01
1.097614097597263472e+00
1.053337300347686689e+00
9.659780570169819169e-01
1.036165717274693199e+00
1.004006553442156502e+00
1.009324746934422645e+00
9.942892021315568041e-01
1.131891279664774874e+00
1.120309553993029894e+00
1.219668268766818331e+00
9.988386849226312814e-01
9.401448210852205722e-01
8.796750501364575259e-01
1.156655551115628455e+00
9.989990365984462439e-01
8.304458298826227214e-01
9.919022690971028844e-01
1.081401486906658826e+00
1.037604406427780290e+00
9.928832630261547054e-01
9.746183359100782928e-01
8.448617623096601470e-01
9.998579110099652389e-01
1.074361239027863180e+00
1.025575310507598426e+00
9.222107682683464702e-01
8.696895016078056706e-01
1.007096243851711259e+00
9.640601141737827895e-01
9.940195623510291734e-01
1.047756497701095579e+00
1.192230423808866346e+00
1.171964769378472271e+00
9.539724725451119713e-01
1.160220647423983342e+00
9.538776321800257474e-01
8.790304456676030220e-01
8.209559015976498619e-01
8.113970834790720232e-01
8.101116303015666320e-01
1.074190370934247296e+00
8.811980071077423204e-01
9.472855200776126861e-01
1.081569860782269465e+00
9.268467809900162724e-01
1.164889192866817691e+00
9.560689666883123161e-01
9.668637778296899077e-01
1.124320430810992866e+00
1.107721414755843181e+00
9.967760582464981756e-01
1.005083335511243847e+00
1.019181365186969890e+00
1.024656497397207655e+00
1.102731916481368257e+00
9.727201567482610667e-01
9.719535206830486329e-01
9.067564776626020340e-01
9.642722757397583777e-01
1.047669662619255648e+00
1.157859843834748270e+00
9.421807266362545175e-01
1.107863493564951174e+00
1.100488652829610725e+00
1.177243769338660151e+00
1.182222345207212477e+00
9.748162623838847463e-01
8.380937144266227268e-01
1.022846853056974092e+00
9.001533962559653546e-01
9.276348170648975877e-01
1.120555989045669998e+00
9.726804770045716086e-01
9.480204435518954087e-01
1.113248327031742146e+00
9.078404421728651918e-01
9.369829542753465024e-01
9.201296877966304022e-01
1.081544906065323497e+00
1.109925573123520914e+00
1.037692986574250131e+00
1.045535407571693165e+00
1.119240799499287897e+00
1.181201022052567939e+00
8.464978401512528450e-01
9.948569971015807090e-01
1.112462952717526710e+00
1.087493741193883423e+00
9.554279168508451603e-01
1.099617064357153007e+00
8.638994366298827776e-01
8.804410600185993419e-01
1.041444730740735958e+00
1.026496912817812523e+00
1.124704010569768098e+00
1.011134943111199558e+00
9.432111262320868050e-01
1.037140245809672345e+00
1.041229415307106443e+00
1.013760125829207936e+00
9.410939737628386537e-01
1.114256432108549966e+00
9.226754556768494986e-01
8.460239474640476320e-01
1.042398561982585514e+00
8.979915262730012726e-01
1.124153850098599028e+00
9.186983524874936524e-01
9.879307374083559079e-01
1.096130084123883908e+00
1.086307783334403698e+00
9.959477676920956979e-01
1.034649392052453987e+00
1.076866347020596137e+00
1.144742466832321393e+00
8.941201468971591293e-01
9.150175185574280778e-01
9.881193940368785400e-01
9.077275057221818599e-01
7.689681496916376258e-01
8.802197056342986325e-01
1.130985816715952108e+00
1.158612575159184921e+00
1.047966705081330607e+00
1.048264709016806684e+00
9.764839996905112507e-01
9.725603432920203462e-01
8.567199102027787116e-01
9.313966253678065410e-01
7.864784549722331208e-01
9.737837103757647217e-01
1.042189234484256710e+00
8.497552124735122669e-01
9.058371945535497183e-01
9.795205241919889838e-01
9.981197940187966910e-01
1.199959794753316489e+00
1.027831793795294324e+00
1.123054990811955367e+00
9.382025946885403922e-01
1.085382208198372389e+00
1.071880316570444247e+00
8.156822103107636002e-01
9.370067221070735863e-01
8.535899634498027577e-01
9.065685288898300831e-01
8.478276115758756060e-01
8.127604804592196697e-01
1.009860059691732204e+00
7.682127225969458406e-01
9.839825383819353899e-01
1.157781513567638143e+00
1.020174628510994053e+00
9.333661178613676945e-01
1.110116505401350206e+00
1.106664551677627450e+00
8.929919457696824381e-01
1.100366858557376482e+00
9.645111458860683440e-01
1.036963021744073066e+00
8.595969617768655091e-01
9.991709597105005169e-01
1.068250871022202286e+00
9.124069282138818071e-01
9.750305785037681749e-01
1.028954298729637395e+00
1.031352959450832163e+00
1.016353775186014108e+00
9.862938783069454818e-01
1.031481592279017034e+00
1.183045034042282895e+00
8.165536243775632919e-01
1.017212254418608630e+00
8.651593834513785497e-01
1.016410641996353892e+00
1.049961179816230494e+00
9.035843872049481584e-01
9.217941272775551642e-01
8.898871018545269074e-01
1.048342188743011771e+00
1.098462535277616503e+00
1.025813711147664620e+00
1.132753668650390733e+00
9.836240819413966108e-01
1.055995258626951205e+00
1.109320049143585285e+00
8.939076922245630108e-01
9.492075486179329946e-01
8.903884612371941731e-01
1.156022090881196451e+00
9.731743657681883874e-01
9.472794687612950959e-01
9.792015771957203185e-01
9.117330932580872682e-01
1.109926711728243642e+00
1.028285959356590507e+00
9.487162584147040834e-01
8.206347578181434343e-01
1.057096757328585879e+00
9.310145412506456442e-01
8.933375991351084622e-01
8.902278748749261617e-01
9.135830058422581557e-01
9.808879700704238314e-01
8.790635640803399209e-01
1.017688702247988353e+00
1.085329978153539932e+00
1.073150899604971897e+00
8.726364487024934613e-01
1.007791834869350200e+00
9.416091141094483641e-01
8.513860128482785283e-01
1.157808742920427791e+00
8.872981775159172191e-01
1.119721339038816543e+00
1.008815894709684802e+00
9.311317832613115186e-01
1.121228311407938438e+00
9.857811896356829529e-01
1.063313341392298605e+00
9.859052167091627572e-01
9.671676079615589838e-01
9.945801505629793260e-01
8.746557422413943073e-01
8.757801665520497103e-01
8.205680649421306372e-01
9.329797218523274704e-01
7.902365278227356793e-01
8.691545991360374313e-01
1.125314653983531699e+00
1.072034003391747259e+00
1.051137079119023099e+00
1.073666133574879389e+00
8.227858753167947015e-01
1.063311914920055612e+00
8.020325347153094420e-01
9.726599131343512949e-01
1.032415927685426782e+00
9.754050204525240853e-01
9.633959086524119808e-01
9.213573144941231696e-01
9.836338087680456255e-01
9.506313267494360675e-01
1.095863865262157510e+00
9.239318719513185396e-01
9.949653417175691184e-01
1.013222952752207640e+00
9.478862033416550759e-01
1.032050875865991202e+00
1.034702603542026145e+00
1.038877982659735855e+00
8.184658999111886768e-01
8.983812307388761020e-01
1.117161800551759843e+00
9.862779813875941493e-01
1.054623484710351500e+00
9.323032959283193977e-01
1.000650181508448977e+00
9.884793244406866464e-01
1.001985768125720266e+00
9.316483681647078630e-01
8.641973001228151485e-01
9.534569429409702757e-01
1.002671021282310893e+00
9.392208377790138840e-01
1.019504860470746177e+00
8.928999281089833318e-01
1.006155220790909244e+00
1.006296400299865113e+00
9.776598997697119042e-01
9.851109344657362765e-01
9.593575087185630679e-01
9.708981247783003976e-01
1.113038186223269443e+00
9.650800371056005300e-01
9.181476109698498700e-01
8.333832916776787725e-01
9.407660223923951515e-01
1.008711289032415692e+00
9.939391043763541322e-01
9.114434028079322347e-01
1.135633329767948618e+00
1.050975522534415063e+00
1.116589663339266458e+00
1.101429434578159450e+00
1.036002693440662981e+00
1.027417472996291270e+00
8.397083829984350878e-01
1.083264965279699510e+00
1.050899356896345394e+00
1.045500726503929112e+00
1.054235657119925396e+00
1.047542303942543107e+00
9.775900966258757041e-01
1.125664528142759968e+00
1.187681841636061053e+00
9.626152621586870906e-01
1.093780618849646835e+00
1.179740385083573484e+00
8.044360676820918599e-01
1.133453109234968226e+00
9.516285264102568586e-01
1.196478514557685502e+00
1.189924357512887276e+00
1.025927837149416710e+00
9.225558323415083972e-01
1.020533407470974430e+00
1.156973465160455738e+00
1.002183068445507974e+00
1.021249788351369148e+00
1.205389640392031669e+00
9.646065589067910340e-01
1.076943332540504006e+00
9.186132479559629971e-01
9.836702853433585414e-01
9.909131402819089107e-01
1.088838885756354902e+00
1.033159572315810681e+00
1.013838823201672401e+00
1.198110083431027428e+00
8.069003235218338288e-01
9.834497269850059897e-01
9.767751210016240027e-01
1.019919282580715958e+00
9.313016582706785673e-01
9.733411341060722588e-01
9.502325597029238624e-01
1.143941739216081332e+00
9.359860488519387012e-01
8.001042457786445850e-01
1.066444333212161810e+00
9.713545203573968889e-01
9.657716902797534031e-01
1.075868433259476342e+00
9.316979184067146758e-01
1.043496839261232045e+00
9.047374337713343095e-01
8.218653254183183599e-01
9.044287164767764731e-01
8.918575267876791557e-01
1.117396729597560423e+00
