8.893765659194940998e-01
1.148742905185704322e+00
9.926025841282349882e-01
1.132067253811507079e+00
9.201721862742348046e-01
1.023825501423184292e+00
8.761062430367627663e-01
1.059055459808620814e+00
9.718945630925402979e-01
9.215755274667406516e-01
1.095713827122580364e+00
8.954447129164526675e-01
1.146538280206645499e+00
8.206227301047648304e-01
8.865433826354757185e-01
1.166349922128372185e+00
1.044593248076428837e+00
1.183764862306887045e+00
8.056107068551692230e-01
8.810202512345728376e-01
1.026589633499163545e+00
9.603398571316649202e-01
8.979498035292197144e-01
1.135106796835565257e+00
1.106333701634711009e+00
1.074418350674194444e+00
8.584748043551678753e-01
9.066287659613079253e-01
8.794317436846960101e-01
9.108838544356887557e-01
1.074418356342901060e+00
9.469789826595398363e-01
1.091617529291401212e+00
8.393990134294611050e-01
9.887472511907489103e-01
8.779948757194160347e-01
1.031012886013824126e+00
9.593765555128470623e-01
9.183745248665911021e-01
9.750509116383060393e-01
9.846961559672759989e-01
8.788508365910343567e-01
9.476345356440405432e-01
1.061007412040996023e+00
1.060650556390204224e+00
1.134430937595530819e+00
9.467856084959680452e-01
9.066467521787100470e-01
1.016138097756295711e+00
1.109550093118010672e+00
1.044212029282963750e+00
1.103494224670548141e+00
1.188962277161136338e+00
8.940147760607286553e-01
9.459519401248741577e-01
9.791933831195621663e-01
1.002121263222593095e+00
1.204349614208987118e+00
1.010051446606545777e+00
1.037568327859386352e+00
9.543922324885045771e-01
8.830674725972780248e-01
8.778208712137101077e-01
9.315324902870314450e-01
9.955221262178799435e-01
8.130186404526957844e-01
1.022188362060265421e+00
9.951931336125474648e-01
8.340418979762773688e-01
9.736544723254041411e-01
9.235580749837366543e-01
8.765628386439225928e-01
1.083273093014574862e+00
1.088759932604890235e+00
9.503872818326190020e-01
8.870718030049704605e-01
1.137093635295329141e+00
9.857736815874671432e-01
9.362901568573998023e-01
1.135065547230255101e+00
1.162361709402643939e+00
1.043464412687347576e+00
1.115771291238675911e+00
1.115530503510872684e+00
1.015123248264060418e+00
1.150993903343613178e+00
1.054029321985562095e+00
1.110521388593314285e+00
1.121970599905441901e+00
1.010789054239696672e+00
1.025327501977031819e+00
8.503691558239973025e-01
1.008955234813092350e+00
1.034770654906453480e+00
9.662246265727152394e-01
1.063443437748909481e+00
8.734248435420051138e-01
1.175954501021703846e+00
8.740811635699762272e-01
1.078553623562316766e+00
9.717155095055198810e-01
1.092344793650973367e+00
1.069338824224377094e+00
1.129088615495893233e+00
1.031831389942577726e+00
9.174888043129347803e-01
8.117407626537773702e-01
9.016542644273319862e-01
8.127279587032186781e-01
1.017268224285437395e+00
1.159258089555565308e+00
9.825259514582247444e-01
8.838904593422034495e-01
1.021918761332008652e+00
1.174540555167745026e+00
1.213905235471275379e+00
1.120605429856860846e+00
9.597806934308836802e-01
9.520375946653797383e-01
8.716832826153935176e-01
1.009742801756782660e+00
1.191300631682898681e+00
1.171385651507112824e+00
9.642086545916989104e-01
9.941147495360469488e-01
1.022586881470878284e+00
1.034017827658446631e+00
1.039391107899382938e+00
8.979230013118164599e-01
9.392119367310969302e-01
1.090910586645239322e+00
8.933515865700731862e-01
1.142865658148565444e+00
8.195219440371999120e-01
9.419683107796114063e-01
8.229825067063887278e-01
9.815706399926890091e-01
1.087666818682714753e+00
1.037473818109043933e+00
1.068583844208220057e+00
9.906003818037847353e-01
1.037579928006415075e+00
8.837869538890612553e-01
9.082059252533769556e-01
1.108802488600327374e+00
9.770625205395748747e-01
9.115595153020217278e-01
9.049073349976075598e-01
9.629597946613008830e-01
9.900216535613166613e-01
1.140581436634099166e+00
9.739568820070894084e-01
1.058176163992324836e+00
8.586179110604781339e-01
9.236559727826474386e-01
9.494836617215975938e-01
7.837044145097684655e-01
1.143157813650522936e+00
9.549868785121783388e-01
8.120704300141634580e-01
1.126226870657299317e+00
9.575089322577996498e-01
9.264743957482297620e-01
1.060209842840253991e+00
1.139020728186213249e+00
1.203673436600270374e+00
9.652639861078445849e-01
8.404608481709379131e-01
8.883813793256861713e-01
1.001487592000194216e+00
8.687703140853650918e-01
1.107311880618713662e+00
9.464576169887910506e-01
1.150788599776175536e+00
9.504639917313533193e-01
9.921713751427589933e-01
1.012278024573051827e+00
1.119776852622406782e+00
1.052147377520642912e+00
1.153543700057023225e+00
9.894400041284555636e-01
9.867106924274653412e-01
9.967958213493595121e-01
1.079240922422977755e+00
1.022443774764325575e+00
1.039984085963632010e+00
8.425017640559920862e-01
1.023832071376498565e+00
1.133851337635153333e+00
1.056623636856924398e+00
1.167379335879871860e+00
9.852110445441135678e-01
9.651948780484720380e-01
8.926965646010227573e-01
1.036877305019472617e+00
1.015028652888253058e+00
1.073456091881478169e+00
9.737665132032536919e-01
9.087139125142343898e-01
1.009906008192075433e+00
9.945724398028468194e-01
1.151853866045723596e+00
9.400922184621376410e-01
1.175131853459215003e+00
1.037636782449076422e+00
1.136821397697774128e+00
9.521911900165984655e-01
1.171900558278047511e+00
9.388959116724289178e-01
9.986339233076908517e-01
9.393389901208903936e-01
9.730439593041778634e-01
1.074139126092075180e+00
8.607179702536815746e-01
8.566449375128103449e-01
1.211482272308733510e+00
9.722894166213009726e-01
9.651209488772615197e-01
9.654176561223301034e-01
1.106130659564857233e+00
9.440261390393287488e-01
1.070919808919979399e+00
1.198790531302220463e+00
1.206875821803577553e+00
9.712017730019746331e-01
1.117895946215140546e+00
1.037520251828410789e+00
1.070033283281230929e+00
8.324031844546158077e-01
8.708018517620462751e-01
8.895181106850215125e-01
9.320432644444622827e-01
1.118695053125048133e+00
1.204970473212361615e+00
9.364596080426879077e-01
1.067580961030653475e+00
1.034677802521979384e+00
9.005488144781441662e-01
9.401436913502978499e-01
9.420385105401980486e-01
8.527694689359903712e-01
9.229472788903050340e-01
1.019991267606993102e+00
1.033823611186394320e+00
1.086736557196834152e+00
9.183881163981308937e-01
1.097398663745179137e+00
1.063143611974200153e+00
1.199787131845158950e+00
8.769022612747580103e-01
1.075111433754867285e+00
9.611873368592249722e-01
8.835866482397798372e-01
8.108579782927964885e-01
9.831690022369156123e-01
1.127704141998842946e+00
1.104824634710566578e+00
9.008806523810889422e-01
9.993666177713056431e-01
7.866547378274107993e-01
1.114926550629947055e+00
1.071567792530563334e+00
9.631300944545423404e-01
1.152040435976711574e+00
1.061580432868012958e+00
8.271655608640046120e-01
8.369147270674295314e-01
1.016281098621623968e+00
9.663504578197591455e-01
1.027629683880111111e+00
1.122259635074253969e+00
1.193686593330045786e+00
1.047275365482462917e+00
9.007263989161435891e-01
1.061131680766260299e+00
9.888135743059289773e-01
9.091494007559832724e-01
9.734999075688539616e-01
1.012124693152477661e+00
8.263138707207786648e-01
9.982237469950226982e-01
9.314145266523401467e-01
1.079955555313481863e+00
1.028364649643135786e+00
1.017161953470237412e+00
1.107476885414723444e+00
1.015648801632270670e+00
1.100332445547238081e+00
1.208149897799537076e+00
9.976417693194885583e-01
9.783917535024460044e-01
1.162716192118464109e+00
8.346286470069945729e-01
8.325871187584085176e-01
9.141926706117957657e-01
1.021147057316822204e+00
9.676926249823906145e-01
1.096910539607276691e+00
1.107073933565940305e+00
9.861518081557150150e-01
9.983695705507162899e-01
7.887888494802230976e-01
1.156569625208724084e+00
1.068034865808523470e+00
1.068761027179392142e+00
9.823317506595784510e-01
1.082652492790196153e+00
1.146961524370534669e+00
1.029403677999851663e+00
1.108832457630867019e+00
9.598255475244580337e-01
8.975219653262436204e-01
8.598107717896197322e-01
9.294038273551844531e-01
1.129227410477050775e+00
1.102704865582114113e+00
8.620648146988736382e-01
1.019633180730691979e+00
1.094142863380447084e+00
9.208747042718949949e-01
1.045069553929716788e+00
9.287605422141520517e-01
1.005987743702877024e+00
9.506693559662036108e-01
1.070185228679744416e+00
1.005794068053601054e+00
8.346322079117718395e-01
9.812457424229683589e-01
7.987063969153587184e-01
1.021087571995657362e+00
1.172785902581072959e+00
1.090669106594963411e+00
1.017896379102243731e+00
9.234831204636051449e-01
9.714568885073907589e-01
1.104559219272852610e+00
1.005407681311693002e+00
1.172337362330945210e+00
8.975201515461883606e-01
9.771173585397137096e-01
1.092275432660080758e+00
9.461331772908244675e-01
1.119184417822156608e+00
9.271687400859308648e-01
1.135452396301920963e+00
1.080411023783017344e+00
1.055674055521965027e+00
8.141497413668004057e-01
9.857932235395219234e-01
1.157286963608727959e+00
9.752153449812119845e-01
9.985359357826026905e-01
9.310509121258965237e-01
1.020244701573227220e+00
1.052497601387975656e+00
1.001598093023442937e+00
9.879202974403277215e-01
9.755464747121257441e-01
1.180173290717034140e+00
1.026225218537131223e+00
9.879473218916035027e-01
1.046202716528130461e+00
9.028068706860365999e-01
8.365443704808105396e-01
1.091333657870852125e+00
7.904729657646207830e-01
1.004014366938204894e+00
8.364816028970405437e-01
1.121637483354771092e+00
9.806744897136774330e-01
8.306761951061749638e-01
8.878014247087848698e-01
1.028313677709236096e+00
8.598069836554647072e-01
9.672705112608122047e-01
9.168055444472105187e-01
8.967889289357577898e-01
1.066891422483289498e+00
8.713192321967120346e-01
1.163070318173474949e+00
1.059669917846542075e+00
1.014596946005001721e+00
9.417602952980435038e-01
8.554057516790163351e-01
9.663862586163673996e-01
9.475784829884077443e-01
9.690339096481257464e-01
9.575669328915378253e-01
9.704328894926803617e-01
8.370909278388893870e-01
9.309940807865246803e-01
9.179224567399907331e-01
9.136822310076989639e-01
9.727246862282179496e-01
1.009375681484088405e+00
1.033974519492027344e+00
9.006256706931876632e-01
9.027204578199143903e-01
9.174783745620326281e-01
1.020371303954865416e+00
9.228017657056096779e-01
8.525944822586082328e-01
1.131259549394955322e+00
1.040888632658030000e+00
9.890408531858621011e-01
9.009394476561001230e-01
1.040992316442482357e+00
9.016890910229258260e-01
1.119498350258290476e+00
1.027760070291404260e+00
9.931470793543253350e-01
8.436643402038119799e-01
9.585430427007097798e-01
1.005936051932776909e+00
1.000913440937646337e+00
9.677748914903876454e-01
9.475447778170620339e-01
8.321073723903964492e-01
9.035490335106473037e-01
1.053929313358564102e+00
1.085494812310883850e+00
1.081083568473584222e+00
1.139755855557001984e+00
1.116662673024827468e+00
1.014589827726341431e+00
8.817245012426550010e-01
1.034597040365292653e+00
8.702331319554428291e-01
8.908438855261974210e-01
1.176311737369345023e+00
9.322502970664785504e-01
1.204069512568572309e+00
9.957617376627864170e-01
1.093680341371691567e+00
9.178321330865493177e-01
1.083139500377175324e+00
8.823059280926048853e-01
1.059601399494772389e+00
8.658075113565480985e-01
9.988450863759071874e-01
1.025384852263564239e+00
1.177905883132462916e+00
1.075957082286871147e+00
1.152429252099672619e+00
8.054984228248689426e-01
1.021428400094145150e+00
9.349771101764543513e-01
1.128217778623252787e+00
1.061059267364913739e+00
1.028418205069204783e+00
9.663346722400202315e-01
1.101775028195933537e+00
9.667769471598631759e-01
1.034124397552817154e+00
8.915026203742191235e-01
8.167862193952122318e-01
1.030066876864117242e+00
1.162626132696078285e+00
1.147481856923850962e+00
9.783909380036710512e-01
8.837645795296129592e-01
8.977394152671387406e-01
8.142588366263077138e-01
1.105501509004465976e+00
1.100771960478510447e+00
1.009834832719644693e+00
1.097365593144367990e+00
9.980945067449447095e-01
1.073055278410209867e+00
1.070469743823084796e+00
1.003610746874357140e+00
1.103741202241942165e+00
1.145132504925026939e+00
1.074404087934733187e+00
1.000763092888901973e+00
9.675300320069883941e-01
9.902713022701719048e-01
1.198380339614232515e+00
1.057024518230149202e+00
1.103917978260371413e+00
9.537619938392274399e-01
1.150221155838843767e+00
9.199891415391472371e-01
1.139234075822830761e+00
9.639094733371851298e-01
9.780417666768533858e-01
1.047591113607981184e+00
1.063100990617714237e+00
9.125411956589049023e-01
1.013150295952018221e+00
1.011078682206787205e+00
1.029682365586970239e+00
8.909545418935506111e-01
1.059283552784596738e+00
9.925225198580249764e-01
9.188637331773610306e-01
9.163463734725669774e-01
1.024977611555919932e+00
1.158323246628814918e+00
8.514815339853343268e-01
9.486417526966959279e-01
1.162719061705189683e+00
9.530907607888284838e-01
9.728943192584122990e-01
9.995121057556188848e-01
1.072142550770901259e+00
8.980465420000366406e-01
1.000572632012867391e+00
8.936987329273304859e-01
1.119350826793025222e+00
1.171396126863255116e+00
9.978128698266772734e-01
1.166763867948483524e+00
8.872850637439853028e-01
8.986901574403480808e-01
9.320687722850011792e-01
9.055176145246774944e-01
1.091846077936004411e+00
1.010474603312454756e+00
9.929965880408422318e-01
8.200042025799760825e-01
1.080347701373189917e+00
8.145694535593430707e-01
8.991949980801514641e-01
1.126785012231597438e+00
1.087907653545304276e+00
9.873279698583208308e-01
1.072605952319571676e+00
8.822062038124827144e-01
9.359387463174917432e-01
9.995957884539123928e-01
1.114441584596559398e+00
1.050189756093961480e+00
1.135733931695174004e+00
9.845816938932054896e-01
9.753049709703438541e-01
9.353152358352505580e-01
9.538042913701969550e-01
9.004184424366850070e-01
9.891341248633311878e-01
8.485196489727881985e-01
1.103677368945862103e+00
1.043890983214057933e+00
1.158997430971560938e+00
9.228833678619179359e-01
8.214886419982512233e-01
8.930058235717286408e-01
8.575904930599507203e-01
1.114678322939595123e+00
1.036096765354894700e+00
7.941133247591579680e-01
9.760144484608035409e-01
9.471191825248592711e-01
9.385430302897805888e-01
9.440938823626632281e-01
9.784566574896538249e-01
9.886198326848854023e-01
1.139560632917958616e+00
8.534705632209507176e-01
1.049104388843030478e+00
1.122946902438860528e+00
9.466182846417072749e-01
8.437263472854130697e-01
1.026496496041864992e+00
1.027003498943929838e+00
1.107159306256603859e+00
9.484354656590110455e-01
