9.246383430369624623e-01
8.711211506418841122e-01
9.479810957264104276e-01
1.046052497966225125e+00
9.887189915006606711e-01
1.132263215267562462e+00
1.118410736225457613e+00
8.531917301524414299e-01
9.681035427030975082e-01
1.127370877354447076e+00
1.032564405324097434e+00
1.027754157394733081e+00
1.150794970571914488e+00
9.223252867032285529e-01
9.858707527027901207e-01
9.137914060311582709e-01
9.701209470410507851e-01
8.553038289327528076e-01
1.147971669179332244e+00
9.427855231628158306e-01
1.156700915433188204e+00
9.311309525188216085e-01
1.009718280052381179e+00
9.514502616887552389e-01
9.249119619144725579e-01
1.040842908102502129e+00
1.138967557755368620e+00
1.027356683068485488e+00
7.914247961755800365e-01
9.443035888300874703e-01
1.074927127117341064e+00
8.704191241756928932e-01
1.033920824517416071e+00
9.961929671373526141e-01
1.030708413394884948e+00
1.128925619573474259e+00
9.034941674228998965e-01
1.006975935503288566e+00
7.688880226265735196e-01
1.092585504881589342e+00
1.006929309040909937e+00
8.761172760617419453e-01
8.078273321014921571e-01
1.158531552609768367e+00
9.950318221735463542e-01
9.526281003686833948e-01
1.041229758678310358e+00
7.920249780891930325e-01
1.181534954269166215e+00
1.015488773528606004e+00
1.127929415890041920e+00
1.060011410673570742e+00
9.500409864498842172e-01
1.034639461140555827e+00
9.133159471762000159e-01
9.883512673037280205e-01
1.005493720196425578e+00
9.764149625988857162e-01
1.106112388478836639e+00
1.076887159360837121e+00
8.226685206873046718e-01
9.912086195119378385e-01
9.296283435185612731e-01
1.154553988292123634e+00
1.139006066362205027e+00
9.976454572963324718e-01
1.002472599563845934e+00
1.152714774545869902e+00
1.014525777064740897e+00
1.049043070520659704e+00
1.196669434900440754e+00
8.935379193684725996e-01
1.074779193908119712e+00
8.333798383299011459e-01
8.589821183812176297e-01
1.109150183871983941e+00
9.140252001675410742e-01
9.817441009004574948e-01
1.046188590971014909e+00
1.046179941600310137e+00
1.122678276125562924e+00
1.066657455100495255e+00
8.241525605198158910e-01
1.017111719115594948e+00
1.085341121356954375e+00
9.525342275439807604e-01
1.168614363563701408e+00
8.580839562315092373e-01
1.141243524120766573e+00
8.632285312566629898e-01
1.058699860592452691e+00
1.119793673118646193e+00
9.050997424049758155e-01
1.013907811245123636e+00
1.143109620341918653e+00
8.318196968936463209e-01
9.815804329414687945e-01
1.046707125175706521e+00
8.745521875084182328e-01
9.906062035736507010e-01
1.044960047377653245e+00
1.160655816646603000e+00
8.748854398017191780e-01
1.185612386454582889e+00
1.176360802923003934e+00
9.045989560067599911e-01
1.182166296998389932e+00
1.127356834170033295e+00
9.061787841194844928e-01
1.121277241751990283e+00
9.698582125609030991e-01
1.029733247011019870e+00
9.470094902959197425e-01
8.913258410983646574e-01
8.538836002755278987e-01
8.685639639804811907e-01
1.047441523185814960e+00
9.785570765218720712e-01
8.997062633432622025e-01
9.899585713967727907e-01
8.784767361845942091e-01
1.015517487813815789e+00
9.852175506024060114e-01
1.080556887953508571e+00
8.655383560951379618e-01
1.011718212492693336e+00
9.806514396082999241e-01
9.063796269993196209e-01
9.689260308691264312e-01
1.015822422161968275e+00
8.593527874453499305e-01
1.004254355092854212e+00
1.037379931996539550e+00
8.966472338618094451e-01
8.558801655597352287e-01
1.061403053662461238e+00
1.050788253649461268e+00
1.064134806313693726e+00
1.024758909778585192e+00
1.071089928810462499e+00
1.052802593032897249e+00
8.852188803491273239e-01
8.322332043018043635e-01
9.937794367023338182e-01
1.176067121154496853e+00
9.505636895894253868e-01
1.043646441120423596e+00
9.744233859310258428e-01
1.033126483902317316e+00
9.260315258538428518e-01
8.915133548339448932e-01
8.963536127968755318e-01
9.152565310585558667e-01
1.006960541027378309e+00
1.116589127116796032e+00
9.111154739726032847e-01
1.083765686563773700e+00
1.014357373835019116e+00
8.718250050725554479e-01
1.015775227779614820e+00
9.030942891748983126e-01
1.011395943645930329e+00
1.039867021666231572e+00
9.409938049103010460e-01
1.093673519058476984e+00
1.106376389106727753e+00
1.077132468151619893e+00
1.096044600753897980e+00
1.036270239208621602e+00
9.823170058178529729e-01
9.698390955230626886e-01
1.056788595206495707e+00
8.146206245645579713e-01
9.912915549687242311e-01
9.200527098186108699e-01
1.045737863664378597e+00
8.194216330417651850e-01
1.102271072877381242e+00
1.028627964975254994e+00
9.155087229788391179e-01
1.125335738999667656e+00
9.773696876955109136e-01
1.035777013499089350e+00
9.555731224443444471e-01
1.035340887697367540e+00
9.898657797470004072e-01
9.659396404130903280e-01
9.469378675241164611e-01
1.052905583658376942e+00
1.058576542023125455e+00
1.136981027684558443e+00
7.772919384027138223e-01
8.515468841779345599e-01
1.010635114575970217e+00
1.112482589601745619e+00
1.030418217413464177e+00
9.102973101773472742e-01
1.099135455378607906e+00
1.079445270195443340e+00
8.283699711808435451e-01
9.129140915637424802e-01
9.557385057932361594e-01
8.462019411627966781e-01
9.117933558677475681e-01
1.153410626669449490e+00
1.088564570164469281e+00
1.171942612712927545e+00
8.661179320401664050e-01
9.879628169628036360e-01
8.747553647182367831e-01
9.265022027039346852e-01
8.871678581665720653e-01
1.072793366321456388e+00
1.049711605876530562e+00
8.095392549378934710e-01
8.098567019960830615e-01
1.108346770859391928e+00
9.777041125720413728e-01
1.003272623942192743e+00
1.075583395152143185e+00
9.188517066264381139e-01
9.044053162244479749e-01
1.070736043576557384e+00
9.392257165798760798e-01
1.020562789548924210e+00
9.802466148936355150e-01
9.378925527958468233e-01
8.645366765018500654e-01
9.726466775301085832e-01
8.297117372110552891e-01
9.190052802150151523e-01
9.437226477533975366e-01
9.015649951495290360e-01
9.767843261485991135e-01
9.390917510824279280e-01
1.174014647633569108e+00
9.770161773002097316e-01
9.805408854005617236e-01
9.225036099024104264e-01
9.009233630477251342e-01
1.078787548328098422e+00
1.039406587388170600e+00
1.149422836836542894e+00
1.060621794622550684e+00
1.081874416681465778e+00
1.068290258884335708e+00
8.666584524078544405e-01
8.545153128224116656e-01
9.908391825306201994e-01
1.085723373499615896e+00
8.808002411501087980e-01
1.081246754767480001e+00
9.389737020532511469e-01
1.061396036726852676e+00
1.118800932177408392e+00
1.100860008236569820e+00
9.078555072897240841e-01
1.144258210553205091e+00
9.951500527975223331e-01
8.436490040421149583e-01
1.182906944092548818e+00
9.866353122347224502e-01
9.460835147403425793e-01
1.171852159589293674e+00
8.689008541909024608e-01
9.031095053767161929e-01
9.579043982994098760e-01
8.972296398825456709e-01
1.028770939259995298e+00
8.886295788295990317e-01
9.526578592798475853e-01
8.818009646817631664e-01
1.060448241894677235e+00
1.150158867769681237e+00
9.880537028802105493e-01
1.114585596534445555e+00
9.741356801461076298e-01
1.083323866673081559e+00
1.085234458903910237e+00
1.017912597906452055e+00
1.047364546542468355e+00
1.047751800819453738e+00
1.186458990334534613e+00
1.097436452468284696e+00
1.101543256556813954e+00
9.313701260428888240e-01
1.062254830584060450e+00
1.047827794961403880e+00
1.095350217036544116e+00
9.779990585104174627e-01
1.061772084149932072e+00
1.057076677003009113e+00
1.054423709719849223e+00
1.123656501464577850e+00
1.040832724425352351e+00
1.095526994688244660e+00
1.078337118025456398e+00
1.012575138571717659e+00
1.010578159165193224e+00
1.190069979573743275e+00
9.124712182391261361e-01
1.000162252810274488e+00
1.066288393213653540e+00
1.070741544699810088e+00
9.831043401377534963e-01
9.883639875290088916e-01
1.141708203049667247e+00
1.128547175567238714e+00
9.900165365770524639e-01
9.585183208310124048e-01
1.020060569161309605e+00
1.030154055822360970e+00
8.459450436908608761e-01
1.203459278223317108e+00
9.632394800937564838e-01
9.394023681475568432e-01
1.201544740354578034e+00
1.109759933811586219e+00
1.169538201950875989e+00
1.090874008198345013e+00
1.091285519729912057e+00
8.998932213709329719e-01
9.897254894727457453e-01
8.373753854155707721e-01
9.402889150726344569e-01
9.076216419746794273e-01
1.081680379255837821e+00
1.147857112311220451e+00
1.001883306064558443e+00
9.047719540183118969e-01
1.074614563010704682e+00
1.152640615015858794e+00
9.712764065518475487e-01
1.086618570783785875e+00
1.022677639546039297e+00
1.056612235308275416e+00
9.041465628058003023e-01
9.245598399943790735e-01
1.033866216118174863e+00
9.999902095079420405e-01
8.728215316151795022e-01
9.114043280162165139e-01
8.501964220969957520e-01
1.017006812139946259e+00
1.029885572385103920e+00
9.132845336199543196e-01
9.211657952724233711e-01
9.697876135472713877e-01
8.039423097970577192e-01
1.009521543153736767e+00
1.041637434109116356e+00
9.074209019731186432e-01
1.016767018395131394e+00
9.777643451643848183e-01
1.004231504940217290e+00
9.263660687005736971e-01
8.229370376774189921e-01
8.834580462844723314e-01
8.498374431186959121e-01
8.685255712304996711e-01
9.779404232339989900e-01
1.083843913326224095e+00
1.085720336412260068e+00
1.143063034016437385e+00
9.317587279904780972e-01
9.514720054697907159e-01
9.043240412230245662e-01
9.896851663302620450e-01
1.146216449328495646e+00
1.064965504122472373e+00
8.646798508724905519e-01
1.081706698400579203e+00
1.015970363185133341e+00
1.127165615504821750e+00
1.007802556338081024e+00
1.078591731247704022e+00
1.045566378693447929e+00
1.067621961121847818e+00
1.145631144014591651e+00
1.003094008794216174e+00
9.597391698904265134e-01
1.070436167875344458e+00
1.010888285740209280e+00
1.178012537668315929e+00
1.018577493838643599e+00
1.001962102323109560e+00
1.047735299069737502e+00
9.185186495367798631e-01
9.580155412208106736e-01
9.493756712768554040e-01
9.422167339696903010e-01
1.032326011945727373e+00
8.631887145251856408e-01
1.093466540835728473e+00
8.227472292950089860e-01
9.259679214231402167e-01
1.053121316909097605e+00
9.372007340911296946e-01
9.032377289616118077e-01
8.625920531201956010e-01
9.140582011036828547e-01
9.975187825103412065e-01
9.622489237276130591e-01
9.580865861626659541e-01
1.112257711449083031e+00
1.034288741262919142e+00
1.098701787004897179e+00
9.183077102115919654e-01
9.761970208818656625e-01
8.155074065286050944e-01
9.638216464203683831e-01
1.039272300238673674e+00
9.763212158114751293e-01
1.116516027841467862e+00
9.153545957906379371e-01
8.647458113236288213e-01
1.078004523586311159e+00
9.091724947309083316e-01
1.024676934621165714e+00
1.148164101398599257e+00
8.558488991064949758e-01
9.753841281932693619e-01
9.044858431871682924e-01
9.391290718951144090e-01
9.288473379622421700e-01
8.696941444468035964e-01
1.159188465618468777e+00
8.089422764004632338e-01
1.181467134389864171e+00
1.107337018597621681e+00
1.050984958992339013e+00
1.026835296510331563e+00
1.095201688355125214e+00
8.240766404131829592e-01
9.732621161149495048e-01
1.148872958988557347e+00
1.088498471344255147e+00
1.052303569697693897e+00
1.154092719315887194e+00
9.319638905099030257e-01
1.116468521146886550e+00
8.451830678007123954e-01
9.607443475195751592e-01
9.655520554132508426e-01
9.566744139214473641e-01
9.284126995717520980e-01
8.885612964524607360e-01
1.073622893844639270e+00
8.683175724616083446e-01
1.072797824845142189e+00
8.113991992969398215e-01
9.786610950992633562e-01
9.945259981700010909e-01
9.880609045120116729e-01
9.186027193325325690e-01
1.011617867171091367e+00
1.023518832065888118e+00
9.371414117677343558e-01
1.207582577948880020e+00
9.209501340941936842e-01
8.723721527776788776e-01
1.075990836969978215e+00
9.129578434501344208e-01
9.467779933141238224e-01
1.034202345551285873e+00
1.062343512633629583e+00
8.235658755708188394e-01
9.090341890746813647e-01
9.782149772770420970e-01
8.773570154602907678e-01
1.008722440603277981e+00
1.068798808345086782e+00
9.374227501297729415e-01
1.111858213390834571e+00
1.031656481883160614e+00
9.595454999648002081e-01
9.904737610857523578e-01
9.647591560271380207e-01
1.179102491083513504e+00
9.475329734880022503e-01
1.073093256614936264e+00
1.018067199360030317e+00
9.645023286507328208e-01
1.036430130722533205e+00
8.436564583203989276e-01
1.067078444683425387e+00
8.835328400276473149e-01
1.030035020838873328e+00
1.094045535463872953e+00
9.844992588314867010e-01
9.013467020306195066e-01
9.113844157556107994e-01
9.160615169981665140e-01
8.833975426507656437e-01
1.101773444830425275e+00
1.071753101292441945e+00
8.768498872506883535e-01
1.054122738824056160e+00
7.967704013312619793e-01
7.861302627894399819e-01
1.134706968563291341e+00
1.004353307219353342e+00
9.045809194114722285e-01
1.051471728737094713e+00
1.054574396642199652e+00
8.912036045774109905e-01
7.866789823895461442e-01
8.691533957624462126e-01
8.859114199094946240e-01
1.095379429278458439e+00
9.192721265731743641e-01
1.203919617932599495e+00
8.506996826399955136e-01
9.399267224217930927e-01
1.038050585607794618e+00
9.102063824761978950e-01
1.068125049898440038e+00
1.125331053832436368e+00
9.516396210520918775e-01
1.016874051965572567e+00
9.996132112481956877e-01
1.029936301486981787e+00
1.028736272491922454e+00
8.907254021191003401e-01
9.500463441637416739e-01
1.144352434829016163e+00
9.273457942938403420e-01
8.283605944520866515e-01
1.069909799747405632e+00
1.153249600129563790e+00
8.516054993577700793e-01
9.671881217449720403e-01
9.804804822805555098e-01
1.079978159759778400e+00
8.414683431841785133e-01
9.733368622944654769e-01
8.196286024722967412e-01
1.002014312846819744e+00
9.014360576624768084e-01
8.804614484974606636e-01
1.096871526733160129e+00
9.414374628669398559e-01
8.954331442431178179e-01
1.020151401410660963e+00
1.067115947330651293e+00
8.599347734631612727e-01
1.071052485855722214e+00
1.024905980643943559e+00
1.033937108270430949e+00
9.422157855322395026e-01
1.121045381045133960e+00
9.481876541878719866e-01
8.180627023983815249e-01
1.010679820307618382e+00
9.465859918018562080e-01
1.056898392624023186e+00
1.032187716227074503e+00
9.594202583977913257e-01
9.264485910045845429e-01
9.565857397462893541e-01
8.956819771561633781e-01
1.155329576273019132e+00
1.056086887609325675e+00
1.132993342494231559e+00
1.079085354292807830e+00
1.114276290606406539e+00
1.060636796078276767e+00
