9.102727495255820145e-01
9.179091185813379461e-01
1.130383366914340604e+00
9.572320926988602263e-01
8.013938854400823875e-01
8.321414769033721459e-01
1.119985291759333146e+00
1.199409513102686731e+00
1.065975182607788341e+00
1.041915746514697982e+00
1.055707191934358136e+00
9.672483124691351186e-01
9.997221157541912318e-01
1.078360644866910301e+00
9.470288788127014801e-01
8.974250916114474563e-01
8.716275433817939344e-01
9.747631921669466237e-01
1.079282228596453841e+00
1.071613800718392406e+00
9.518396059948109889e-01
1.089507641038957031e+00
9.280976769236669588e-01
8.521528751713403071e-01
1.034095244533979940e+00
9.672170703370654987e-01
1.171600057822742347e+00
8.701700488804143818e-01
1.073100067467864571e+00
9.925986439060880961e-01
8.508486011108256086e-01
1.126609025976305967e+00
9.741379053924597020e-01
8.990377359799491819e-01
1.018418321288360850e+00
1.032853820557489311e+00
1.126675980765942775e+00
9.860458791324966388e-01
8.906088541512049428e-01
1.020723409670662996e+00
1.189872868716564058e+00
1.011147916012243186e+00
1.149288201967118450e+00
9.962252714725650105e-01
1.043221666227654332e+00
9.694883823432245418e-01
9.515357109826854121e-01
1.050033001826833567e+00
9.371574872875436668e-01
1.041778201948940330e+00
1.165170034404814148e+00
8.839230068555341546e-01
9.621633193932480621e-01
9.414835001638417467e-01
1.084179527069155435e+00
1.145724928583459201e+00
8.670517183226994495e-01
9.980344758453099097e-01
7.888891319656479162e-01
1.140872093479102123e+00
1.012710234021344302e+00
9.273228970660842840e-01
8.202149484977374616e-01
9.818839668498740014e-01
1.155947807779680314e+00
9.393252582172149090e-01
9.645905198221651489e-01
1.029007907288343793e+00
9.232895924438109247e-01
9.824765826981922689e-01
1.069606941877391471e+00
8.390605431302394779e-01
8.420824300785092476e-01
9.939128034255143573e-01
1.044886057399365464e+00
9.213495683291712535e-01
7.744476198319139026e-01
9.306359214644875921e-01
1.170803313582728489e+00
1.058355890969451929e+00
7.874033781129032850e-01
8.355234222169909408e-01
1.107516792143315554e+00
9.291451293239344489e-01
1.030463279356033102e+00
1.014972045690452296e+00
9.771438846896685071e-01
1.123580377771785876e+00
9.467938304126182203e-01
1.028474688894959410e+00
1.142572266889084531e+00
8.125336209368314577e-01
1.142409413469121837e+00
9.373495944829544069e-01
9.383794684334145764e-01
9.321598936348642894e-01
1.051977194967133933e+00
1.116649560672783759e+00
1.037178123897390947e+00
1.069421684966208153e+00
1.010432100089133201e+00
7.821483629355082678e-01
8.736840053912074966e-01
1.205564826396567035e+00
8.631543167988144916e-01
9.930108751422532798e-01
1.169044766154671899e+00
9.918305997977066024e-01
1.116949700827968961e+00
1.046950802715817863e+00
1.047552904695314258e+00
1.172437646271014433e+00
1.153241764001553538e+00
1.075141595496287517e+00
8.977373154139134392e-01
8.338678060718267560e-01
8.475514481060065775e-01
8.034542216382690727e-01
9.934042454386204923e-01
8.333406181781751743e-01
8.995207348947513726e-01
1.067475754734247051e+00
1.102432204630907631e+00
1.081458142590762561e+00
9.783083803217569319e-01
9.297912849907602473e-01
9.612427455605461191e-01
1.015386399057575995e+00
9.544875278785115436e-01
1.102949177413856674e+00
9.780135495265220857e-01
9.705719079889908452e-01
1.100618612185442657e+00
1.011620950116687068e+00
9.964840221446252810e-01
9.784358262488823677e-01
1.079483304781895470e+00
1.054233403405367531e+00
8.645463563086478453e-01
1.018638587576052634e+00
9.472230787453097545e-01
1.034728594082120257e+00
1.115796776400298729e+00
1.177711385073684669e+00
9.318994837814180698e-01
9.777426479059232456e-01
9.279760354686227286e-01
9.705784178499706760e-01
8.548247225265936944e-01
9.051797884023653484e-01
1.081182312896813436e+00
9.603589106892833627e-01
1.046918011638902302e+00
9.465029010580123803e-01
9.655155050613581924e-01
9.998179286466721827e-01
1.139978827144199069e+00
9.914064198829760644e-01
1.156145930237367114e+00
8.622979272593197519e-01
1.054803778730069475e+00
1.094590938474001796e+00
1.082867614818687541e+00
9.400986868641150185e-01
1.058614221479944328e+00
1.143754962975932488e+00
1.144644273265267298e+00
1.136013948817795827e+00
8.662711735829276005e-01
1.031360949098873991e+00
8.457279225930711686e-01
1.137926426980982564e+00
8.939277118561019808e-01
1.112450015669806280e+00
1.139581381321147058e+00
1.047558070043605127e+00
9.599476522827092850e-01
1.113710876612514111e+00
1.159592533885345222e+00
1.006792591930562919e+00
9.120930209774583686e-01
9.669271122838170029e-01
1.152615793590004767e+00
9.764044166515011280e-01
1.111082169141740073e+00
1.159183330563799075e+00
9.506887113798834221e-01
1.132465346717440147e+00
1.083305055056186683e+00
9.247438688513305305e-01
9.844534877055793887e-01
8.250408314888406647e-01
8.783625150170615292e-01
1.040782939820652286e+00
9.260625148298995413e-01
1.049474076929667765e+00
1.197036791137214395e+00
1.126068331470071904e+00
1.120176385902958982e+00
1.063358105366942530e+00
8.133017809402478537e-01
9.784203676837637254e-01
1.000605479779100193e+00
1.104745137006741817e+00
1.127734582358272952e+00
1.136911161914095469e+00
9.715311464153240095e-01
1.008996155370535108e+00
1.003500257997572698e+00
9.333869465996873505e-01
1.065480860714457467e+00
9.454346158906832276e-01
1.022666157733180148e+00
1.076306338910012261e+00
9.948651136249875293e-01
9.911563077427804069e-01
1.006455529394792991e+00
9.329020893643424905e-01
1.069849507428277890e+00
1.184684497902369182e+00
9.944699815712567670e-01
9.719533571938833161e-01
7.810514888905573105e-01
8.567082002145518516e-01
1.017485493535730479e+00
1.087277917417816209e+00
1.027596870974490262e+00
9.099914077092035036e-01
1.090053993343252259e+00
8.824331144815096284e-01
1.017726531893096809e+00
9.399012532363386629e-01
7.742354005297447106e-01
9.673979042638829462e-01
9.055546214541805305e-01
1.075589466534252470e+00
9.483954050764711319e-01
1.167366881749485330e+00
1.041226498638923248e+00
9.030108967759622463e-01
1.153302156399198974e+00
9.953615101546456900e-01
9.592271102450838915e-01
8.171413188911279546e-01
1.100445668035682667e+00
1.034648741700613606e+00
7.830845881234276273e-01
1.063553470200817141e+00
1.145229810499441836e+00
9.969706923070722482e-01
1.073892418014929184e+00
9.545208073406123983e-01
8.766426911693305790e-01
1.136196644005895928e+00
9.242607981373753834e-01
8.659326124213423403e-01
1.018764666160361099e+00
1.076712126671290237e+00
1.132124388699596862e+00
1.051298986366377086e+00
9.714498093044638960e-01
8.825047225850063404e-01
9.845214736761612739e-01
8.108430582779770912e-01
9.359112872727715082e-01
9.248383712742518359e-01
8.388596486166429722e-01
1.102615411778461896e+00
9.642302885926954392e-01
9.330888541727024865e-01
1.174266232644050056e+00
8.797624430815076391e-01
1.023178269528304707e+00
1.077692847083198568e+00
1.046363920417093807e+00
1.017763320701935426e+00
1.099346120304345309e+00
7.880689081450695799e-01
1.027089218361236789e+00
8.914506397014029249e-01
1.026534423725351086e+00
8.787171825418140791e-01
9.055090338262190564e-01
1.048416289597973616e+00
1.115237550806400302e+00
9.759076743661236897e-01
8.805340395963698885e-01
8.570211378871300800e-01
1.157866001137734413e+00
1.067417681658540340e+00
1.220732496917630083e+00
9.829185978724620520e-01
7.898200796780832089e-01
9.932928666536038342e-01
9.765463572704120576e-01
1.033820158107685572e+00
8.881252679075561929e-01
1.033812961307851497e+00
1.056114354493131291e+00
9.334993969391292001e-01
9.356594389957717528e-01
1.012744385977287553e+00
1.054404232369205552e+00
9.347320986718548053e-01
1.043141335569833572e+00
9.506033533587081585e-01
9.218108903706647705e-01
1.106417250092839755e+00
1.076313033102699324e+00
9.998058150920572373e-01
9.680203767449269137e-01
9.807850667898718733e-01
9.756353227771266123e-01
8.710330405839609158e-01
1.029249093040125684e+00
1.030078923373841659e+00
1.134624277839310080e+00
9.505544611130606336e-01
1.085268994384491537e+00
9.865026530425176077e-01
1.024913938158598326e+00
1.007852209431011392e+00
1.068114508074289315e+00
9.917461175988315780e-01
8.459167868271095791e-01
1.015362476189412222e+00
9.346819704536644124e-01
9.091909425715728466e-01
9.060970050583248003e-01
9.978496112621813019e-01
9.549705057825152998e-01
9.435652844405477691e-01
1.137717528972021386e+00
1.003888154225384577e+00
8.811617722500111327e-01
9.136384576715677053e-01
1.149615933168086856e+00
1.177052341168860483e+00
1.050506040721227219e+00
8.971761385163112834e-01
9.680716382312695156e-01
1.075204556446748949e+00
8.923762307095245427e-01
9.999347796434905344e-01
1.033595558289893690e+00
1.079118162897870103e+00
1.044262650969844275e+00
1.248536591587527722e+00
8.201224848407784318e-01
8.500324062577113704e-01
9.337587730058738433e-01
1.052148702690783422e+00
9.051880981233485501e-01
9.179401708480274813e-01
1.143530630075180410e+00
1.036344620125182248e+00
8.861195003127879666e-01
9.304693225187022909e-01
9.944130180157211285e-01
8.403201983920915996e-01
1.055662062582871430e+00
9.908905049351879324e-01
9.402435693763177005e-01
1.072313582494719864e+00
1.171748933537442472e+00
1.147303389936753737e+00
1.127060559891210900e+00
8.865835220554787455e-01
9.604906027330413210e-01
9.373087044335977058e-01
8.104665587305031060e-01
1.069615398770245474e+00
1.030450069265134161e+00
1.225029672286689575e+00
1.068002661787050389e+00
1.173039171484494991e+00
1.018233786924910067e+00
8.953887232761885695e-01
1.045208618979046600e+00
1.136431510996895211e+00
1.173035328254241838e+00
1.201801795704053433e+00
1.211908471402744158e+00
9.550903578841466457e-01
8.659226928646852617e-01
9.666790809907537252e-01
9.775613676637417981e-01
8.539377461709596329e-01
1.030007739646580545e+00
1.036374137546774987e+00
9.976943261392895446e-01
9.824467898349125150e-01
1.191119425148097877e+00
8.855456558742174078e-01
1.004265601491135085e+00
9.219140763616973100e-01
8.667444176769298902e-01
1.103929443566998403e+00
9.745741442245630104e-01
8.989153794588125024e-01
9.787881183152229436e-01
1.164719526137069527e+00
1.001415211801531813e+00
7.917792626259805289e-01
1.150020495872596138e+00
1.018236871471791538e+00
1.186267772791497643e+00
1.148830953198235250e+00
1.108544806341035249e+00
1.052886514706212306e+00
1.062789691677974435e+00
1.038156516462778400e+00
9.183165011558829249e-01
9.918898563777962529e-01
1.019652358097979050e+00
9.774754104446865544e-01
1.100339047567554074e+00
9.340846174047181538e-01
9.010765123676460764e-01
1.101800249859522074e+00
1.085887968646356061e+00
1.114469287772410944e+00
9.925138602188083858e-01
1.203112195609419954e+00
9.289138761421885659e-01
1.118321584226273258e+00
9.639826056118601105e-01
8.407404669569997768e-01
9.263884053508540939e-01
1.175879602510299549e+00
9.359850134358265183e-01
1.137771257129523983e+00
8.228705604048278666e-01
1.009328262566604462e+00
1.136496557386308837e+00
1.076182599942378637e+00
9.609309597802464520e-01
1.067571013888878761e+00
1.166017071768421509e+00
1.068006725107080612e+00
1.076397961575153328e+00
1.062294892886356479e+00
9.281167119927394848e-01
1.152661242681535025e+00
1.025737064119303321e+00
9.664946431560107465e-01
1.081982471237287413e+00
8.264375217379009708e-01
1.028540784186370960e+00
8.249566797200668100e-01
1.100018186405623544e+00
1.015352629885059699e+00
8.998604521209028206e-01
9.229175937402924745e-01
9.974353609496953155e-01
1.041909854066943142e+00
9.963038062792757277e-01
8.373839467649439872e-01
9.610155225469432239e-01
1.074398059019123775e+00
8.882709473020196089e-01
1.022917202808333537e+00
9.664598835254722964e-01
7.975771073249888765e-01
1.163151960208356650e+00
1.036810712631116793e+00
9.513562291386490344e-01
1.181652448474744155e+00
9.899576991217193811e-01
8.655222709548451299e-01
1.097476219913622320e+00
9.353961673635942109e-01
8.545832885622074437e-01
8.799924194017476609e-01
9.684677859083725693e-01
1.135398569112882727e+00
8.614602230658233717e-01
1.169159487502220873e+00
9.575980875221787869e-01
8.241188407035904273e-01
1.076747450734835132e+00
9.741850609506506053e-01
8.274895841808944663e-01
1.009888951762855092e+00
1.059966528131067731e+00
9.937249920953559190e-01
9.204906398142612689e-01
9.867329924826968579e-01
9.878269319035639651e-01
1.067939901141205183e+00
1.131305199773266823e+00
1.080029327083950941e+00
9.442263211662869082e-01
9.048060508353772402e-01
1.103330375904851612e+00
1.087403502249994158e+00
9.667195425228608530e-01
8.847428256805884850e-01
9.561877215443552736e-01
9.655030809176248230e-01
1.030909345569694713e+00
1.075499477303817120e+00
1.055071369144017002e+00
8.144692373554816012e-01
8.832747210725899745e-01
1.040055505986579032e+00
1.079942022927466772e+00
1.050873513845295371e+00
9.892871824443714157e-01
1.085441269060891445e+00
1.119822478530818843e+00
9.350544241815033075e-01
1.134597919200545535e+00
9.269041437510143755e-01
1.057463390802869663e+00
1.111410581307000323e+00
9.863670943780591394e-01
1.121211065380308902e+00
1.200645483002946712e+00
9.542824635751072648e-01
1.157063634582319311e+00
7.865253857983325325e-01
1.096891634277572303e+00
9.281552273962052624e-01
1.095186642898311913e+00
1.095373405786360443e+00
1.120503348191593362e+00
9.708243201608697248e-01
9.748730481144058935e-01
1.130632756946003958e+00
8.936454601909257223e-01
9.866092218198684316e-01
8.248588159711927048e-01
1.055646398730200275e+00
1.067391646764419999e+00
1.131273163012281868e+00
9.080316146422399148e-01
1.027843958579337302e+00
1.029933584340522179e+00
1.141078649927890210e+00
1.100571814613529265e+00
1.092337459644203923e+00
9.014168061384026931e-01
9.507234872666675551e-01
1.064275421296519974e+00
1.006719233831277593e+00
1.061642652823283628e+00
1.097508473501060511e+00
9.176323502090986128e-01
1.016482472300521689e+00
9.851510488726085146e-01
1.016426879594016119e+00
9.262625829938331279e-01
1.129201998755209768e+00
1.181901794890255042e+00
8.805351283150257835e-01
9.981722972364890367e-01
9.415796269587248801e-01
1.057265167763108415e+00
1.158559666791535436e+00
9.835186599528744633e-01
1.091191399352497093e+00
8.935598875038488487e-01
1.075823062514603690e+00
8.751080527860573000e-01
1.205592395300214115e+00
1.114901386317297183e+00
