9.774096382816550577e-01
9.023792914244952446e-01
9.689613636323930468e-01
1.040893108789476385e+00
1.032963068438919940e+00
1.014482629247051459e+00
9.823652993024096780e-01
8.889890488216254383e-01
8.770412450720737052e-01
9.657505175738625436e-01
9.530397805072651218e-01
1.193729796239908048e+00
1.156864284783692742e+00
1.130832328743784698e+00
9.699261571730187770e-01
9.287055599227626024e-01
9.571520898359801022e-01
1.039722044956559399e+00
1.045672323972452578e+00
8.433542276116827718e-01
9.921876548815387054e-01
1.130625751797334155e+00
1.179234299271818553e+00
9.826422388801044905e-01
9.813951300243726195e-01
8.501106154110444901e-01
1.042612812611328543e+00
1.161208836688057966e+00
1.071753372469891108e+00
8.940378697126227792e-01
1.149381319793328027e+00
8.287002573323704047e-01
1.163439999154754600e+00
8.957395073058376234e-01
1.001564111373641097e+00
1.023452779348128505e+00
1.144990763182254456e+00
9.958405355829338390e-01
1.187558844461489294e+00
8.415832379091332527e-01
9.149413477831062069e-01
9.136050786776039878e-01
1.162945122001718179e+00
1.081507626824841806e+00
8.788712020762466937e-01
1.197888389958914779e+00
9.095901896452975866e-01
8.535045390810908073e-01
8.340025925429354059e-01
1.113793884320789740e+00
1.125920044960199817e+00
9.325195978128206775e-01
9.159484843912685248e-01
8.541168804408540982e-01
1.116663256092070622e+00
9.633303639655308448e-01
1.012769675670779801e+00
1.014031716917728865e+00
9.029087542751625950e-01
1.112054907587785912e+00
1.013704289197630892e+00
9.417502837306206409e-01
1.047843387412447758e+00
9.218440116872085310e-01
1.066909512605441090e+00
1.033176787349474601e+00
8.973857170226156033e-01
1.010662718310929353e+00
9.953192739490517305e-01
1.037446781365598758e+00
9.632757412554622256e-01
1.126777060002463138e+00
8.886834297368138014e-01
1.036372691725415907e+00
8.570593978910956423e-01
9.565446130766646071e-01
9.400797990021101391e-01
9.911218614237988778e-01
1.086478552255097929e+00
1.096498447096011741e+00
9.730967041230125236e-01
8.914889669381949044e-01
9.686913224745998807e-01
7.957249790992353411e-01
9.279152219902002674e-01
9.644643274981534731e-01
9.120939727577933587e-01
1.001334397137392695e+00
1.058754364716749663e+00
9.448473810951538709e-01
9.303177506223517801e-01
8.645706133545041361e-01
8.632782525593885037e-01
1.048389497958851946e+00
1.090943990228010252e+00
8.603489638291257346e-01
9.137021804046797646e-01
1.097139662662220072e+00
8.560720397736170106e-01
1.069190526971932620e+00
9.408011227396171350e-01
1.213719604009313890e+00
9.669905921591547271e-01
9.283460116176737165e-01
9.260896066610323496e-01
8.115220127640296877e-01
8.953628928851891100e-01
8.445603386499032084e-01
1.017394877790947616e+00
1.032828701365529955e+00
1.202373754755668323e+00
9.736112309149038690e-01
9.041018845797389458e-01
9.250887147154167600e-01
9.160181035980480280e-01
9.598808611879878772e-01
1.081948622808795335e+00
1.151514729982666907e+00
9.464755432247328182e-01
1.092443690439662829e+00
1.120344820523347940e+00
1.116675798366804528e+00
9.119701344065964665e-01
7.803312253795313680e-01
9.686876136198260268e-01
1.014918206753630647e+00
8.171252709328767905e-01
8.466100036288266573e-01
1.067706627415427434e+00
9.380293347303725326e-01
1.014965451816144837e+00
1.102608023335595933e+00
9.696931219005622271e-01
1.125232689575908829e+00
9.500609184272608143e-01
9.461865367493236256e-01
1.044336791897665595e+00
1.110450714982258447e+00
9.906127135184863430e-01
1.026130741376829247e+00
9.573133496415737742e-01
1.040281159120843180e+00
8.059454927268430158e-01
9.125672149496226737e-01
1.050960753207573095e+00
9.876155995995913317e-01
1.109078999857381342e+00
1.015957508558405165e+00
9.900533116503277276e-01
9.064418539298457755e-01
1.064739052710844014e+00
1.091159669391389864e+00
8.312273399851217714e-01
1.071322795994655852e+00
1.158218054473506786e+00
8.726402828671895318e-01
9.048355160734743441e-01
1.000244224263271198e+00
9.529785671777124545e-01
9.979299307913628292e-01
1.086405881047597832e+00
1.199241275237719284e+00
8.963800752409263328e-01
8.900454486922420028e-01
9.763449994692525724e-01
1.156695526904587101e+00
1.163268860742387556e+00
9.689891719604366571e-01
8.994882446025425082e-01
1.147020080213770887e+00
9.621152835037427575e-01
8.113526275154793188e-01
1.043327582134775611e+00
1.025191803700889137e+00
9.201309426086776710e-01
1.021606847496608239e+00
1.071217416647773923e+00
1.104197844907630177e+00
9.941291940660010873e-01
9.290632631787699713e-01
9.495085447552311653e-01
1.033837356589323297e+00
1.079974917001194079e+00
9.600190826752001971e-01
1.056526803369477463e+00
8.093902216337087729e-01
9.838231664520524777e-01
1.079780678733488042e+00
1.089744869727372834e+00
1.059378230067777649e+00
8.149856588597355067e-01
1.098053082547534975e+00
1.185422008459596110e+00
1.006325983846652949e+00
9.602256834041997813e-01
1.007629739954739811e+00
1.187902119202662421e+00
1.072183017371972413e+00
8.147146431461891325e-01
1.215402067990774659e+00
7.849108876628252407e-01
9.950583954675744636e-01
8.685444845741157049e-01
1.161208916249551804e+00
8.799175356158841499e-01
8.290110199747298125e-01
8.729606432064889177e-01
9.349528220341207785e-01
1.089496378841946722e+00
9.241005512532100008e-01
1.026372003180176629e+00
1.004352517118451082e+00
1.084456072001620530e+00
1.067797188959491272e+00
8.304452028071820369e-01
1.065098709889450879e+00
8.783073520294737424e-01
1.129491417450166235e+00
8.353004934692742633e-01
8.542047040198406105e-01
1.016212166399887984e+00
1.080648516553647465e+00
1.116452307718576842e+00
1.012540532211696043e+00
1.066140659978340732e+00
8.933116195228844036e-01
8.963800981760805531e-01
9.880245136794751915e-01
1.083604871917946522e+00
1.159205203461034506e+00
1.083356044370662907e+00
9.496499375254672248e-01
9.574717094949602991e-01
9.690485134890582941e-01
1.146793857137409001e+00
1.003411610713011548e+00
9.887659137263916653e-01
8.917925630378714663e-01
9.798849920174349526e-01
1.041826757695883288e+00
1.081330781232697991e+00
1.079152783827139972e+00
1.173649578191844123e+00
1.090651586002847395e+00
1.175002835693683245e+00
1.148199727123571101e+00
9.455349301431663633e-01
9.864129366681333444e-01
9.780934834428668401e-01
1.122847994790089121e+00
1.103226283907906113e+00
1.089380257857776257e+00
1.004413411803265266e+00
1.000226726815548028e+00
8.681840505785416440e-01
1.146789674995965846e+00
9.788157535989774338e-01
8.591191222602065913e-01
9.706342427655483274e-01
1.210013118957338207e+00
1.070635696924287616e+00
9.679041347574200982e-01
1.104071249372808872e+00
9.237244063100933378e-01
1.011329417180211410e+00
9.624081806386743931e-01
9.755857458891976641e-01
1.098272564146473007e+00
1.111380647989389514e+00
8.839012282082012728e-01
9.118219029127171416e-01
9.416045392641723133e-01
9.893154620815485245e-01
1.004032180009246877e+00
8.470793650404595532e-01
1.081897010660143099e+00
8.937255829983294930e-01
1.034814640582449874e+00
1.066113194364858519e+00
1.065958090408938075e+00
1.085778969535607485e+00
1.088060735627293552e+00
1.000281730656058965e+00
1.027177606409623190e+00
1.171849462674199538e+00
1.015840816372745259e+00
8.659005989082185772e-01
9.421578039355542611e-01
1.083072414848510912e+00
1.006247507964924015e+00
1.085074329181300090e+00
1.086433078945554964e+00
1.027307420998786247e+00
1.021593076089772456e+00
1.163636054267371822e+00
9.913818145263779691e-01
8.979199036268858958e-01
9.204676051798771352e-01
9.472155343940171779e-01
1.125324353455906312e+00
9.243448679190129358e-01
8.780748597785090759e-01
8.825072788873804530e-01
9.904979641066677942e-01
1.072158529170704311e+00
1.054360964282371693e+00
1.095780825082032006e+00
9.102730601203355976e-01
1.174199760566775108e+00
9.800731449874033885e-01
1.016016728351242460e+00
9.907818188175130381e-01
9.854817489183564927e-01
1.010259591054250894e+00
9.511654228173413994e-01
9.058807506284592970e-01
1.128112758986493214e+00
1.032750960967443454e+00
8.835053235941252581e-01
9.490742629764474803e-01
9.822811023956047327e-01
9.818071511244037541e-01
9.570195515034624067e-01
1.168191034750271085e+00
8.309573067820128500e-01
9.285014377723855850e-01
8.462473153487257704e-01
9.970533169979394206e-01
1.003474556971569287e+00
9.946371713354796862e-01
9.898549926793079878e-01
9.308256024626959668e-01
9.862095093734524198e-01
1.078851339193750425e+00
1.074122385312686001e+00
8.939991486453480185e-01
9.831947551952113784e-01
1.031615875349874756e+00
8.396267990127215253e-01
1.053615176040267887e+00
8.693125032609014813e-01
9.135809824673823965e-01
9.400163068005514821e-01
9.715983832251547936e-01
8.745567115712323814e-01
9.206366590506835923e-01
7.769800545430112226e-01
9.549193668152660130e-01
8.894738825683183858e-01
9.261722565598157209e-01
1.181118721465697963e+00
9.492978262031075420e-01
1.055753348665631641e+00
9.693069178466293678e-01
9.406653502213747631e-01
9.810863032801395711e-01
1.107511105946949570e+00
1.003157201413140687e+00
1.090688504414737858e+00
9.895726655517749215e-01
9.482322796151226862e-01
1.048403573200926919e+00
8.173598070464087595e-01
9.471757381498964179e-01
8.539009529824643785e-01
1.097243290564215101e+00
9.619609937008034573e-01
9.536834206503743694e-01
9.168280684418346205e-01
7.866800964567103316e-01
1.134083879865399602e+00
9.421141972111813923e-01
1.048197769565872850e+00
1.053970570864809275e+00
8.943002130638635361e-01
1.070012311478097056e+00
1.133234409114057817e+00
9.339443926799315676e-01
1.198372144713488074e+00
8.384002894919585502e-01
9.117471227557620850e-01
8.752611662659577352e-01
9.486151850053320400e-01
1.141237840327014919e+00
1.044130451471278143e+00
8.626742637639539524e-01
1.066125030237774496e+00
1.107961550769345438e+00
9.394519465602130248e-01
1.076345446693196983e+00
9.526779306146497817e-01
9.460864917513303052e-01
9.806402978484857202e-01
9.570226508882755390e-01
1.005776886283087812e+00
9.932109800904168617e-01
9.716183666717430611e-01
9.011343249762877594e-01
9.938229744149880140e-01
1.072960790875003179e+00
1.187555051518240479e+00
1.132104288451346807e+00
1.019268658090099811e+00
7.977901047434892146e-01
1.143828382838509183e+00
8.219434312901172657e-01
9.987086512420486617e-01
8.172169769371002701e-01
9.237297048861075055e-01
9.908940625402145042e-01
1.053568816505676020e+00
9.370343675984436072e-01
1.062373051346910069e+00
1.150156362467382287e+00
1.032616141985015279e+00
1.135494621535256821e+00
1.080436030082140952e+00
1.027276906109643395e+00
9.301536916731243387e-01
1.152992347978315735e+00
9.527705688212755319e-01
9.255158579119735496e-01
9.815106678024616560e-01
1.187331471491896329e+00
1.033538398014700155e+00
9.318334225114852654e-01
1.014649468173858038e+00
1.105023145515359850e+00
8.482540382771905918e-01
8.295558700342071656e-01
9.890425336350243679e-01
8.731015770690787603e-01
8.472769468345376920e-01
9.167758051077179449e-01
1.157954104204138579e+00
1.000956303126191438e+00
1.161714750460246304e+00
1.043801406072971449e+00
9.905993727306989793e-01
1.028696296757301454e+00
1.007444406614867782e+00
1.162582471884140212e+00
9.143286951247919792e-01
1.017102858253664532e+00
1.041848088267444128e+00
8.022769625567764962e-01
1.065217716504166523e+00
1.029287055369589199e+00
9.973915566882252115e-01
1.106198871896334701e+00
1.155118144933478641e+00
1.047134933513052424e+00
1.045286511651272843e+00
1.124353958894243277e+00
9.714475138702465262e-01
9.029180653832642456e-01
8.843134042571478837e-01
9.376843821358584741e-01
9.229482213697755011e-01
8.530356143540368530e-01
9.784537658827054951e-01
1.160206386423925151e+00
8.975464721612264052e-01
7.717007531061821357e-01
7.959336824361153973e-01
9.606379555708483009e-01
9.305850952424925548e-01
1.109198956525762947e+00
1.195898414272502430e+00
1.145282405808164983e+00
1.025512775754809480e+00
9.764423979031841005e-01
9.796140372314970923e-01
1.133204549832875330e+00
1.193226177424786538e+00
1.048941841739672309e+00
8.854568360612860012e-01
8.914201174060629729e-01
8.804373393554885130e-01
1.183211553541883676e+00
1.022850976444234394e+00
1.111702098415840778e+00
9.453749719299873178e-01
1.076948577937148599e+00
8.240949444051366424e-01
1.045102521006836538e+00
9.295971249645296197e-01
1.144362170571984638e+00
9.195517647118887083e-01
8.997659604302878922e-01
1.061267187657573219e+00
9.017724580812163104e-01
1.112971550697687162e+00
9.546029725013931433e-01
9.430478184416235532e-01
9.154389098962357751e-01
8.992711666939169346e-01
1.120478473370613015e+00
7.976499820965951004e-01
1.114905649471931159e+00
8.619344820122221140e-01
9.251060497092435941e-01
1.009131608927211765e+00
1.059388482800438291e+00
9.927661105130047847e-01
8.953226841783151757e-01
9.760096969346311324e-01
1.055009991971119332e+00
9.591311887352187426e-01
9.046350947718759805e-01
1.052144996804085020e+00
8.789689553630605223e-01
1.036477627724090578e+00
9.698245602376636132e-01
1.140260911320644555e+00
9.594605058218120819e-01
1.006993131035371691e+00
1.097133681972212171e+00
9.602306506125388719e-01
9.957916262704922250e-01
1.027207993567925026e+00
1.026781182014970151e+00
8.545362956255460052e-01
8.455425305164405714e-01
1.035825142593123305e+00
9.841071300476105232e-01
1.054988669805123402e+00
1.110887410038509326e+00
1.015704926674019015e+00
8.260979308657168119e-01
1.189703136445088294e+00
1.143929886648973770e+00
9.959209660260308627e-01
9.259355336937857839e-01
1.028626296371247806e+00
1.041961969814438227e+00
8.629064508717201321e-01
8.202284039635080459e-01
9.166497681726031299e-01
1.021930931028237399e+00
1.001530859540398222e+00
9.148907087198909771e-01
9.842949537827859752e-01
9.463636339266983111e-01
9.892342577249665370e-01
1.011840517295008013e+00
9.908021554176582590e-01
9.695057759123710817e-01
9.226078934214561045e-01
1.004762726155783659e+00
1.105655125470238476e+00
1.033192923185675793e+00
9.802545568603854287e-01
9.108826968810272984e-01
1.163156389359996101e+00
9.883877247157766277e-01
1.003581026257259978e+00
1.073243519318617833e+00
1.068914042400312958e+00
1.123135870342337306e+00
8.729263213201445826e-01
8.715049236193226356e-01
9.136647482766599992e-01
1.165044670590238196e+00
9.751605221486846498e-01
8.568431635319735395e-01
1.010102584806631842e+00
