8.601237038365489029e-01
1.101123527492559928e+00
8.439364458745307607e-01
8.754246122941795605e-01
1.083863500927962020e+00
9.006640026648256026e-01
9.420747039234553810e-01
1.137923404988055553e+00
1.165370093254345374e+00
8.491609098591479388e-01
1.068029978100133004e+00
1.078357981999725990e+00
8.877408827145227832e-01
8.518898243646289004e-01
9.302140649946568640e-01
8.781741753433165432e-01
1.102507024424507875e+00
1.209742149069165773e+00
1.138063226614602907e+00
8.843252062111912615e-01
1.052470836669021637e+00
9.220988370959621871e-01
1.148033205566528103e+00
8.986314372813378748e-01
9.494219604458613571e-01
1.029087067482468587e+00
1.058744533929977027e+00
1.086768126970625081e+00
9.498728067399268005e-01
1.042104279423118118e+00
1.009824725383476007e+00
1.109301529235103168e+00
8.523845187161074310e-01
1.009319643982806047e+00
1.072612677312132057e+00
1.000551286091897696e+00
8.898298282198342513e-01
1.221453045725462871e+00
1.025367966165747324e+00
8.362617814377011349e-01
1.039071847310367058e+00
1.018070201459085888e+00
1.075132725358818098e+00
1.024561722792818097e+00
9.560041286945692995e-01
1.105728540012658856e+00
8.326028911934856280e-01
1.110144003244737387e+00
1.016548728093035647e+00
8.509316407719906827e-01
1.080204300765217340e+00
1.016714679155259926e+00
9.155449732139733232e-01
1.006429535590978919e+00
9.361773347152675395e-01
9.241302684413434942e-01
8.443738233132701554e-01
1.141990792175369362e+00
1.081403404710434835e+00
9.313204264864499704e-01
9.967241713597913000e-01
1.090896172714388435e+00
9.984315110893947631e-01
8.466911932364775684e-01
9.644250313839970445e-01
1.184796047730353186e+00
1.006711222416303286e+00
1.027858733381081358e+00
1.173864103652022761e+00
9.801002122968111019e-01
1.007047851100189018e+00
9.909447359980931846e-01
1.204761430535715050e+00
1.054416039662044113e+00
1.143190851293932830e+00
8.074776399162897356e-01
8.754085990445359400e-01
1.129792688991287708e+00
1.023577132868587647e+00
9.350142873141495947e-01
1.043031864253376906e+00
1.097324718759021156e+00
1.094741679901657161e+00
7.798733264504671414e-01
8.443942060511305803e-01
1.166691798785984613e+00
9.163836348338115778e-01
1.034739955110631993e+00
1.008476001093513208e+00
1.002426157537646745e+00
8.155415241485439726e-01
1.022549046903656667e+00
8.157427109589434622e-01
1.141035552573594902e+00
1.149665026008836133e+00
1.119577671863367652e+00
1.217776132548941792e+00
1.128580503475568264e+00
9.402191769789464137e-01
1.146673336080465733e+00
1.008783844327751034e+00
9.528140418644209797e-01
1.034343031705522664e+00
9.384135093252783388e-01
1.059525106445216469e+00
1.038217558124633566e+00
9.428101319236381617e-01
9.518777469932535595e-01
8.807647927734545412e-01
9.291320847045967390e-01
1.157823493177390528e+00
9.608121034505199276e-01
9.021395289566354059e-01
9.411814657000583395e-01
1.029978957833124875e+00
8.442099888631993121e-01
8.807145946535026582e-01
9.333283791025160925e-01
8.232115731059337360e-01
1.074312216988818180e+00
9.938583817357240502e-01
1.122747852470873386e+00
1.203543504309694701e+00
1.134197619238582089e+00
9.210460777962188317e-01
1.200779785932529764e+00
1.181963042255179897e+00
1.131449657947289911e+00
1.097550472052278847e+00
8.351213696377934870e-01
1.193676739982046042e+00
9.554217424063276010e-01
9.573466236374137406e-01
9.707782494463572665e-01
9.121424058671377955e-01
1.032022895055614953e+00
9.139120167289620511e-01
1.132815938160943947e+00
1.063530365527221688e+00
1.155580763713112358e+00
9.613045166893982030e-01
1.100204786623775854e+00
9.390650851912289987e-01
9.737928145224274967e-01
1.068182077006830433e+00
1.192154481486096707e+00
8.330986798546515804e-01
9.896733355311575497e-01
1.136582189433186452e+00
9.408686961543435423e-01
1.045921475690183122e+00
1.051438806578495200e+00
9.139859163376520268e-01
1.005312522682360932e+00
9.470655380810431012e-01
1.104056596988488348e+00
8.733610751358842350e-01
8.171928714250826786e-01
1.218454296716155572e+00
1.024497224430549469e+00
9.141409378931588670e-01
1.192373931650530627e+00
1.082672767880569431e+00
9.529277743006199231e-01
8.587185345606285214e-01
9.417115513880157662e-01
9.467962589178915422e-01
1.174016775746418606e+00
1.044901881820329725e+00
1.138610933254150970e+00
9.882626259303645133e-01
1.079679889064337317e+00
1.024954638617336711e+00
9.015512370577187795e-01
1.088941179266643466e+00
9.744106347430587789e-01
1.181691523943799504e+00
1.048851115482018814e+00
1.142282665598659097e+00
1.163022352225982603e+00
1.199946772894618929e+00
1.045467126409348690e+00
9.969822723853509761e-01
9.666556920048876567e-01
9.164521887740362249e-01
1.126378800446351747e+00
1.027778442254439151e+00
1.085587659004997318e+00
8.542105678897015109e-01
1.233334460985278325e+00
9.586018829458768931e-01
1.019263407367334118e+00
8.896381308539740296e-01
9.274106715665323408e-01
1.007101828469929572e+00
9.735711253907198826e-01
1.025326977058567346e+00
9.702490513745448686e-01
8.255738171090336586e-01
9.223589934865886741e-01
1.019683950713251797e+00
1.073736691059234749e+00
1.159502861190278455e+00
1.070178409718530732e+00
8.156484740984724091e-01
9.343595398890118808e-01
1.031060867646186541e+00
8.923982820263987037e-01
7.813439433789164390e-01
1.012788307264579579e+00
9.780391394775300729e-01
1.035735572776601776e+00
1.021495130787011929e+00
9.459360870929292009e-01
9.324327060245511944e-01
1.002128711901345781e+00
9.661398160046938965e-01
8.387376839196586387e-01
1.217453657942636269e+00
9.561195387008227797e-01
8.730593415298757431e-01
9.155679779993003420e-01
8.914860506452491062e-01
1.153678125898651929e+00
1.066217352920154848e+00
1.077011929500714782e+00
9.771181221577522891e-01
9.284340893911224857e-01
9.234486043269121147e-01
1.015986545542356456e+00
1.105526337584510355e+00
1.088441653808704501e+00
9.834558875219387986e-01
1.042216119130445762e+00
8.862757846856814670e-01
9.540271000705722315e-01
1.087250164020443721e+00
8.073060560566388544e-01
1.108358058015507019e+00
1.081089146481426511e+00
1.092336151011320755e+00
1.123261821610872957e+00
8.977688378799745239e-01
1.170669905876977612e+00
1.004251634704740104e+00
9.519687081434781151e-01
9.272327286832534599e-01
1.028953458083484707e+00
9.129237976724218218e-01
1.053076647105884778e+00
9.859927686872633767e-01
1.172960409488315925e+00
1.064091322609421297e+00
1.072807029943948276e+00
1.051814139225216715e+00
9.574648352759971282e-01
8.091036973350411721e-01
8.012095407854902263e-01
9.141643130707196585e-01
1.139177785606664273e+00
1.103200614150898096e+00
1.045392576918384719e+00
1.138494105001900181e+00
8.867974598688828092e-01
1.040959498979282305e+00
9.902186283282035095e-01
1.098196115677917195e+00
1.045271207814344461e+00
1.071378126488710336e+00
1.041819774352268135e+00
1.138887251433124970e+00
9.854054258776406838e-01
1.074602910690362068e+00
1.021689946870142585e+00
9.116619220553439096e-01
9.288152839995841292e-01
1.075775658289159775e+00
9.202736251569012538e-01
8.859672689946535007e-01
9.245474120515644323e-01
1.001674463547123750e+00
9.695088611897039188e-01
1.001376512165501165e+00
8.540597990356381120e-01
1.053174963544144749e+00
8.333080081382681081e-01
1.120414450368593107e+00
1.120323752603801681e+00
1.134024923078517544e+00
8.346423464790000413e-01
1.034129566606019290e+00
1.055385433167060905e+00
1.085648703303423890e+00
9.187391486221634374e-01
1.177095908557596715e+00
8.998118979904894399e-01
8.326453023292530453e-01
1.075318580084097864e+00
8.920687289326187930e-01
1.203173264852847701e+00
1.063291825109611288e+00
8.013811905199235142e-01
9.548533124817522033e-01
9.828130159344745653e-01
9.987051979536452073e-01
1.069225612205604969e+00
9.764898953891154587e-01
1.177964682084045478e+00
1.182599444847013848e+00
8.892014616987145015e-01
9.481938438171129135e-01
9.583312316161117783e-01
1.022203752041909164e+00
9.898953584751419843e-01
1.000765720298316896e+00
8.153890171012707633e-01
1.011005809883008588e+00
9.067435093550647585e-01
1.070590660784826564e+00
1.235273585447274725e+00
9.411161946790557176e-01
1.006248669510202198e+00
1.017430295190963729e+00
1.096569947762244146e+00
1.005762040424691639e+00
8.039307894585576708e-01
9.830628208026546133e-01
9.756753975715857230e-01
1.019611083910338500e+00
9.763429062397328551e-01
1.146459087342208916e+00
8.608975684310905541e-01
9.465014285020565410e-01
9.640303165266437269e-01
1.194459034427351352e+00
8.901025893217009433e-01
9.370033228247758306e-01
1.084408008074380092e+00
8.575055873971969556e-01
1.061358621772557020e+00
1.202539271277057731e+00
1.023581913943492516e+00
8.659210041427831683e-01
1.175514282183499404e+00
1.096061063001821712e+00
1.101832100850060892e+00
1.083174463271649346e+00
1.025008961991366041e+00
9.854436928529952677e-01
1.097091620519073718e+00
8.990623222517659663e-01
1.117341837553545547e+00
1.047792574855975323e+00
9.586148665904578037e-01
1.085871865321183183e+00
9.648870969821679022e-01
1.001040857253693073e+00
8.588046221124020496e-01
8.462046099752427164e-01
1.188163307449389805e+00
1.004316604824119663e+00
1.047605248123554045e+00
1.019745967629163808e+00
1.030888320563558169e+00
1.042228734073608276e+00
9.203996047653519863e-01
8.538497487943401687e-01
9.313211491380419815e-01
8.934156137208980608e-01
1.030530716719864737e+00
9.342029739570563152e-01
9.478601666021078120e-01
9.233016724871039305e-01
8.262021852682419620e-01
1.065005691130197718e+00
8.187062476998939742e-01
9.196540831095844082e-01
1.011787855485720478e+00
9.140245099643595772e-01
1.075734752008750128e+00
8.814756174643285647e-01
8.856756875628224446e-01
1.046486882264837881e+00
1.065779572874899772e+00
9.515535785821815917e-01
9.537313155652189511e-01
1.002392571725619019e+00
1.067817039058311046e+00
9.076934019859803637e-01
7.722281350110371534e-01
9.722478996202490453e-01
1.045898235722737990e+00
1.107217786158422257e+00
1.069689985500279272e+00
8.489324860354801050e-01
9.162115763291391879e-01
1.047206970314813912e+00
1.037905503481207692e+00
9.289631456688673961e-01
1.141697712782546947e+00
1.093282909635475253e+00
1.163422269193987280e+00
1.015511731323534228e+00
1.106116283558713054e+00
1.057285738433751288e+00
9.164889167859843200e-01
7.763111577000367802e-01
1.088047625968113774e+00
9.804147752920714387e-01
1.136168345103740762e+00
1.154100002651395229e+00
9.004951026629719468e-01
1.019223430784529594e+00
1.026911521828462348e+00
9.787975872344454320e-01
8.103434046179457395e-01
1.181475108330474422e+00
8.759150753792959154e-01
1.133092497104572161e+00
1.018432846335766806e+00
8.986940813122225036e-01
1.094018650754572164e+00
1.102707601308148710e+00
1.042103897080560060e+00
9.293685723103106699e-01
8.743436465560661119e-01
1.072576622204198138e+00
1.056634244957771696e+00
1.003858391147250062e+00
1.109662250706911379e+00
9.971712814447368789e-01
1.005566265649739055e+00
1.017507378316782063e+00
1.083126247847550960e+00
9.076651673493817407e-01
9.949935933271434330e-01
1.008891638353088371e+00
1.145456936604418940e+00
1.192827672935202310e+00
1.030357957701445670e+00
9.654506959092601370e-01
8.940953843835397485e-01
8.374905249762198967e-01
9.682184063181115130e-01
8.838056848783848451e-01
1.018139552333060749e+00
1.090891089155835658e+00
1.073869540507572440e+00
9.442027140466106028e-01
1.013541127299549149e+00
8.630728150517503749e-01
1.043138836441733108e+00
9.282415545453203132e-01
1.045416847860136222e+00
1.183069353064308382e+00
9.377470721985343705e-01
1.084969426072415422e+00
1.031753138787578461e+00
1.007165163456838153e+00
1.004454397467726690e+00
1.020884803972447408e+00
1.003720051861879403e+00
8.357362832539960706e-01
8.836585311172961976e-01
7.748121075433309635e-01
9.382156098892566742e-01
1.230335017721261526e+00
1.120689235682749141e+00
8.496328464919444823e-01
9.851516316960409192e-01
1.027590233115619034e+00
9.241313927670329331e-01
9.006653456701168015e-01
9.288905566873348896e-01
1.187762534955588034e+00
1.085134478923053036e+00
8.490719250680716090e-01
8.867347915446956996e-01
9.930434598504478405e-01
1.094858670344677654e+00
8.513822278781515429e-01
1.089869131373297773e+00
7.768976022521748570e-01
8.163166047061796160e-01
1.005199554035536957e+00
9.244553103716053322e-01
1.055282146283857525e+00
1.007725276981841223e+00
8.250148033438398087e-01
1.027831975136358267e+00
9.052189623794520967e-01
8.743461018433777987e-01
9.128837463438929101e-01
9.825304884914687342e-01
1.086601118109521869e+00
8.365036886906813685e-01
8.764199273620292274e-01
9.495314622359325440e-01
1.074966149099922053e+00
9.503833609608918209e-01
8.829297064739221046e-01
1.121457008239267195e+00
1.019932617905367156e+00
9.377150750056999495e-01
8.810541290235742728e-01
1.015177684266292291e+00
8.686006641861421240e-01
1.123954823075760112e+00
9.473989846099049039e-01
9.142067959185771198e-01
1.062109362585985650e+00
9.652776026272831267e-01
9.557836165928160765e-01
9.405258666874344309e-01
1.002353750467015692e+00
1.198038907287584109e+00
1.023183363180294236e+00
9.835333889019222120e-01
1.100092290794628891e+00
1.017567943939582165e+00
9.065710211421655895e-01
8.308296387742661882e-01
1.061826271533298005e+00
8.860435174700376226e-01
9.667001280639042626e-01
9.388472365912041706e-01
1.091043209304927819e+00
9.974137394925867151e-01
9.145872377853174751e-01
9.857486687048657714e-01
1.047532660441703900e+00
1.055047751322953031e+00
1.180037136064332026e+00
9.684376426651890579e-01
1.059755814289794706e+00
1.048400326800865923e+00
9.501702520794499396e-01
1.131226468247773731e+00
1.216485628355025161e+00
1.050621954050461770e+00
1.097728243538593551e+00
1.162069677332050244e+00
9.904485221548904317e-01
9.230820725107385938e-01
1.162179784151952333e+00
1.050721625613815213e+00
1.059405694605429771e+00
1.009322603556901621e+00
9.276978666890560721e-01
1.061987335034717761e+00
1.058582236663564213e+00
8.315769817057168112e-01
8.717684877569757962e-01
1.035932878833735193e+00
1.062294212578785091e+00
1.128096213806708326e+00
9.295926472434450361e-01
9.038988561664489385e-01
1.101853137946005035e+00
1.076725479813009256e+00
1.089305485651229866e+00
1.062422524219362119e+00
8.902206127799141555e-01
9.311237503318724462e-01
1.005448056118784628e+00
9.263847755081091595e-01
1.082572810197187874e+00
