1.003293047790314141e+00
9.557231743220646614e-01
1.105035112039294720e+00
9.772520425594986015e-01
1.013512180491246806e+00
8.510173205536670782e-01
9.003083211769488114e-01
1.064179704599463205e+00
7.876388355758401350e-01
1.076037313673148033e+00
7.987502201319260919e-01
8.554033534362754931e-01
9.167985269263592141e-01
8.264141536709015412e-01
8.955367710608366227e-01
9.523903463143372772e-01
1.175478334045428452e+00
1.083208473107332592e+00
9.594098150074688025e-01
8.089223143214511191e-01
1.036000726678935280e+00
9.391617524574338294e-01
9.320688203388951543e-01
9.980970742030279563e-01
1.083105231589590156e+00
1.125709771420432936e+00
1.076783805890710655e+00
1.075038132971926297e+00
9.797012787178690507e-01
1.003682003171770143e+00
9.690726350720257898e-01
1.078398399590561940e+00
1.019573671752528332e+00
9.909626475096031673e-01
9.649584362108343250e-01
8.513312341823545681e-01
9.421399146897482257e-01
1.070705953570590729e+00
1.184354905510312417e+00
9.942794647113770701e-01
1.094388014959574607e+00
9.070724887698196071e-01
8.807036663153775535e-01
1.134403272795731610e+00
8.639167426946559036e-01
8.674954993723426044e-01
1.038694084571057941e+00
1.005073107698291279e+00
8.426170327572390928e-01
1.025568615114407445e+00
9.789759745149668735e-01
9.619396334984442465e-01
8.887870652005394057e-01
8.104302663856521871e-01
8.532322719343523598e-01
1.090971033752901942e+00
9.606749416186144419e-01
1.084080103274834617e+00
9.864970801415013923e-01
1.145896063137990417e+00
9.810924570900616537e-01
8.612604906786323067e-01
1.079542731280156875e+00
9.088719452552634914e-01
1.047908949386024302e+00
1.089545130992404021e+00
1.131755678768250561e+00
9.575259572120207174e-01
9.254388531985550115e-01
1.140512692768989478e+00
1.130684207263171315e+00
9.368291804492150376e-01
1.061581231399198577e+00
8.979616779388192027e-01
1.122141159743135885e+00
1.180576537356560651e+00
8.518078408019883474e-01
1.203072479588709998e+00
9.336074450518582202e-01
1.063093627011830078e+00
9.550068120186311349e-01
9.791966201811347359e-01
1.123786487675781931e+00
1.148821713448114235e+00
8.311105641341591799e-01
8.618652692049100228e-01
8.386434388897456849e-01
9.160901858178336354e-01
8.006061742443630891e-01
1.165505794056412858e+00
8.998486353606027777e-01
8.302642225015679500e-01
1.062657231468988606e+00
1.031624910962612773e+00
1.087778279689941119e+00
1.036723298643565494e+00
1.124933976497843213e+00
1.171048828665285813e+00
8.762894385470307856e-01
8.069678604993145710e-01
1.090551641090004464e+00
1.027287044246679715e+00
9.143153579801077679e-01
9.809391415468768916e-01
9.031329611726548467e-01
8.179441946860095403e-01
9.648087861693527278e-01
9.994399038801713431e-01
9.318758945606103739e-01
1.088507292356055256e+00
1.068035716489623033e+00
8.510210485348693732e-01
1.014943559977949272e+00
9.433912864222776529e-01
1.013436161332869068e+00
1.048515973470024454e+00
1.056345417471500792e+00
8.761733511133251717e-01
8.837969577992256243e-01
1.058685132189455036e+00
8.754905009642991454e-01
1.010295302707578724e+00
9.468575428460007659e-01
9.281420309850207939e-01
9.537884736201275304e-01
1.006158601911069983e+00
1.129926392147697856e+00
1.004924282884017028e+00
1.008277760742676055e+00
9.258808905991431359e-01
1.120832116100458853e+00
1.095704260607590852e+00
9.013794329850701725e-01
1.192318750503906122e+00
1.121341609720314159e+00
1.018882936744505807e+00
1.051054927673295225e+00
1.062707668851506693e+00
9.499473711913791751e-01
9.309502316046383008e-01
9.464957767574837533e-01
1.012388149007554805e+00
1.001467846190164046e+00
1.164898717650634907e+00
9.210984561222681499e-01
9.865810517469689733e-01
9.687957638238360314e-01
1.007985551929102108e+00
9.720391508921402135e-01
9.869972218387731422e-01
9.978859338277855651e-01
1.099536116794690876e+00
1.041490090542374070e+00
8.276316297211261386e-01
8.102178676975050342e-01
9.465200097610451113e-01
1.021015907515350651e+00
8.893087780042615575e-01
1.128553531897697138e+00
7.884444118398290513e-01
8.133802198367063863e-01
9.025476966722123517e-01
8.615097009651360160e-01
1.108896092566381997e+00
9.030496958724085754e-01
1.019760142325549790e+00
1.228267589829482143e+00
1.050783746908858785e+00
9.158330738130735504e-01
9.784207883852322762e-01
1.079120631788052398e+00
9.922602063204551959e-01
1.021019873914236431e+00
1.151503498705483297e+00
1.105039522590297585e+00
9.783811547016061372e-01
9.939325843714086339e-01
1.141572280691466323e+00
9.925743292098270221e-01
1.093355195742985453e+00
9.622150533012137075e-01
1.163615309170565881e+00
1.077358955489120307e+00
9.772604553689026030e-01
9.107983215154709100e-01
1.235248067551979023e+00
9.948824808080072302e-01
1.163138357061898720e+00
1.086668086247046361e+00
1.031446060009817423e+00
9.165327957916298285e-01
1.081240782181748905e+00
8.145468011670911057e-01
9.964854268729937958e-01
1.200748904467888734e+00
8.302563913187273048e-01
8.683484808963530810e-01
8.362009128656221479e-01
1.052158327857847908e+00
8.956335248016225048e-01
8.664422756986254193e-01
1.031437569330510229e+00
1.171387168575528825e+00
9.131028557555020964e-01
9.535621605316026983e-01
9.349471763348831121e-01
1.033797106014395339e+00
1.206848581491920536e+00
8.250925590560370670e-01
1.067095322970358362e+00
9.401640496315537554e-01
1.129453928747260250e+00
1.021774605154270210e+00
9.668566056395582198e-01
1.050892873226199509e+00
1.027323591132847325e+00
8.988711358675463003e-01
8.801296941800926810e-01
9.937824143866882398e-01
8.326526247361889510e-01
7.754393720576930882e-01
8.089190478854841881e-01
9.250087969583415948e-01
9.103288792986172773e-01
8.561060757820868616e-01
1.033903711578159967e+00
9.984315777099836975e-01
1.015257656637166273e+00
8.507213783700043885e-01
9.136052125082220199e-01
8.783645536339230731e-01
1.028273816971050580e+00
8.627715985044215330e-01
1.054127101149392898e+00
1.070329309715028820e+00
1.021702713686102104e+00
8.004260786983812270e-01
1.002173530777122901e+00
1.118312085232098685e+00
1.075126854545363608e+00
9.178345042109583574e-01
8.064341625913182821e-01
1.108931727296261105e+00
8.685142457672323513e-01
1.212626541776959055e+00
1.055693386924886790e+00
8.704615520957976749e-01
7.870864206162290211e-01
9.687229862994943819e-01
9.718085747800837559e-01
1.186287297248585615e+00
8.165424150018478766e-01
1.003482932576639008e+00
9.059968779778360126e-01
8.892622189200266591e-01
1.035662706204815819e+00
8.256738486758266049e-01
1.003788367431176720e+00
1.152468421206503058e+00
1.039564750399671889e+00
1.095863852542221961e+00
1.020073098091347719e+00
1.190853710923124087e+00
1.027424385956469344e+00
1.066683467659954587e+00
8.460046790060480326e-01
1.080164183246955956e+00
8.555906712867196173e-01
1.170357761416804587e+00
7.903096156813380624e-01
7.984688306262597290e-01
1.104933904163049041e+00
9.239660491838206369e-01
1.060860555363533964e+00
8.638632929578807795e-01
9.691639249031315240e-01
1.173219660858372038e+00
9.382808460242283433e-01
9.426164558095154744e-01
8.319595852017493964e-01
8.641202805470683534e-01
9.671941790426132890e-01
8.599178044578024149e-01
9.997509762003617961e-01
8.554274492736776425e-01
1.086798218227440715e+00
7.722105497400069130e-01
9.133335381897936811e-01
8.636448415113606725e-01
9.343503233163635846e-01
9.338621048770108235e-01
1.196360834837257414e+00
1.165812477273074244e+00
1.155851891758278516e+00
8.799509042879742893e-01
1.047482551057394184e+00
9.254369445717212095e-01
9.684756151308555605e-01
9.283048445632824386e-01
1.002386567113536131e+00
9.750809937212246981e-01
1.212906522956856969e+00
1.113819415391416046e+00
9.221174708401600473e-01
1.011772310423499022e+00
9.233225842414989337e-01
1.115308177516453947e+00
8.304162356144302315e-01
9.887550356689989162e-01
1.075646580392506602e+00
1.018018362924543396e+00
8.892651933390629537e-01
9.775807305145759463e-01
1.000027919136904808e+00
9.667198139443564653e-01
9.082243499910240825e-01
1.007394147438926524e+00
9.493200451912032767e-01
1.133353797143432651e+00
9.629645857323385627e-01
9.051586390024832784e-01
1.195258711345528635e+00
9.545552413551650073e-01
1.037102056515615045e+00
9.195238262569359611e-01
1.148336294852810857e+00
9.687770835225271160e-01
8.412635238008330241e-01
1.182578441461196617e+00
1.054949162516696681e+00
1.020017870646146907e+00
1.135834861023418352e+00
1.089995626130815243e+00
1.013449767825929770e+00
9.261197102770011291e-01
1.209587008205390779e+00
8.990619379510770282e-01
1.127479937402602328e+00
9.159991508360122436e-01
1.107382057990285329e+00
1.012987319544673026e+00
1.117998950001787728e+00
1.112378558310505028e+00
8.467684594544013787e-01
9.660022439891324808e-01
1.191085946235948878e+00
7.973990170484769324e-01
1.084980603802631727e+00
9.017647980770586713e-01
1.076127809420822867e+00
8.316546084948102102e-01
1.150136683882862609e+00
9.870746098508624833e-01
9.154119465427894564e-01
8.256123739388135929e-01
1.019979333989605053e+00
9.539602249352738816e-01
8.551548434048561464e-01
9.791277963439151133e-01
9.768789158296153907e-01
1.033689895371810330e+00
8.136287846932623857e-01
9.251553936438432491e-01
1.125360047256509510e+00
8.906800708977655745e-01
8.343377223677470589e-01
8.856300920194766224e-01
1.087044712581196171e+00
8.177902583557261629e-01
1.099622401855014919e+00
1.014551079610027440e+00
1.082093734617657121e+00
9.365841878476415250e-01
1.039906466027240128e+00
1.015421410801150115e+00
7.835016713687831258e-01
1.095187750871761789e+00
1.081360915609299811e+00
1.011165463156688649e+00
9.972832523532119131e-01
9.438899821581555605e-01
9.507128270827223115e-01
9.374511639746561098e-01
1.050578880181253005e+00
1.116669024578228697e+00
8.700710626264539505e-01
1.010362003241727091e+00
9.042623072721520661e-01
1.048543678790590405e+00
8.556679711378062381e-01
1.060710193452033323e+00
8.187668160236352133e-01
8.560727205665970008e-01
1.031666050754001196e+00
1.010793550052371037e+00
1.097618740151574457e+00
8.739694648608241634e-01
9.644912170400061768e-01
8.940706108870788427e-01
1.019211198490366010e+00
8.483358239859146721e-01
1.073753978620672678e+00
8.923105340821171350e-01
1.034063365147493530e+00
9.415297155725276257e-01
9.895059698897719080e-01
7.947472601087970379e-01
1.101403863238407776e+00
9.916112659901279436e-01
8.835469281802434960e-01
9.004695309329306951e-01
9.509121653333965085e-01
9.089595969418577948e-01
9.188955214217693346e-01
1.116827916568591927e+00
9.567334790392176824e-01
1.076450345583398471e+00
9.624713770127734103e-01
9.834447905500056653e-01
9.635435591763855667e-01
9.669987087412170723e-01
1.086771770915942126e+00
8.683816925836107536e-01
9.461961260279796448e-01
9.264694483491879851e-01
9.511349652393370491e-01
8.572892154261979591e-01
9.739602715746681350e-01
9.033717694562221068e-01
8.528197204427825362e-01
9.181386575481579326e-01
1.016509229201166820e+00
1.041828401772853852e+00
1.070033723819012073e+00
1.097544391110390816e+00
8.788578933881915356e-01
8.893603256383100231e-01
1.164936821718221438e+00
1.148190417926539864e+00
9.363039871257422542e-01
1.067852143226358352e+00
1.082884357022575905e+00
1.108884548997072006e+00
9.862999835563563966e-01
1.177921152291456997e+00
9.926612499998765937e-01
1.139987372698634482e+00
9.430694166204718343e-01
1.158183313227473699e+00
9.936700255606235599e-01
1.163390758090016019e+00
1.115730530076629812e+00
1.048809915341655685e+00
9.109802257309513873e-01
7.920930912249835032e-01
9.469029861146235350e-01
8.989326066697134188e-01
8.725336704504776941e-01
1.121147873035670095e+00
1.046683182108851140e+00
1.155710271567978786e+00
1.065112758807113424e+00
1.050690444686428027e+00
1.035610905309662488e+00
9.883006312572912844e-01
9.487848760396153658e-01
9.296356676179142742e-01
1.022219616835186029e+00
9.492173747267760309e-01
8.071786261773098436e-01
8.934766959826598853e-01
1.185020692344997739e+00
1.142526470904317915e+00
1.046741497430758949e+00
1.014962939055728430e+00
1.017705503758751462e+00
1.079900302914413857e+00
9.987475369138973935e-01
9.060503614324697530e-01
1.051065570753229705e+00
9.448027324278645001e-01
8.695014940314730323e-01
9.635852015192876152e-01
1.048167707235415191e+00
1.153508101199820501e+00
1.123344552660693996e+00
1.037039349177386605e+00
1.126217983561692559e+00
1.037256264558814589e+00
8.033651424612848757e-01
9.539500349578675653e-01
1.133630773367145572e+00
1.095834454781205336e+00
1.137884250292189314e+00
8.453106006822406204e-01
9.399370108976987659e-01
9.886892844049218754e-01
8.198383404158993137e-01
1.058110434359430085e+00
1.025607287855051952e+00
8.427968522758810810e-01
8.711137338821522969e-01
9.672934180855414787e-01
1.072345625635537925e+00
1.064314701025099508e+00
9.356902041123698055e-01
1.216505629430428614e+00
8.698935916700688553e-01
1.102466302990767311e+00
9.044755269604645154e-01
9.009107971061574016e-01
9.369753893362058328e-01
1.092105929419242116e+00
1.055689986439207084e+00
1.097505628618719253e+00
1.114508553776791810e+00
7.987603827979119497e-01
9.006719215327763095e-01
9.931490670443274826e-01
1.196302449606023721e+00
1.184902960569859109e+00
1.055030723548940452e+00
9.876660587335219788e-01
8.688478262134521346e-01
8.637796809503940354e-01
1.076050296195437239e+00
1.145006078499778202e+00
9.885944970380984298e-01
1.160942530159510655e+00
9.302228616502008496e-01
1.027273458931194039e+00
9.210229012638265766e-01
9.440286112412081820e-01
1.049190153146734028e+00
1.001741039686678381e+00
8.458848602696235064e-01
9.056569910337628482e-01
1.026121344571873095e+00
8.474182674474086685e-01
9.100507923856716586e-01
1.097032879213199141e+00
8.068716509590395658e-01
9.660067879437146399e-01
9.248454805156676173e-01
1.089205684663539841e+00
8.818139314917302629e-01
9.637993353738076863e-01
9.221566250197781311e-01
1.012222320316550350e+00
9.267501996579136092e-01
8.722491875380221638e-01
1.015862562408272440e+00
8.959393775276759397e-01
9.215621701145970679e-01
9.067236257092734508e-01
1.105729498974205027e+00
1.163662733997558041e+00
1.045920044323124465e+00
1.037335307494468450e+00
1.035146003967359229e+00
1.032461914604928976e+00
7.848452240247234535e-01
1.222475512729751745e+00
8.230223681002999392e-01
8.829069289841444679e-01
9.215967142704031279e-01
1.098366975265896439e+00
