1.064044507169830789e+00
9.492465801302601980e-01
1.030417401561939617e+00
1.077086506009159450e+00
9.036004258248373500e-01
9.539531727399865879e-01
9.550217692592297691e-01
1.000744715006830043e+00
9.290276374378720892e-01
1.060809764638760200e+00
1.030068926841023913e+00
7.865967708705452477e-01
1.064769354759198539e+00
1.084335987887848463e+00
1.015298483290833165e+00
1.089248247309040796e+00
9.389975627251581081e-01
8.081939996015496952e-01
8.296163114434409458e-01
7.718118336425368042e-01
9.612590415415873668e-01
9.899269225156471785e-01
1.069045088358719253e+00
1.080989279224844113e+00
9.369005288180147772e-01
1.160603735007038395e+00
9.051268991672787312e-01
1.062056484448966831e+00
9.110511957957758700e-01
1.074012863695648301e+00
1.192589885746511813e+00
1.091280376887312276e+00
9.470846799727752341e-01
1.049971766568925435e+00
1.201035592120475837e+00
1.151504504383866312e+00
8.410813892938420189e-01
8.884732356916628104e-01
9.663842814150473970e-01
8.289359737802644013e-01
1.003894423992782725e+00
9.076099469199390146e-01
1.175041417258048559e+00
1.115954311467366677e+00
1.131791331368431797e+00
9.919537298021843252e-01
1.020031951398533643e+00
1.038802153519525762e+00
1.041242962535245509e+00
8.546004789207918284e-01
8.834950631187796777e-01
9.961850862300655196e-01
1.148064084778722016e+00
1.084325126839826847e+00
1.017438000700261469e+00
1.077523400823780175e+00
1.183892488666333564e+00
1.085792804282016855e+00
9.425268030708320310e-01
1.039885280741531748e+00
9.036933579604740086e-01
1.184433680710665238e+00
8.897063862038679938e-01
1.209795835160040856e+00
1.034530341083288230e+00
1.047212685792536568e+00
1.004443910138184126e+00
8.455776342389176303e-01
1.203816508568918531e+00
8.601723276020443176e-01
8.644568089680124690e-01
1.092675029701963396e+00
9.077547511668415670e-01
1.013185650071121380e+00
8.053025012291029627e-01
1.008261571023548742e+00
1.080871974421978798e+00
1.117953615275446566e+00
8.804778253330689530e-01
1.203327886737033392e+00
1.012272957948142205e+00
9.586363380936711032e-01
9.681823879157900326e-01
9.638908421603262777e-01
1.047597223498911490e+00
1.094734390662245982e+00
1.083561348953412384e+00
1.126171250505799248e+00
1.013456845595591016e+00
1.105635619888478471e+00
1.168865392231127842e+00
9.255296812836130149e-01
1.106956610316560230e+00
1.070844778411911058e+00
9.762544237341936881e-01
9.719676468797603386e-01
1.053572044793208873e+00
1.000824156891752637e+00
1.019191410365677175e+00
1.037870675457807756e+00
1.141964523740578663e+00
8.589117896326747825e-01
9.234899260878832727e-01
1.157297888701118493e+00
9.915683315400733999e-01
1.034906134637454622e+00
8.886443329354866139e-01
1.195649256580537667e+00
9.496748604561251472e-01
1.077712571677628350e+00
9.431691146838991902e-01
1.044842647202837593e+00
1.167019996185252095e+00
1.053097580224105823e+00
8.861267145349696062e-01
1.103900370507038708e+00
1.121836195681109150e+00
1.053162773549359166e+00
1.206703359904487183e+00
1.177662487328729801e+00
1.160709859083628448e+00
1.052651446571518434e+00
1.065867382669379193e+00
9.196465928454263805e-01
9.303775693833662430e-01
8.600947471032895919e-01
8.885994502605290002e-01
9.473001964476392978e-01
1.218132761812158682e+00
1.003280969123711230e+00
1.110506550093899758e+00
8.773715963082324709e-01
1.010931173069379296e+00
1.177663993214844274e+00
8.928472726611487165e-01
9.210948882284875072e-01
8.574606010880340135e-01
8.422827510760559910e-01
9.324238453538086224e-01
1.060250221286156869e+00
9.353561311939312395e-01
9.865198543955224775e-01
9.168536322373195269e-01
1.090678643155823746e+00
1.049569079463553933e+00
9.556734207303463347e-01
9.928655945782320913e-01
1.038342122255786926e+00
8.271137109187984837e-01
1.047912925980423182e+00
1.048422121571961130e+00
8.666629078684854326e-01
9.715699800232744376e-01
7.953864896139977159e-01
9.544018149307285093e-01
1.063612051519548629e+00
9.515752538694471907e-01
1.114145717486516141e+00
1.056359489099109927e+00
1.051492931543030585e+00
8.995485730189358708e-01
1.149609106020728744e+00
9.193524018923133756e-01
1.128460985019572593e+00
1.081797383596263540e+00
8.669959545397687428e-01
1.106117009770593462e+00
9.557213015001191359e-01
1.083912090542352269e+00
1.152379689624823067e+00
1.164429836719311773e+00
9.068878302919729517e-01
1.043701551709690589e+00
8.799938972422551853e-01
1.071159055118636960e+00
1.193739161027797646e+00
1.058357258199410511e+00
1.028576714261288938e+00
9.663319544992587939e-01
1.084338995940282491e+00
1.026629346347985861e+00
9.512934688066662092e-01
9.759887458231968349e-01
8.921002751926692120e-01
8.793028842465950845e-01
9.600581178267323379e-01
1.059379195707829791e+00
1.111937773430573762e+00
8.828791547651377858e-01
1.043094476711558638e+00
1.110636138163681341e+00
9.137805820878794894e-01
1.217877786476366131e+00
9.201660669182409880e-01
1.058957353614226049e+00
9.610311632070609456e-01
1.164787024526210191e+00
9.462944529765071611e-01
9.362457254522910111e-01
9.732313555646343595e-01
9.927373343300232023e-01
1.071669082860874145e+00
9.708315921964316697e-01
8.877623243456065349e-01
1.038000300452587954e+00
1.229999390019500760e+00
8.754257669348946003e-01
1.084204237675119309e+00
7.906374515940994829e-01
9.637469489964451963e-01
1.010738699947497432e+00
1.103929124721259480e+00
1.019217142957036915e+00
1.124012167221575709e+00
1.158422674635609217e+00
8.992245848460054258e-01
8.810566144280327361e-01
9.925882412689683854e-01
9.466163959730699018e-01
1.027938715076497367e+00
8.135755254997847352e-01
1.106531163781762306e+00
9.769942676686990124e-01
8.029377496577557727e-01
1.041650677042582851e+00
1.090341552986837437e+00
1.095141604946127778e+00
1.015662696555895028e+00
8.580686285540169989e-01
1.095275668035524230e+00
1.035164194462019571e+00
9.985016744010133394e-01
9.554255502373534270e-01
9.389356718950736536e-01
1.114013093111883901e+00
8.421552783535340980e-01
9.443430342576849545e-01
9.687009692478067979e-01
9.094689359692083030e-01
1.041480109639030038e+00
8.714734830871542215e-01
1.149479570166648479e+00
1.019785740943005337e+00
8.048048380664429846e-01
1.140001178352616273e+00
1.052674596308275312e+00
9.520638417276354737e-01
8.438834380590635176e-01
9.708706280886664208e-01
9.022358152771703388e-01
1.095788502908752626e+00
9.978979401647355418e-01
1.073279707284161555e+00
1.126450742398950045e+00
9.957717402878958346e-01
1.039325405070972597e+00
1.101816267700564289e+00
1.084638755631882390e+00
9.912530791228639782e-01
1.019172602680064044e+00
1.050989915992477819e+00
1.006927462669054973e+00
9.258363458813363422e-01
1.159518785021250054e+00
9.080670650306448266e-01
1.191920331276959288e+00
1.040769867798498893e+00
1.084177723864202969e+00
1.071739947756455535e+00
9.721034797474685796e-01
1.073327294811551091e+00
8.817445042278522216e-01
9.583451452711403418e-01
8.473437262633543021e-01
9.586462238491677557e-01
1.025479455672904772e+00
8.117375732986493730e-01
1.033862976654482901e+00
9.966470071563223732e-01
9.224179584044750468e-01
1.087967962415022027e+00
1.022023107567771483e+00
8.070789658580423964e-01
1.091613617299176386e+00
1.015451898276387377e+00
9.817549824488422949e-01
1.051673553012658635e+00
9.795615965233639422e-01
1.202806788917426983e+00
8.519116994502586859e-01
1.022594063418126975e+00
8.075170454079860782e-01
9.311075739593301925e-01
9.682960860674361125e-01
1.042844689839406147e+00
1.105292083286849802e+00
1.073384378296915020e+00
1.040370292625633297e+00
1.057546242370871470e+00
9.028929998397949852e-01
1.035523264404146992e+00
1.043377089203769481e+00
9.852140094103811752e-01
9.294334560621653196e-01
1.065069072804608385e+00
1.020041447544909108e+00
1.027092738755135848e+00
8.882373939264978091e-01
9.700647117485703408e-01
1.103754276986083971e+00
1.129394150999530888e+00
1.037829937881842524e+00
9.737720130898962489e-01
1.147158043041476283e+00
9.556445048586692526e-01
1.098045696972811180e+00
1.123366326678449267e+00
8.619105770341346506e-01
9.548224390060415789e-01
1.088971761367072633e+00
1.114825359322268561e+00
1.215905397155304435e+00
1.089389163334712807e+00
9.597378928668394149e-01
8.076464532311178335e-01
9.707474436516210226e-01
9.788883142953248573e-01
1.105109766677405680e+00
9.333678669261766814e-01
9.833649817257639203e-01
1.026650143377073832e+00
1.005014841985386154e+00
1.082917601792825701e+00
9.863154614311532287e-01
1.045936587203226242e+00
9.665107356031272801e-01
9.683589660943183741e-01
8.701758827875245572e-01
1.046753961962910262e+00
1.016138731435391129e+00
8.424108940835597359e-01
1.179723907996415244e+00
1.127713533922302558e+00
1.050434295385277439e+00
1.012085052324928514e+00
9.462727938774483372e-01
9.776255757347620534e-01
1.156205558367022324e+00
1.000099730914506768e+00
1.027465392025529445e+00
8.786575612212041975e-01
1.143586979095056355e+00
1.144204235745119425e+00
1.087792988879374256e+00
8.438178830454861057e-01
1.022044702429164342e+00
1.152054615412114957e+00
1.095522193724570936e+00
8.471774245015617488e-01
1.077285542343633828e+00
1.086095248048223549e+00
1.039037492035443488e+00
9.393549112959798109e-01
8.876958073184539888e-01
1.152892687889139900e+00
8.379339577803908146e-01
8.722161743346699136e-01
1.177274455822268528e+00
1.047791610466145329e+00
1.076411036031550195e+00
9.069838654140530698e-01
8.869126142817513880e-01
1.148125221738653723e+00
9.859969131698477218e-01
1.084576849120132858e+00
9.645145850549182720e-01
9.507150206272794168e-01
9.603002927419936885e-01
1.147752252404113271e+00
9.716621845008441838e-01
1.157671901193389807e+00
8.694867801574605037e-01
9.760298936821549809e-01
1.076929707954821014e+00
9.229652506782121124e-01
9.955946046513832748e-01
9.271377212136437951e-01
9.777446758339339850e-01
1.122753049817068582e+00
1.082285406571440678e+00
1.224524862841960937e+00
8.673586583884580481e-01
1.102836721331304171e+00
1.016864518702352393e+00
1.072902901545507159e+00
1.063252858437004233e+00
8.821070822481706930e-01
1.162930431132116249e+00
1.006010042528260540e+00
1.049316275464466042e+00
9.532916255117320770e-01
1.064562689034790122e+00
9.990267466214093339e-01
9.659212926991522785e-01
1.026020119969150990e+00
1.034735358285547191e+00
8.605357461235112471e-01
9.031133343100318234e-01
8.407493426407178783e-01
1.069172925499385363e+00
1.118066980617378192e+00
1.003021631557484028e+00
1.037588709866384296e+00
1.090517867962349063e+00
9.603819559807694750e-01
8.878412366195074235e-01
1.142737809448637121e+00
9.683914900880233878e-01
1.118020624766226989e+00
1.046349221380722394e+00
1.006013632426303372e+00
1.118089320524077612e+00
1.140268348365045759e+00
1.096437563175488128e+00
9.108268285290126443e-01
9.369324068277948836e-01
8.781158283361401029e-01
9.526754722457733138e-01
9.428577224422262093e-01
8.289451694127877301e-01
9.744965981364426266e-01
1.137384201420052809e+00
1.014995915388315684e+00
1.181166379141943779e+00
9.850400638735961056e-01
1.007472059967193356e+00
1.146818919805421721e+00
1.092933961512794649e+00
1.038992452638320296e+00
1.065381457621733308e+00
1.122527756486683792e+00
1.073791695305591487e+00
7.786330815166774277e-01
8.413853900456422785e-01
1.144291994328649809e+00
1.045625907190500747e+00
9.323412265922279563e-01
9.767870705022476674e-01
9.990901756012036117e-01
1.066658949427631065e+00
9.792168170157493634e-01
8.866189288470451846e-01
9.902451775404563783e-01
1.157495812941474078e+00
9.534250557137231574e-01
8.281662216795671050e-01
9.886488977460690109e-01
1.161528222469455862e+00
9.868126898040492367e-01
1.020216252561020553e+00
1.028886894259839702e+00
9.422272074755646543e-01
9.844203461811997791e-01
9.509065258018869482e-01
1.019279498051905763e+00
9.736702360790729927e-01
9.499421055047561069e-01
9.631183771324831611e-01
1.059778713367324210e+00
1.133232012702342306e+00
1.080077672503885644e+00
9.975215342528581663e-01
1.126952676218261340e+00
8.931272306143922535e-01
1.082198869817213360e+00
1.065253980920095600e+00
9.176086379010747196e-01
9.684067135642506763e-01
1.139834994590457562e+00
1.025677564082779547e+00
1.112071590732093496e+00
1.056281789022665452e+00
1.016499047413985890e+00
1.060385745429507143e+00
1.000016441163761760e+00
1.187197168492162280e+00
1.020658215977293892e+00
9.429078224380298412e-01
1.141357763254710722e+00
8.817725315581246281e-01
8.473772712600471380e-01
9.249399977287948715e-01
9.052166986909226942e-01
9.508475989283311502e-01
1.083246213733026098e+00
9.359989717937438058e-01
1.036435416702741863e+00
9.731067401971731368e-01
1.004698793688956648e+00
8.668008339400143925e-01
8.925600480115192248e-01
9.096384532134875744e-01
1.008184250219546829e+00
9.592500753623010024e-01
1.051022048195173308e+00
1.115476302434809330e+00
9.082713065641790928e-01
1.050090882931778102e+00
9.948369907393719291e-01
9.856685085922383127e-01
1.188271430153825303e+00
8.427907665324695374e-01
1.027475584352103066e+00
1.153344880996997945e+00
1.143979754226622569e+00
9.913885495059601149e-01
1.126478003206769829e+00
1.114874323667251144e+00
9.672661372674198343e-01
9.534223483417345602e-01
9.861164824690160646e-01
9.625083205867843716e-01
1.123994969635711438e+00
1.046891083851472004e+00
1.129445476486405919e+00
1.036573799542720442e+00
8.235281188938552432e-01
1.011675879160746305e+00
9.727573585490335573e-01
1.073974882623879523e+00
9.997745490226429554e-01
9.442462052515918636e-01
9.001729578517634334e-01
9.708721594298382884e-01
9.931418724700165068e-01
8.130257218727023893e-01
9.805979872515526719e-01
1.071228251975344437e+00
1.107945271545122568e+00
9.940202843213503670e-01
1.058114192257017194e+00
9.065346345840583631e-01
9.452997788978209082e-01
8.942216374823095393e-01
1.108238478896529600e+00
1.018231084020312371e+00
8.445298040487905222e-01
1.062593160580884710e+00
1.011487264642654038e+00
1.030091534997845004e+00
1.118238546706932457e+00
8.025935780389621410e-01
1.210557672537061480e+00
1.046899647060776983e+00
1.037854740188849600e+00
1.038512572365900333e+00
9.812918051410529641e-01
9.945571487351483331e-01
9.962184920573224911e-01
1.172539051139868560e+00
8.576282207616755526e-01
9.627436857706433981e-01
1.017028946883981044e+00
1.035445535439292630e+00
1.140953873828893794e+00
9.092492313058091469e-01
7.875504082694264607e-01
