9.489534450845580338e-01
1.216488260390807596e+00
8.994581704791908550e-01
9.216547325406265756e-01
1.038453434522300878e+00
9.641810132009815959e-01
1.027122068797134080e+00
8.806589665550005330e-01
9.624511325248166216e-01
8.635441733635003114e-01
1.087838613833423063e+00
8.905961910559507810e-01
1.041731941995443833e+00
1.194891992612299614e+00
1.115063241634802971e+00
1.008050066076492612e+00
9.427136165636267329e-01
1.042513103882867442e+00
9.775723352947942590e-01
1.148600139258138864e+00
8.019155740123022902e-01
8.643505196697746085e-01
9.762812374096656587e-01
9.979219152079379374e-01
1.155373396258226215e+00
8.268217159485010681e-01
8.055393985205121510e-01
1.134347395503110256e+00
8.899871604157616467e-01
1.163887737143442180e+00
9.766649842753885036e-01
8.668174784805990907e-01
1.192500751874291831e+00
1.075585969506049233e+00
9.640600320468412088e-01
9.072544495704779610e-01
9.682303516022512380e-01
1.089896203625521753e+00
1.128702839963181326e+00
8.942957058749009258e-01
8.697255472194709292e-01
1.088053132234999776e+00
1.034596991726328463e+00
1.003256382459813301e+00
9.663728937078925885e-01
9.953841170471213751e-01
1.106122976034246363e+00
9.978848627325779264e-01
9.718588220880650663e-01
9.994737739193664261e-01
1.121984613743768344e+00
8.654854699370913007e-01
8.947466662848394536e-01
9.744080959581664647e-01
9.505183281831255382e-01
9.079872604538096192e-01
1.008644330007256062e+00
1.098709652675822657e+00
9.362183491523107248e-01
1.025105817082919035e+00
9.750088851443745597e-01
9.985732851372568497e-01
1.131864819050018900e+00
9.832618999709721308e-01
9.975670694028437868e-01
8.739864135171078185e-01
1.116665743914393882e+00
9.010213045402074572e-01
9.381874391022453352e-01
1.047085246181716389e+00
1.006394889194998310e+00
9.844800163338537358e-01
1.011349728798162317e+00
1.065918439297273146e+00
9.750751160051709387e-01
1.177727817279312417e+00
1.147583939259144925e+00
1.019283296900040714e+00
9.061634835317091685e-01
1.112571772049480101e+00
1.013525057348569458e+00
1.029177709807323815e+00
9.307855913150742122e-01
1.079386506583310590e+00
1.077996392192877240e+00
1.012167420984925847e+00
9.141439918541427456e-01
9.453927679882994095e-01
1.192131166493178851e+00
9.334932268073710127e-01
9.833439861122704739e-01
9.147551876859171260e-01
1.076180441511314090e+00
1.067932412813545451e+00
1.151034703882630517e+00
1.002744270771230184e+00
9.737280255907234672e-01
9.432950171361809133e-01
1.163155688542642840e+00
8.439558056722011870e-01
1.091856887062176540e+00
9.843284587289888865e-01
9.998855524833896169e-01
1.082605842010433417e+00
1.036502295789408112e+00
9.933641307690155298e-01
1.057673551883736129e+00
1.017707550885221135e+00
1.008135091833352925e+00
1.074420992656920371e+00
9.187320493587542991e-01
9.651792721014800236e-01
9.681249159561029494e-01
1.162018204250628406e+00
1.127624310446369904e+00
9.098343211609344339e-01
1.087439069085474941e+00
9.593354381918222096e-01
1.009853722681627985e+00
7.899849382000523335e-01
9.678369167079887703e-01
1.029364940210076629e+00
1.062421373275147518e+00
9.545394796394320869e-01
1.101728316701474863e+00
9.088310337349926327e-01
8.760237351562831787e-01
9.523522291795647465e-01
8.912596560525822831e-01
1.055645578103659998e+00
9.078008813398592558e-01
1.100906608549654830e+00
1.165931355929646251e+00
8.108344413927983663e-01
9.126388415857765724e-01
1.175568621826691418e+00
9.338240512314961439e-01
9.019566965619109089e-01
1.081193587817955493e+00
1.072506685447065067e+00
1.180242666827151954e+00
8.854263371742270294e-01
8.808380700121110074e-01
9.830376140444629929e-01
1.093544643669398742e+00
1.037069888644651883e+00
1.082505567888474740e+00
8.831727418341759339e-01
8.442270188452203339e-01
9.464065395651535262e-01
9.109554183440207176e-01
1.032899602925188898e+00
1.142431052790317869e+00
9.427803570130250943e-01
1.114509384676936721e+00
1.128785334393905826e+00
1.060314412599981493e+00
1.128018804946574694e+00
1.065511962177685179e+00
9.981312416921512831e-01
9.752338755967365769e-01
1.043925041181247293e+00
1.080606108583522795e+00
1.063821699829908596e+00
9.677619208960530628e-01
1.008168450219257162e+00
8.390661394453993172e-01
1.099599721574390010e+00
9.502859102657404966e-01
8.910903992796790352e-01
1.035914298384291499e+00
1.122677148942697212e+00
1.071452433004239868e+00
9.195181901905731259e-01
9.392250617083486297e-01
9.274151807648649548e-01
9.961223342164793326e-01
1.143384974774297902e+00
1.166779738709319947e+00
8.250891666066622054e-01
1.128051951857037549e+00
9.427432071419343806e-01
8.405740322206882720e-01
1.016528870935051065e+00
9.035937026706879482e-01
1.060371111842043579e+00
8.031153640652606285e-01
1.156128873076130104e+00
9.202514500119531871e-01
9.598004294111217582e-01
1.110640733275683134e+00
1.097274581690622419e+00
1.100753677202269021e+00
1.095025337100774099e+00
8.264375556142724566e-01
8.505645397800285501e-01
1.097228665054595487e+00
1.079775072563222471e+00
1.065971452828877508e+00
1.117130731761906803e+00
1.143669944864543764e+00
9.591851502039463462e-01
1.167683155675856010e+00
7.988468543575566461e-01
8.911763736199269648e-01
9.280247704124783281e-01
1.211413446370301683e+00
1.039812397912654340e+00
1.032780930204313163e+00
9.596967272733780696e-01
1.041407202030719459e+00
8.593589226584815721e-01
8.676513254437074885e-01
1.006803349342378473e+00
9.397457350032938361e-01
9.450684147713689365e-01
1.047309274519060418e+00
8.015081214329745629e-01
1.007278357084020692e+00
1.071952174592917695e+00
1.145746835727821766e+00
1.172581106881875668e+00
1.041254115086358789e+00
9.641690079924408741e-01
8.936845336950096641e-01
1.051705346492816773e+00
1.003336447339948423e+00
9.895066139355057633e-01
1.112760991572735669e+00
7.991712687326392173e-01
1.183572172312446380e+00
9.172046967582800914e-01
1.082801859219441054e+00
1.177870927106267285e+00
1.089883431515757284e+00
1.118577574499642679e+00
1.113766995690019579e+00
8.395084407944053417e-01
1.126709496154061130e+00
1.115410714970767936e+00
1.002264152471822545e+00
8.728321006213957123e-01
1.125756931349773282e+00
1.070379412829123522e+00
8.336840617355336658e-01
9.321943495764983822e-01
8.235338344471896388e-01
1.233886515155375507e+00
1.179937976972154079e+00
1.143921233907422064e+00
1.052809175253179852e+00
1.182622211248968380e+00
1.034121647031934543e+00
1.113282365881682168e+00
9.963732106975611291e-01
1.020239393533729277e+00
9.559406193806398999e-01
9.355629847783757391e-01
1.212557874137740077e+00
1.124512092662303342e+00
1.004334613360497563e+00
1.058908604359501293e+00
1.001850470760255130e+00
1.042592980801204661e+00
1.045394563184893100e+00
8.848665892853111448e-01
9.428278320843489491e-01
1.087394830831245551e+00
1.082888918146299950e+00
9.883288978599249486e-01
9.086083125752189016e-01
8.686165280526709775e-01
1.024812871137821046e+00
9.150591474267042447e-01
9.215324444536194815e-01
9.733787868493489759e-01
9.644721578766577430e-01
8.270803738883698575e-01
8.458465851353790255e-01
9.743858812235293154e-01
9.939184202580855221e-01
9.018677925233722359e-01
9.750591959884433724e-01
9.655609920143330971e-01
9.761399145197200422e-01
1.105564226884896195e+00
9.833910351743873068e-01
1.037030185844074692e+00
1.051476908109857611e+00
1.072931103980875767e+00
1.074880526998910790e+00
1.047488618358075163e+00
9.063934671984190672e-01
8.041396920184675778e-01
8.713528496854545669e-01
9.787711575018012145e-01
8.935751010377461778e-01
7.907888544602881264e-01
1.151342639895676756e+00
1.004729093460467126e+00
8.568140680686622268e-01
7.617591502789543556e-01
9.744735699071720436e-01
8.659756301631829079e-01
1.058754972184090537e+00
1.056940012730056999e+00
9.883343428085050730e-01
1.031329161531366223e+00
1.057083753698507378e+00
8.891253562076157912e-01
9.003063827292617782e-01
9.211739428311404021e-01
7.906657491979056651e-01
9.178281489589833475e-01
1.017504018745585714e+00
8.673785275468131051e-01
1.003579931132182912e+00
1.062412279342376031e+00
9.358010026964318495e-01
9.393675667378880156e-01
1.017588754976970433e+00
1.148616128061687780e+00
9.068957266445478727e-01
1.201982501024774219e+00
1.101652373910019911e+00
9.363965723086311588e-01
1.098066379012065941e+00
9.738193587223160641e-01
1.068453207891178147e+00
9.079547163748423744e-01
1.085353228721982033e+00
8.739787253515031162e-01
1.047404592540535750e+00
8.168767502473338604e-01
1.113232398256388977e+00
1.133428651251457087e+00
8.631306527283356678e-01
1.098118650294323873e+00
9.687471181353848326e-01
9.509637293770547561e-01
8.706565262573848774e-01
1.160471367776126250e+00
8.369488234157012041e-01
9.456739159736964329e-01
1.060034301673872026e+00
1.148354620286896166e+00
1.078245294817997024e+00
9.250420147896798451e-01
9.965791893417190739e-01
1.026354158086852930e+00
1.114826482142247777e+00
9.197566668223844388e-01
8.349374910041951203e-01
9.498110893521192200e-01
1.012885490684320766e+00
9.872073195875687990e-01
1.184102366928412087e+00
9.589471847871633425e-01
9.446550900917928262e-01
9.905067433528729204e-01
1.205503627698224722e+00
8.413553208467769995e-01
8.646143719442754838e-01
1.024750358007699091e+00
8.877649883222520355e-01
1.079810715303629376e+00
1.013306324096205246e+00
9.980477914254131111e-01
1.063369022432790523e+00
8.644454439982910410e-01
1.129489014116471068e+00
1.030856589501230269e+00
1.153529285597413967e+00
1.008707854371549750e+00
9.119201275722268463e-01
1.109577045245070392e+00
9.517562091928386536e-01
8.550162928351570102e-01
9.343690364376419089e-01
8.738775815191286434e-01
1.130178198807774592e+00
8.759928589066945381e-01
9.889519349835471651e-01
1.008651157160166401e+00
1.223346978077723968e+00
1.174186771259712048e+00
1.062300928073585338e+00
1.108104061474156188e+00
8.229382366876375476e-01
1.008608552275465531e+00
7.784290534677070772e-01
9.184556786238339265e-01
1.026485751640952682e+00
1.083009733418019982e+00
9.941270440574725420e-01
1.107020856311347723e+00
1.019346600341303866e+00
9.778496800471435657e-01
9.342512782675582717e-01
1.148747054329585016e+00
8.693507669643796287e-01
9.205814574842094977e-01
1.043656280722391250e+00
1.199971212580735358e+00
9.935373164189681416e-01
1.004781504487763488e+00
1.023098667065360345e+00
1.159374352187859225e+00
1.015007303728526766e+00
9.114716824260991057e-01
9.962481970809182741e-01
9.200430822916136897e-01
1.217890277454721115e+00
1.098768966433465666e+00
1.091214552802041382e+00
1.047770657179592391e+00
1.031766035454163788e+00
1.099049659260336265e+00
8.471972132991442139e-01
9.160726644303810451e-01
8.994058083633535983e-01
8.912841771378863243e-01
1.194890865617734610e+00
1.134485751057351610e+00
1.145903078959843890e+00
1.018675701857310489e+00
1.096452208249879101e+00
1.130278773032523221e+00
9.309111674287846583e-01
1.182530525266346944e+00
9.646547915923078254e-01
8.761370082440704810e-01
1.154882661485401085e+00
7.983960636235909458e-01
9.560995233869127308e-01
1.166544521453999339e+00
8.404062831444517601e-01
9.202011939354035608e-01
9.519711940834763020e-01
1.022796318110794633e+00
1.048949627443142685e+00
9.638678946389163116e-01
1.070145577349802535e+00
9.160274494400381107e-01
9.685509821343230019e-01
8.439820225465315406e-01
9.209512697255513025e-01
9.719079923309885682e-01
9.566939419614153284e-01
1.101185701267161532e+00
1.029788779911396279e+00
9.983225470183273442e-01
1.019090729412299057e+00
9.478962931699668193e-01
9.531741002038871535e-01
8.547478538483079813e-01
9.214450912956879680e-01
1.002182412798878097e+00
9.129102744503123645e-01
8.863103221159478462e-01
8.870372909179072840e-01
1.233044703721938085e+00
1.004658896336132257e+00
1.008331351351919203e+00
9.019781009513373471e-01
8.221637553339615767e-01
1.080682596943027818e+00
1.095742572382891744e+00
9.921104657438969410e-01
1.120871655148277801e+00
1.079166397118366705e+00
9.465544400285260673e-01
9.060237001787829758e-01
1.021066328945305246e+00
9.434408305599172317e-01
1.053032209784905415e+00
1.056869471548903539e+00
1.099845481033787209e+00
1.035970391371029864e+00
9.518143956511607717e-01
9.525383871340216135e-01
1.133060261274844382e+00
8.884468019526536864e-01
8.472710212979105426e-01
1.159885396557232884e+00
1.021754815132240424e+00
1.214849330770780833e+00
9.012554270329631301e-01
9.151965549573812808e-01
9.624081770056406304e-01
9.619292014644721389e-01
1.057686340145449266e+00
1.078083722225244845e+00
1.110581711793642734e+00
9.527443502180716894e-01
8.598960668353887726e-01
1.001566745373779321e+00
9.869831621761342433e-01
1.028185108007527493e+00
1.018323906869322837e+00
9.469011119386336883e-01
9.895792004937302710e-01
9.664939492713611191e-01
1.034942754778242602e+00
1.056604009101304698e+00
1.011342811059744884e+00
9.700473223610716067e-01
7.877301681765945807e-01
1.192652476498537562e+00
1.016198561853952853e+00
1.033188778937682351e+00
1.093715431624525003e+00
1.094294284761428759e+00
1.025443332738718016e+00
9.395525063754708306e-01
9.201555587846996787e-01
9.471490320552737874e-01
1.075332304086230817e+00
1.067589255862827269e+00
9.682405712882808935e-01
9.624451014240389402e-01
1.218652151931138850e+00
1.090728630699212998e+00
8.777889101734261956e-01
1.002183568918516787e+00
8.965708975795896318e-01
1.160829247217061155e+00
9.529661978054020377e-01
1.095162883758711514e+00
1.043916112690200793e+00
8.535491907910716103e-01
1.031736543345218138e+00
8.719023130647343134e-01
9.916332628208560651e-01
8.987994506649936710e-01
1.042063845359814556e+00
1.109449166988312419e+00
9.597965632713272299e-01
1.110444498515378076e+00
9.899838428222929032e-01
1.183666033502574155e+00
1.035572606643999860e+00
8.583487282725426049e-01
1.008216173132454374e+00
9.563966907294346731e-01
1.017981736881954591e+00
1.119222905838976878e+00
9.653032689322500470e-01
8.969730714096817437e-01
9.429819464615880609e-01
1.138746907844201406e+00
1.122404036460994181e+00
1.185110968584665025e+00
9.805819091017632383e-01
8.681204991571058738e-01
9.032499559751543394e-01
1.050558056426016629e+00
9.561890695425533382e-01
8.035090291399249463e-01
9.546941563147501864e-01
1.042464418610827170e+00
9.007760827634244682e-01
1.005303463324489055e+00
1.088248716623315904e+00
1.142044313175214265e+00
9.827506247516193394e-01
1.123115669877615019e+00
