1.181371343774821892e+00
1.083389443945389718e+00
1.122291568927612726e+00
1.038902434714126022e+00
9.875399837610754350e-01
9.722602209146867791e-01
1.069392733469291645e+00
1.171293494794030554e+00
8.574251762132529819e-01
1.076288447904257817e+00
8.345431460647465549e-01
1.016042499744455041e+00
8.881071011334045195e-01
8.777230257560587612e-01
1.030737316076323129e+00
8.954935786038100698e-01
1.025232622403192240e+00
9.017975996516144344e-01
9.835596633118983689e-01
9.950745046176466824e-01
9.002208026082789694e-01
1.041187966640172657e+00
9.688439354895950206e-01
9.227062552793154904e-01
9.046870779773156235e-01
1.182318056666882500e+00
1.057043835150574873e+00
8.565930998566592125e-01
9.683639612587997547e-01
1.101734679937899530e+00
9.146619566764171427e-01
1.175794709215922218e+00
1.136258254786494337e+00
8.630525064638157051e-01
9.880168327345690837e-01
9.666637414357507341e-01
8.622657850638346666e-01
9.257621083784133287e-01
7.964090098642035986e-01
9.723619051694408766e-01
1.148724269205864568e+00
1.183903146186668476e+00
1.149976313641995818e+00
9.132267208933038116e-01
9.434583899287620756e-01
1.054633001019513516e+00
8.864561720809724932e-01
1.018832943678813274e+00
1.133387813720360793e+00
9.120992306209583234e-01
8.976932582697606522e-01
9.797696005002823894e-01
1.014180082467408983e+00
1.075756262533432039e+00
1.016472612066730008e+00
9.169364022004007353e-01
1.222161469822106827e+00
8.842641367932168039e-01
8.526998181214970884e-01
8.595218167161133849e-01
1.108971470764359868e+00
9.861935099577860964e-01
9.319008601541042269e-01
1.064321326108063737e+00
9.669283343142132114e-01
9.530186537702899363e-01
1.191813632016426983e+00
9.448065116150434761e-01
1.024068670639321832e+00
9.825953759811908439e-01
9.231570115696230427e-01
1.090554350341615519e+00
8.470282659751054988e-01
8.963250695579164651e-01
9.991079778402869316e-01
1.098817356504320220e+00
8.049932797285667130e-01
1.013747501170205512e+00
9.894294861407532116e-01
9.974784347550778030e-01
9.352085869899084969e-01
1.035909968732597219e+00
1.042630578392313545e+00
9.861003788462912034e-01
9.485223961765203438e-01
9.285170325772227340e-01
1.196069016518862549e+00
8.453338129380127963e-01
1.044388542790580354e+00
1.158900111054740778e+00
1.024801601747508117e+00
1.050319752355585390e+00
1.106331387530344879e+00
1.067360751499206950e+00
1.037260244092243378e+00
1.090571915625005328e+00
1.089412648520915461e+00
1.192414049697116507e+00
1.076853212810025218e+00
9.931229878214360429e-01
1.067430042599990969e+00
1.095930040360225899e+00
1.042151291660533330e+00
9.172393317914835364e-01
1.085224743090477117e+00
1.018495759147010737e+00
9.632212224655962718e-01
8.158558083948550532e-01
8.915143071486091308e-01
1.087271454400925652e+00
9.946539825605633656e-01
8.700027177371454368e-01
9.553838067689833791e-01
8.505010201231255618e-01
9.034726925373133266e-01
8.748991279988413972e-01
1.150029284399924467e+00
1.210068043292495954e+00
9.090780277763090833e-01
1.099308287246232085e+00
9.383592233615611899e-01
9.201589678348182089e-01
8.987573269683412081e-01
1.219504059653439443e+00
1.145980010698519846e+00
9.154650464037703550e-01
8.121109446335255111e-01
1.141517048688626135e+00
8.046390962563592097e-01
1.157496168823554550e+00
9.604800706260334664e-01
9.920157841808002752e-01
9.635135197149793385e-01
1.125520137165022305e+00
1.025000299967234962e+00
9.310550702121053179e-01
1.153524176778564225e+00
9.264533400260757112e-01
1.031386898191614776e+00
9.174479761952234469e-01
9.926681534253747330e-01
9.429192598557115668e-01
9.564810935726650865e-01
8.955843441109321290e-01
8.813456400306374228e-01
9.049157770728446515e-01
8.602695106833072591e-01
8.817698556585641390e-01
9.394622751248140613e-01
9.137288723278391700e-01
1.118620764605157802e+00
9.983952399514299803e-01
8.433524512052810174e-01
1.181351964389890208e+00
9.794266578284882563e-01
9.038325759941256976e-01
9.346785636300214417e-01
9.439146160217846138e-01
8.113524843877684134e-01
9.637466740183987524e-01
1.118767203347384331e+00
8.853262101157799435e-01
8.140026134932976110e-01
9.846714724027922916e-01
9.128371937828495541e-01
1.122497323397725788e+00
8.772693644480664688e-01
8.611071935984326853e-01
9.648233690814060903e-01
1.037085917260049728e+00
1.110484456114540608e+00
1.042019549790389465e+00
8.719004749724117431e-01
9.710145363157134391e-01
9.428463217720874923e-01
1.071688393272304252e+00
1.118353867592205786e+00
7.845461148779615534e-01
1.014248326047320736e+00
1.149057812476983909e+00
1.096355069116191405e+00
9.065131932536591997e-01
8.851418327816134024e-01
1.013090455050181360e+00
9.858709773311857827e-01
1.171020088271204740e+00
1.180239573297163780e+00
1.019284188870810404e+00
1.075358368681174515e+00
9.269283255807482247e-01
9.943683062873914791e-01
1.139850508616115921e+00
9.753672190319414570e-01
8.233192453425073332e-01
1.055203489238771830e+00
8.556757085717630051e-01
1.026128037709125751e+00
9.590025860873492292e-01
8.237156659942455050e-01
1.041685146559695241e+00
1.187927754398951263e+00
1.152197200857113302e+00
7.778692469995940328e-01
1.090773515287398965e+00
8.658369785577660904e-01
1.046294805806254891e+00
1.105239819999925599e+00
9.191970252668749675e-01
1.099736583892297004e+00
1.112594219557632158e+00
9.899506995461725412e-01
1.006085956144797455e+00
9.252685986969977350e-01
9.647227286348738495e-01
1.114257635073548913e+00
1.013257778070441040e+00
9.462881891620394947e-01
1.091250310381447042e+00
9.117494039344796741e-01
9.627879863196899812e-01
1.013216407099656990e+00
9.216261533797687200e-01
9.089155717429140413e-01
9.494277114551995522e-01
9.211406389109677573e-01
9.943281906975141027e-01
8.719013339718338917e-01
1.106664369649835500e+00
1.029488691856151661e+00
9.790675148951695217e-01
1.014123566213976702e+00
9.823387951587130296e-01
8.451155201275487583e-01
9.573414387512880763e-01
9.975736352403106189e-01
1.107679960189192236e+00
9.378559075757986196e-01
1.093663199246738937e+00
1.130634311032325590e+00
1.095919629706121112e+00
1.096908965481727893e+00
9.910334570453818159e-01
1.012921076277024879e+00
9.239164173778267042e-01
9.583987606134060089e-01
9.581034540858645032e-01
1.065695414044338651e+00
9.677555581699258669e-01
1.124078213957839356e+00
1.009585493951292490e+00
8.218844052435929637e-01
8.950343714474067180e-01
8.286029249322564016e-01
1.058890119988636247e+00
9.453944856891932647e-01
1.085127428268114702e+00
8.516065257961494828e-01
1.031892418171235004e+00
1.140986543632306782e+00
9.760697925061974090e-01
9.053358199108453297e-01
1.014033680668700477e+00
1.040147309688506105e+00
1.160343555898028178e+00
1.039445063785030321e+00
9.526254622320518006e-01
1.161619673702783517e+00
1.104277406339334799e+00
9.817650881190065348e-01
8.705949991796485543e-01
1.042748457170187493e+00
8.469781600354986395e-01
1.145266966067485681e+00
8.592017266418803256e-01
1.009741587870604196e+00
9.880708597548661931e-01
8.772580334272437330e-01
8.983238920759906154e-01
9.090855825445547378e-01
1.049263319187188293e+00
9.374225736937433773e-01
8.228509861582957718e-01
1.002270969339407181e+00
1.198702497247295051e+00
1.107358655502759248e+00
8.855900174734692154e-01
1.058927544547990429e+00
1.010750769990450326e+00
9.957849558010063440e-01
8.379934089224272409e-01
8.244619933254866417e-01
1.104384902249392786e+00
1.053788034533501783e+00
9.687075903641224617e-01
1.085279965232552879e+00
1.164097520494534077e+00
1.194723446679070600e+00
1.029743652151756894e+00
9.915090865403630715e-01
8.086574378613785585e-01
1.147448041288584797e+00
8.743592211026667282e-01
1.034893435941207418e+00
8.161193465177983830e-01
9.390700795572717308e-01
1.018218301031957429e+00
1.177749237434238649e+00
1.141358170450957221e+00
8.613684577881739468e-01
1.101846153814996399e+00
9.932662446731304051e-01
9.328761670720995269e-01
1.100081629444209064e+00
9.657186857383882606e-01
1.206104998090073765e+00
1.001068040173349383e+00
1.053847798413358516e+00
9.392877106406443133e-01
1.071871689945450790e+00
1.078898034430722852e+00
1.053857598392346162e+00
1.045545694126349456e+00
7.895059198636387165e-01
1.102330181820708521e+00
9.197303899113944414e-01
1.073629416010147608e+00
1.039037537822066426e+00
9.174228676940013871e-01
1.113610762356476602e+00
9.706908697018599153e-01
1.191253180090346531e+00
1.060592336567679261e+00
1.131951462146104426e+00
1.136910783598739094e+00
8.762575612178590267e-01
1.126446453815692861e+00
9.285922131205770480e-01
1.049631676091247412e+00
1.168182262519281256e+00
9.985605534770731762e-01
1.023545039989569361e+00
9.496758961723299475e-01
9.236511465762056172e-01
1.012284201354770818e+00
1.117361380119800796e+00
9.400725850698130603e-01
1.025432056502590283e+00
1.045097030661263027e+00
1.127896523798310957e+00
1.055113472066476099e+00
9.237866098441603890e-01
1.094275780000307341e+00
1.135394952671832769e+00
1.015027243703931825e+00
9.575427469135566749e-01
1.057179708240087335e+00
1.036190019431049603e+00
8.148075950476403317e-01
8.287635054134470103e-01
8.888105703160076310e-01
1.207839204823567769e+00
1.137278359850064646e+00
9.579128727425754164e-01
9.250184641951981757e-01
9.725603965533584638e-01
9.462196596706695662e-01
1.084044068808371897e+00
1.041715406009573464e+00
1.127909499705877616e+00
1.086622678165034550e+00
9.645347578712255565e-01
1.116999218897924750e+00
1.038775049085881585e+00
1.033143005618244681e+00
1.015994785032206638e+00
9.365320603701294822e-01
8.116635390822917184e-01
9.520079041923201757e-01
9.171358718530214782e-01
1.017894378116518617e+00
8.513898416207645869e-01
9.239858470816544322e-01
9.213590401292799381e-01
8.598492023037332954e-01
1.114076518718989828e+00
1.008953316381697274e+00
8.175264286314409823e-01
1.006216480869294605e+00
8.328810298738705820e-01
8.803934079358642917e-01
1.073948476561467080e+00
8.085792302418493005e-01
1.030559704204801141e+00
9.419359679068477487e-01
1.038651786769259511e+00
1.121273054431390026e+00
1.129151152330064134e+00
1.069005326315949800e+00
1.128329448164422377e+00
9.121583751744424262e-01
8.902354451914784583e-01
1.189958713479775998e+00
1.022536405106594160e+00
8.437332860719171101e-01
1.094330294046500729e+00
7.933233916315421963e-01
8.471570924960416527e-01
9.358139110759480239e-01
1.080126006278198325e+00
9.785097806884177629e-01
1.135656408077188262e+00
8.114035243164401390e-01
9.690213916999597110e-01
9.466409451705238842e-01
9.867763582439023073e-01
9.966039485253713748e-01
8.572674853137789430e-01
9.464539737839030575e-01
1.055103566346853095e+00
1.080274145258736107e+00
1.011317717016434026e+00
8.771126106077535844e-01
1.041479497881598881e+00
8.286764574779771353e-01
1.192586816028324836e+00
9.606822061582398486e-01
1.023042753422299445e+00
1.041622972647731959e+00
8.535035093296226005e-01
9.635003971159832314e-01
1.088695827259690718e+00
1.107555191578073694e+00
9.717767773427911093e-01
9.238602528241954825e-01
9.679964671444150071e-01
9.535606562760726712e-01
9.636693651689529627e-01
9.102831523722421103e-01
8.815232801218324532e-01
1.045677948287774273e+00
9.801920553284622084e-01
1.127865373738541344e+00
9.545573662099495760e-01
9.715320131236908630e-01
9.979390669039464035e-01
1.068660342333205726e+00
9.405382324886459866e-01
1.093274621137838798e+00
8.810135879338538700e-01
1.081537958524810383e+00
9.899785020182088058e-01
1.016805635475098057e+00
1.019301628816123184e+00
9.758133008376055351e-01
1.052151874333145276e+00
1.032249282344504637e+00
9.263340941888678071e-01
9.607616792083172319e-01
1.002296223082459914e+00
1.003106743458024752e+00
1.072675986246627744e+00
9.605392657883633500e-01
9.863096733217316947e-01
1.116949040446708175e+00
1.091895506919461134e+00
1.013195714008804815e+00
1.023155370612032433e+00
8.132217590923778161e-01
9.759188814624506492e-01
9.620266702253212898e-01
1.050320875291454348e+00
8.501057846533300877e-01
8.954700318248124402e-01
7.993620682162150270e-01
1.111936248249646653e+00
9.876865783859802850e-01
8.518548790299860229e-01
1.110918640378563360e+00
8.734797650703156613e-01
1.119083820158024434e+00
1.011709068515233456e+00
1.052239621061470620e+00
8.875143563941353397e-01
7.794743358440807679e-01
1.006635783929749950e+00
8.464316498252739684e-01
1.158754284367161880e+00
1.029694265800475295e+00
1.093466876999638071e+00
1.025126604924362805e+00
1.054753661997255509e+00
9.691788274064254693e-01
1.025939807113424473e+00
9.204386989876836012e-01
9.146060072859099055e-01
8.213458443370129647e-01
8.533843514516388229e-01
9.363962790142457138e-01
1.016413733935263242e+00
9.004368278321907004e-01
1.141197213084359063e+00
1.100143767385018956e+00
1.025231539858964647e+00
1.148925561214961588e+00
9.330802584195057037e-01
1.064313597243066400e+00
1.048006225810775183e+00
1.148038732780699345e+00
9.525713476720951700e-01
1.041258433817382034e+00
1.064524845739281744e+00
1.138443770156081891e+00
1.170168027964918922e+00
9.511203195415134370e-01
1.086209622510918349e+00
9.258104466323835435e-01
9.352942955916858647e-01
9.770195560044884209e-01
8.846955225441610615e-01
9.371868957993596538e-01
1.103811869055684181e+00
1.015876183310040481e+00
1.050769954507919213e+00
1.158487398686550929e+00
1.112947922286690039e+00
8.674729548168869098e-01
1.004860598391152493e+00
1.081460428255985429e+00
9.165264728740328826e-01
1.032133892798677177e+00
1.118446540648870391e+00
8.333989451754978406e-01
1.010123145807360956e+00
8.749109438298856567e-01
9.097358955321419582e-01
1.098141910119798226e+00
9.787954965009968422e-01
1.032511837216063544e+00
8.584235560278470345e-01
1.023567428570425486e+00
1.181754255734535519e+00
1.111534520951721339e+00
1.143828057919512142e+00
1.102274550297704048e+00
1.049491388769027145e+00
1.078191076356168843e+00
8.779995498729665782e-01
9.521511947493883632e-01
1.157016732139414694e+00
1.039677673896470145e+00
9.052408276860903769e-01
1.167712622777149045e+00
9.184557709280403159e-01
1.003268378319750465e+00
9.410296595535284636e-01
8.989593362771752805e-01
8.985878482853746352e-01
1.124127224778296741e+00
1.125434925809216002e+00
9.332997884076372763e-01
9.224391964165565838e-01
8.449730411492530902e-01
1.067544837336507291e+00
9.888482471848225597e-01
9.343257556746671355e-01
1.152054635206955391e+00
1.004210959879035192e+00
