9.748949805555802151e-01
9.792815317954695065e-01
9.994970972377470453e-01
1.020364156551160528e+00
1.007027502961781673e+00
1.037664583354170666e+00
1.013809467770407924e+00
9.429656441178519977e-01
1.024416700015141402e+00
9.847808332691090349e-01
9.512910049280691727e-01
1.006203145671648702e+00
1.126741768752937523e+00
9.086903513494744011e-01
1.094444025324662340e+00
1.059936178913341909e+00
1.060768559575473002e+00
1.062293070434489506e+00
1.013879130670746642e+00
1.069278292097733285e+00
8.757117585109300828e-01
9.522208395360356459e-01
9.026378534187385894e-01
9.344964487439129108e-01
1.130378904623389191e+00
8.280049853662030390e-01
9.779869948596671136e-01
1.035444046829842701e+00
1.054205640728678395e+00
1.028249334744511412e+00
1.096542327905366765e+00
1.004755762506741146e+00
7.800382511080303782e-01
1.050162932727444431e+00
9.706128156884246128e-01
9.297393640896075562e-01
1.068641556106730395e+00
8.404612960477104711e-01
1.048963772571748221e+00
9.917240191720730902e-01
8.635260092339518412e-01
1.129353257634903906e+00
8.975949224149342154e-01
8.835705964079453301e-01
1.117963581119366223e+00
1.004732545220428985e+00
1.045187188610412488e+00
8.278305522649320736e-01
8.777906607221290791e-01
1.115554263746610708e+00
1.041466526180198748e+00
9.256956010559952430e-01
9.465755505371979961e-01
9.601623441841469209e-01
1.059277883977933543e+00
9.738296692972054913e-01
8.177982192712456300e-01
8.652988432781205663e-01
1.164679966713732640e+00
8.651413405155201630e-01
9.202686074155939089e-01
1.165359209630396631e+00
9.744581325639295466e-01
8.174142728676526692e-01
1.046444835126099537e+00
9.737957164901104301e-01
7.952754243155210068e-01
1.114406655488228148e+00
1.038556940441918375e+00
1.182800628869914439e+00
9.756801904124086100e-01
9.257282133630120313e-01
9.357545162374301118e-01
1.069475540463934449e+00
1.230342600777517781e+00
1.184675469996004482e+00
9.587743975837181853e-01
7.726875156210666340e-01
9.886907664677410112e-01
1.119972847357884937e+00
8.670394747061292984e-01
1.066465028583330366e+00
1.150226269885114894e+00
1.013676312324129247e+00
1.073955790697218582e+00
9.439855514030919270e-01
1.138932204140013615e+00
8.780730847268183314e-01
1.074669746495189537e+00
1.072600663371916507e+00
9.342639893353801295e-01
8.310173982096407119e-01
1.044063143704393681e+00
9.427396752588173001e-01
1.014624610464905707e+00
9.901058158960917011e-01
1.024315951217208642e+00
9.802670032268528955e-01
8.821476825277780875e-01
9.960924180302259678e-01
1.072099739014302777e+00
1.092770531951506197e+00
1.038645976845157914e+00
1.076735113292309975e+00
1.058902188076460860e+00
1.029914610317435697e+00
1.120735010534434917e+00
1.006213209432565536e+00
9.461738857466562846e-01
1.193949120004325959e+00
1.072948637961720797e+00
1.096462798044917974e+00
1.067985013465084343e+00
1.089875896385453347e+00
8.753409430331680063e-01
1.013836285134687154e+00
9.906869083567801937e-01
9.619652005007053308e-01
1.080631739893938459e+00
9.138213631224859634e-01
1.228404402997950617e+00
1.193935846795673328e+00
9.381118405707622454e-01
9.391970898171582149e-01
1.064804735073538566e+00
1.026017401115166372e+00
8.525061540416064565e-01
8.196400844182403223e-01
9.507509136372891412e-01
9.384300838605595940e-01
9.444748075508280216e-01
8.182918075541532055e-01
1.014311075927655015e+00
1.110838738678303628e+00
9.467315280954795575e-01
1.022817172585051448e+00
8.694214245085237769e-01
1.061545653198308292e+00
1.016452018927363365e+00
9.866494912453191990e-01
1.151307525479139171e+00
1.129212518859895376e+00
9.952734884575871188e-01
9.371070195959694260e-01
9.441865349702629473e-01
1.027176742785734342e+00
9.590142911264407655e-01
1.042882424880825942e+00
8.760715339219015130e-01
9.102644232097898414e-01
8.539572238801362847e-01
1.044385346064328202e+00
9.035737567942316861e-01
8.595010236887079547e-01
8.111317980567674946e-01
9.421556130622661396e-01
9.464526664093307895e-01
1.077226406753826637e+00
9.599141714970971240e-01
9.480703157641623413e-01
1.098594820412638784e+00
8.037168203700812974e-01
1.069511980201356405e+00
8.426864847981067053e-01
9.405178164645183747e-01
9.040241433335869381e-01
8.971913807123291784e-01
1.111923674426279263e+00
9.614421464382899574e-01
8.710698890329926503e-01
8.183369753584874839e-01
1.168339656642798374e+00
1.036448390860658764e+00
1.138449513152608450e+00
1.088639986920708624e+00
8.864856192895907983e-01
8.117839305735743416e-01
1.106613708192541790e+00
9.954064524428365424e-01
1.196970558372409732e+00
1.017068224589855463e+00
9.044147415196591711e-01
9.371105543304085739e-01
1.105194780255303488e+00
9.220575552298675426e-01
1.138715476273024496e+00
9.002868850980136894e-01
1.165173933540134321e+00
1.062875997557778396e+00
1.083600562276269441e+00
8.614357401297452199e-01
9.122668381185070618e-01
1.076332323357907628e+00
8.895532998460067287e-01
1.118424875631141679e+00
1.120907439218169710e+00
1.152966988574328111e+00
1.126193198537308815e+00
1.018198269258650646e+00
9.299677925645851717e-01
1.084905509089160613e+00
9.849614223258345014e-01
9.560309929380909066e-01
9.488658496880015836e-01
9.765828239540399469e-01
1.054363057160924377e+00
1.014637044663988963e+00
8.655947271723432035e-01
1.051656774501648517e+00
1.015010282447373680e+00
1.042765898423856141e+00
1.080023083944918083e+00
1.017948431241932017e+00
8.703573671372011322e-01
9.679717558272381561e-01
9.480049901413568625e-01
8.733506913899644619e-01
8.370630122290906305e-01
8.241934206155487885e-01
1.171967127339258008e+00
8.933890100492805075e-01
1.080709132087027236e+00
9.367762081144246356e-01
9.794890431303782119e-01
9.725105124703161685e-01
1.054193392146082431e+00
1.028949692124882631e+00
8.556396755504164231e-01
1.130593081223605134e+00
1.133909223130259880e+00
9.475959424297842881e-01
9.767445097955788080e-01
9.559798987486987087e-01
1.022931647477164141e+00
1.045602760983775248e+00
1.033195973315458982e+00
1.214299531672438315e+00
1.022894525853525804e+00
1.021761293927891501e+00
1.148918035440689156e+00
8.843676865663872011e-01
1.083874782337538312e+00
1.160807080162399307e+00
9.990271976655593633e-01
8.992969548466613894e-01
1.034431466579669889e+00
9.058058340331445191e-01
9.808550350646587646e-01
9.701554475878750861e-01
1.105178641375458515e+00
8.938418779750887389e-01
1.004575801921123057e+00
1.044151275026338865e+00
1.002574460083008656e+00
8.757028714576029493e-01
9.798183132015263475e-01
9.070385091179893333e-01
1.161803410721880203e+00
1.142576081444566682e+00
1.093465375812288976e+00
7.972698121242038916e-01
1.006614723591267913e+00
1.099005172299803101e+00
8.914337871831596871e-01
8.224532307849158341e-01
1.048494025308097211e+00
1.055032168647147106e+00
9.316165591861416129e-01
9.097945928207638033e-01
9.657054320991210750e-01
1.128733849520569432e+00
9.769142861305444292e-01
9.081530585347966644e-01
1.017191752828553897e+00
1.033524038094907560e+00
1.173414645945114687e+00
1.103912305013073913e+00
9.680061827153623177e-01
1.048284617210327951e+00
8.700339027020472793e-01
9.350804314780474247e-01
9.186997552877148587e-01
9.047696266679163823e-01
1.164727184118452552e+00
1.163052121709776676e+00
1.080490075319576304e+00
1.053372595160914305e+00
1.086745379298776015e+00
9.650160760808895732e-01
1.153845718417852106e+00
1.097102415576111767e+00
1.181402424641945448e+00
1.038682299505287787e+00
1.042240847543474347e+00
1.193095616147349380e+00
1.095420533479223524e+00
1.065103220813491181e+00
1.024362353345883880e+00
1.073886933684045308e+00
9.323902070066880654e-01
1.001406101811083138e+00
9.815457785323782325e-01
1.059298603508000980e+00
1.170144298788831305e+00
8.614741720251543056e-01
9.510034298910334805e-01
9.058771230146980269e-01
9.310362471993907096e-01
9.125414844833689143e-01
9.623709506651001444e-01
9.823874634162318431e-01
1.010852582856683890e+00
9.077843600859083484e-01
1.115367321173448723e+00
1.063608299631948917e+00
1.072903805782447817e+00
1.148922289197945812e+00
1.041053722507241597e+00
9.810803076631067210e-01
8.650932682590348755e-01
1.071695351936950313e+00
1.146319880282265391e+00
8.204014889958843870e-01
9.034225600209735418e-01
1.077286246285211968e+00
9.325424996837414771e-01
8.523009714863328812e-01
9.696738918325424894e-01
1.104529426168417761e+00
8.917302624221690177e-01
8.297922387440004321e-01
1.039687610265876527e+00
9.911601451999070278e-01
1.041353392230012442e+00
9.502502777178067905e-01
1.050443706430323587e+00
9.430739149396702992e-01
8.813240327339597613e-01
9.939930472078143397e-01
1.162882140483197935e+00
9.832884542520206050e-01
1.067755395045302036e+00
1.162321133262442796e+00
9.131459742674582492e-01
9.629221744645544145e-01
9.025418202151983538e-01
9.637588852417129370e-01
8.237622517022481494e-01
9.736604011045478790e-01
9.795094698678552536e-01
1.001009434042099189e+00
1.125031585352968655e+00
7.998729630291609993e-01
8.877401715537924787e-01
9.496653708178143249e-01
9.180230647003547739e-01
1.082030250400215943e+00
1.098747161589572752e+00
8.210562411981892073e-01
9.159636661930252721e-01
1.173412941087720984e+00
9.228006506571961864e-01
8.984378060098122676e-01
8.976042373819175246e-01
1.122577265548004632e+00
1.017255645151085242e+00
1.031217746584793371e+00
1.042922779921648280e+00
1.032234417414367389e+00
1.005753098122331712e+00
9.946257932719033690e-01
8.692001814575559537e-01
1.089462155482328498e+00
1.039312413909229349e+00
1.104577596580778920e+00
1.068188461106258202e+00
9.576388136397744333e-01
1.037977558469891592e+00
1.091995407988794575e+00
8.935277832893173677e-01
1.061047062402382446e+00
8.980116434688429905e-01
1.022229089014815573e+00
9.084668251079404122e-01
8.816604823849198969e-01
9.998120989609603493e-01
9.257436963369736205e-01
9.927264290183361872e-01
1.045103138525137032e+00
9.695966159070412704e-01
9.123726310616344648e-01
8.483185771365875372e-01
1.178034211258043973e+00
1.036493463713968666e+00
1.055876893484392731e+00
9.209942108783317760e-01
1.050789615995724624e+00
9.718485229531513836e-01
7.910378880954620495e-01
9.904530319626840829e-01
1.018479833992884220e+00
1.070633269776372742e+00
9.284165601188252293e-01
8.734455825534922502e-01
1.199793932503561145e+00
1.080259987571081659e+00
9.227417613105549643e-01
8.702652665335202098e-01
1.035102867749678301e+00
1.044038838004136327e+00
1.073929983204348737e+00
1.005363552461521870e+00
1.044328448787297692e+00
7.805360580872560128e-01
8.844139424873863620e-01
9.313846040613118493e-01
9.705661803006848665e-01
1.165226726413498781e+00
1.123074867869606530e+00
1.169757000783051781e+00
1.177685218326058880e+00
8.504573776176928002e-01
1.016424175963809073e+00
1.058730575151346720e+00
1.014196229564443108e+00
1.055251330207682026e+00
1.146609225621287864e+00
1.046388009668343777e+00
9.106207233493411879e-01
9.975938315196493100e-01
1.156871578227039121e+00
1.050763987242373521e+00
9.724812964034782459e-01
9.177396027582700455e-01
1.000194303936610130e+00
8.821234996309241794e-01
9.544437148591267128e-01
1.085777172646628097e+00
1.120085095023836574e+00
8.620314688974823891e-01
1.121453241056350469e+00
8.864453074707147051e-01
1.043098193870573898e+00
1.023127679117062483e+00
9.009756687199141911e-01
8.644237557228156010e-01
9.609881926244696615e-01
1.026581217018907477e+00
1.119838684057235856e+00
1.072923832384846454e+00
1.021808979343826529e+00
1.017462097753200956e+00
9.555828676177215986e-01
9.456217501829213834e-01
1.102203997205356556e+00
1.043917882833171884e+00
9.418011119847262691e-01
8.277835420974146707e-01
1.048831915376781998e+00
1.111896407179107316e+00
9.267539738226039381e-01
9.746656034568657034e-01
9.251243465447152037e-01
8.368990726397376179e-01
1.038633407357969940e+00
1.127663629834052328e+00
1.050510654628018292e+00
1.121973714516802501e+00
1.042986560114301131e+00
1.047624348821355911e+00
1.198824410532610463e+00
1.039560035799699023e+00
9.743230452042301870e-01
1.020408091468008926e+00
9.492249501227052466e-01
9.951472355397310565e-01
9.635177455052805762e-01
1.098111405863785084e+00
1.140129073303829399e+00
8.491743392211934527e-01
1.024354576248073911e+00
8.734479608995894262e-01
1.112841459574240188e+00
1.074513379840131622e+00
9.699211244126345610e-01
1.109885071321947247e+00
7.645829180302463612e-01
1.032821545954357934e+00
1.013802362396779788e+00
1.064762436195922035e+00
9.757656256245850201e-01
8.830587424316729273e-01
9.948575660841517676e-01
8.572482564670065308e-01
1.063698816949405490e+00
1.037319504503490863e+00
1.067699798784883525e+00
9.052922291096952012e-01
9.355196165659255270e-01
8.417418631057183021e-01
1.027267588416702848e+00
9.253119453485789681e-01
9.598625976282219030e-01
8.856380217632970897e-01
1.093325027879460398e+00
1.054480134076551501e+00
1.105331363942387402e+00
1.131792645983505707e+00
1.174715022337123882e+00
1.085842695882317743e+00
9.803555167849343777e-01
1.073776058168582015e+00
1.134025829183181289e+00
8.797722269069740975e-01
8.865236635370430385e-01
1.068687181843097411e+00
1.099371424643492690e+00
8.700384803704998005e-01
1.066490902198506507e+00
8.643138175826753367e-01
1.114016935433882916e+00
9.613335052130591585e-01
8.802365303719559275e-01
9.016847167422163967e-01
8.147167154352352725e-01
1.071212188871184079e+00
1.005116701028824444e+00
8.852665522516391938e-01
7.960652056515418185e-01
8.375146814628673386e-01
8.772299892156063539e-01
8.789907712569848819e-01
9.352763727582048547e-01
1.092068383389550146e+00
1.008204006474511916e+00
9.027242069434142646e-01
9.595544928073301838e-01
1.221534180866810093e+00
1.124951623687289626e+00
9.950478747698673354e-01
9.713291500592936556e-01
1.060116477168427052e+00
1.061252139845402453e+00
9.670880497782207152e-01
1.030872122406075508e+00
1.094102406004252126e+00
1.183816012134674800e+00
1.020130461753924633e+00
9.471465341993897669e-01
1.000406738666116846e+00
8.830947226529118899e-01
1.145437946150963615e+00
8.253174050306439913e-01
9.223211108250903845e-01
1.018272540545763327e+00
1.091985917768619530e+00
9.905183048052095263e-01
8.615767998427283914e-01
9.924924618405526200e-01
8.961403676894148518e-01
8.732751919844280453e-01
1.063421363331460645e+00
1.137805776400483193e+00
8.754943928065139769e-01
1.064764450832331732e+00
1.005957248397114201e+00
1.023035807758771565e+00
