1.178025588606503415e+00
1.083990876714451046e+00
8.201758108364329836e-01
9.272757537819560358e-01
9.954105314561170204e-01
8.937754101918349292e-01
8.500571136083532320e-01
9.920402125249072611e-01
1.103705117942589853e+00
1.069285034352472685e+00
9.474469653667054736e-01
9.690566060148926297e-01
9.952261368414951903e-01
1.056592046845136412e+00
9.361285146835476301e-01
9.491612681650251071e-01
1.033492146090865038e+00
1.121528491969692620e+00
9.365247640629243975e-01
9.134970801893593784e-01
8.186803168573304479e-01
1.000970972710169882e+00
1.218507786211006083e+00
1.025863188008781179e+00
9.873918176834431959e-01
9.868754774114018025e-01
1.010388820122255726e+00
1.160451777334511103e+00
8.426541280246349075e-01
9.843758322034712460e-01
1.109689593925957674e+00
9.225916787205938885e-01
1.015848604961291812e+00
1.048496616988051189e+00
1.144114162459089368e+00
1.181428433743057616e+00
1.055712048017505067e+00
8.796594872701750667e-01
1.057167110238043772e+00
1.064932068475685334e+00
1.002675600017345570e+00
9.695647462184255883e-01
9.679529224611961302e-01
9.229281981784543953e-01
1.007423321666251592e+00
1.122144281339875427e+00
1.104862578881835589e+00
9.445061349763799186e-01
9.014695775507605147e-01
9.894147437385840682e-01
1.069524777598771292e+00
1.025640839381489533e+00
1.039840413125455720e+00
9.056284930458312621e-01
9.012106094209193508e-01
8.985718709495550405e-01
1.026896222651729307e+00
1.128356334257809568e+00
1.208894084776103606e+00
9.782407062880588144e-01
9.528853636829317519e-01
9.970295648687831358e-01
9.154741072857062179e-01
9.335375729059967043e-01
8.673281505856996754e-01
9.669499785752061483e-01
9.678851264763256301e-01
1.169091687309226080e+00
1.046834090767991388e+00
8.837853361974599142e-01
9.975048450561765367e-01
9.621489660775943698e-01
1.068557372278822637e+00
9.799311124106419024e-01
1.192556641652454674e+00
1.081717996523664516e+00
9.053918585989700896e-01
8.413764236967951060e-01
8.891747631740061220e-01
8.874496652689588538e-01
1.053575053331701206e+00
9.675869346345445932e-01
8.263169216376375914e-01
1.102668731179273998e+00
9.258546851548888901e-01
9.649098832638116630e-01
8.953518026997931978e-01
9.678001866923797714e-01
9.782730822123183456e-01
1.082795950301184806e+00
9.063714453539157834e-01
1.172500182911997868e+00
9.012177006607091645e-01
1.119265907031779417e+00
1.060579954500480149e+00
1.233291249937285450e+00
1.070201289641687259e+00
9.088193525691843355e-01
1.028213932416339071e+00
9.570922643126346108e-01
9.262352667556343899e-01
9.216223225749395898e-01
9.474335963516882231e-01
1.202060045755649620e+00
9.298845323439532962e-01
1.168902143480617939e+00
1.082845452269544317e+00
8.583227536540009028e-01
1.136840688735240246e+00
1.123334752837082728e+00
1.075276887739325948e+00
8.895364708717361513e-01
1.075710653759291091e+00
8.731471485136002020e-01
1.030395783661715914e+00
1.017020166659205138e+00
1.177880440499377235e+00
9.143006877052490822e-01
9.647325332249403473e-01
9.282881723374531990e-01
1.014627252894259479e+00
1.079973612990225540e+00
1.048221553620684032e+00
1.023618176772455257e+00
1.010183057674260976e+00
1.161522068454195811e+00
8.765738819963890816e-01
1.133686927506270870e+00
9.274207871699255978e-01
1.115843209430634531e+00
8.379154168745530651e-01
9.459995547155790607e-01
1.099371016180698657e+00
9.641406112207304702e-01
1.076737257404155601e+00
9.011852060482246074e-01
8.635219215230180989e-01
8.439522065437859988e-01
1.058588602870507600e+00
8.423328384159618487e-01
1.023265816013170237e+00
1.011053224947698670e+00
9.150796002201783130e-01
9.407052530380333177e-01
1.033298156035626025e+00
8.073839041896662128e-01
8.296483555735834070e-01
9.948468400203744899e-01
9.274395014172839291e-01
1.040711330609396246e+00
9.919740380411308234e-01
1.054196223826937118e+00
1.108480503166559439e+00
9.617427440249087800e-01
8.685246986894188392e-01
1.140714650792467699e+00
1.088665727051655319e+00
1.113204660454200967e+00
9.967624607009974991e-01
1.116460141953322882e+00
1.004939185302247573e+00
8.121471368492345633e-01
1.171291604227204353e+00
9.822858910516034658e-01
1.152121719973364655e+00
9.694367539579140658e-01
1.121420367071989777e+00
1.095601891753366530e+00
1.086667650323531076e+00
9.724539712608146758e-01
9.704144914602932381e-01
9.665511517332123770e-01
1.128170499878165423e+00
8.779202187598726947e-01
1.170574166741071398e+00
8.800007635824542707e-01
9.526830086474605830e-01
1.038806248828599399e+00
1.111997140387878114e+00
9.341506856779274726e-01
8.072879623136592908e-01
8.752908338062633797e-01
8.835220309541902406e-01
8.039989494599069086e-01
9.520707409734783244e-01
9.890963731471096310e-01
8.923476991521283042e-01
8.536820377440154095e-01
1.141139417288485003e+00
9.341358089731234271e-01
9.759920999280080611e-01
1.045226566196403306e+00
1.065551954839213389e+00
9.369992584883695130e-01
9.281791663155836147e-01
1.215670188688629194e+00
1.005737394719316224e+00
1.058947303172086407e+00
9.277213198200675581e-01
1.036825463010098591e+00
1.067687838381451648e+00
9.255287506803511199e-01
1.084068887311125273e+00
9.315577133423537104e-01
1.048981595970219116e+00
9.440392700284028216e-01
1.181281420365845714e+00
1.173066440781576070e+00
1.011480236222674689e+00
8.544427127816878187e-01
9.390897586065121150e-01
9.773811021507232688e-01
9.334300011049325718e-01
1.049095147099650127e+00
8.983326599762453402e-01
8.463652586059976501e-01
8.226979396583136150e-01
1.033193101093269783e+00
1.076274476947472136e+00
1.020018556840311730e+00
1.044714837743995206e+00
1.044648933327592344e+00
1.021189438142615646e+00
9.243115711359564113e-01
1.213781070964561115e+00
1.011186397447814578e+00
9.439003448009005703e-01
1.094099787565006698e+00
8.255595040556658049e-01
9.566576392446292099e-01
1.056221691495130788e+00
1.050606395396464388e+00
1.165927163173848147e+00
9.312416301656809559e-01
9.950783887649241599e-01
9.525626898856608404e-01
1.059749901144847239e+00
8.616298896263296925e-01
1.010093266247347632e+00
9.600200507641025727e-01
1.039886119468026449e+00
8.941339906075453925e-01
1.085587984930602268e+00
9.376985125629559992e-01
8.853606063919767788e-01
1.195321249931485363e+00
9.902685336221048740e-01
9.884174196057229356e-01
9.749337016832402281e-01
8.546948477810377698e-01
1.012506648045623514e+00
8.502908625213176919e-01
1.062674086512127580e+00
1.033258121064015267e+00
1.029546047790683039e+00
1.018237675540737186e+00
1.053685767425122544e+00
1.113731018588330235e+00
1.051797309423191829e+00
9.481876580843906499e-01
9.185815543671889127e-01
9.121416679145077921e-01
9.454648892481496425e-01
9.582954554342451026e-01
1.185842011288200659e+00
9.063771550377592856e-01
9.910532742093735026e-01
9.760372324776281916e-01
1.186160348759944805e+00
9.384541251272147111e-01
1.084953454557636476e+00
1.136430155520147034e+00
1.001041912319826421e+00
9.782169478149377317e-01
1.161032681957355317e+00
1.180884992069777262e+00
9.752320753467405012e-01
1.112527585120307361e+00
1.064751079220329633e+00
1.003678953610442459e+00
9.115745079286348140e-01
9.791465961127107098e-01
8.894116215570018191e-01
9.900071245834627387e-01
1.208901406578918758e+00
9.568184288951935290e-01
1.018132987740621331e+00
9.608069403224467342e-01
9.616929260808468882e-01
9.211691197649507501e-01
1.010132484742854331e+00
1.080018519334570382e+00
9.291337935258889846e-01
1.068763149696809522e+00
8.751266008596390034e-01
9.034779681186357880e-01
9.131582953386001567e-01
9.725613381130546742e-01
1.091701710728437025e+00
1.003295989224302076e+00
1.120835134232557095e+00
1.021767370246855489e+00
1.101848807446824896e+00
1.056565507620585764e+00
1.122928448495240206e+00
8.753356277361639126e-01
1.025320181680400289e+00
9.567660925002827721e-01
9.941552025124529290e-01
1.082780530735637958e+00
1.047768419434348175e+00
9.023018938156707192e-01
8.935504315245100804e-01
1.001974793770219918e+00
9.615481598773176763e-01
1.116671767397034998e+00
8.871547786613670494e-01
1.011990844481593488e+00
9.599583559384797793e-01
8.441919212941131345e-01
9.830705079540784652e-01
9.966372538597407793e-01
1.176769883040125420e+00
1.019771473903928527e+00
1.118405990070106881e+00
1.058302814919336976e+00
9.536863367654460077e-01
9.188867359609078633e-01
1.093229327354870328e+00
1.051486801097184731e+00
9.814319038804242279e-01
1.092880748550478787e+00
1.078231578648757960e+00
9.116087969547117531e-01
1.142848680451962196e+00
1.046020135186663591e+00
1.017417938789277887e+00
7.596849263328722124e-01
1.051072107255369925e+00
9.108143048618602133e-01
1.040772417004023565e+00
1.051219024111822220e+00
9.979258419502974320e-01
1.013905833750514685e+00
1.102135426766843063e+00
1.031253899360105031e+00
9.074388405726859785e-01
1.062408624288589065e+00
9.017709286690531734e-01
9.780364119351788732e-01
1.038865539955089012e+00
8.107396258259391697e-01
1.058058644342870558e+00
8.706416147005648920e-01
1.006674849993580478e+00
9.743576626548275943e-01
1.106383388707114834e+00
9.304387395765474356e-01
1.108160479360324802e+00
1.149096552243378255e+00
9.686229253340021828e-01
1.043954032891160288e+00
1.092105303324968801e+00
8.770506697590969569e-01
1.003972619838507274e+00
9.804264159334314943e-01
1.076279540387178324e+00
1.067424391380654702e+00
9.846477332239199631e-01
1.095994605915222575e+00
8.138155160782428732e-01
9.457673700525938143e-01
9.754412904313709554e-01
8.618064767416054872e-01
8.757939307787407923e-01
1.030739954571906480e+00
8.977652155053188476e-01
1.063358901707971871e+00
8.812351699069589372e-01
9.750950799636610711e-01
1.101218706935832348e+00
9.564311096047130034e-01
1.092152504530499391e+00
1.158872522286206630e+00
9.431716664687039842e-01
1.044711018712081163e+00
9.049800959895673014e-01
1.159109046482259320e+00
9.812471812560765727e-01
1.186715286630279920e+00
9.854535928078853591e-01
1.127859003548348005e+00
9.610412539260377862e-01
8.415944916887164728e-01
8.842278278430701910e-01
1.148434034391204728e+00
1.092645613292624773e+00
8.923321180041323686e-01
1.022497612751533058e+00
1.033076091793152518e+00
8.989676724733467461e-01
1.014895486432918048e+00
9.273787281563985463e-01
1.055523641637051258e+00
8.126302579598978504e-01
1.046174094513498298e+00
7.751457726403034876e-01
8.393367794080990318e-01
1.088964876511509194e+00
1.047630256260074999e+00
8.222480720496970763e-01
1.195102299546025426e+00
1.190407358820954720e+00
1.036668997762156597e+00
9.509807407374443189e-01
9.991746521734905517e-01
7.761068081552866538e-01
1.004194911529412870e+00
1.020795201953808906e+00
1.043187040753727146e+00
9.239945630235341101e-01
9.869619213781370970e-01
1.027100778940770009e+00
1.139857031253326047e+00
1.106281145803098331e+00
1.065836927448051918e+00
1.008926158805749207e+00
1.012736269763354402e+00
9.710717786078630898e-01
8.711284591265552324e-01
9.441947951846468845e-01
1.108805159562993747e+00
8.678210243552793024e-01
1.053340395755094416e+00
1.009367567150915468e+00
1.086604345058637566e+00
8.242178426392198221e-01
1.072244252772841300e+00
8.957548104373902476e-01
1.078239183359444020e+00
1.014860686214512642e+00
1.053465242234461696e+00
1.180827136850651105e+00
1.146584546980459862e+00
9.636726603039611483e-01
7.939558302149618552e-01
8.613251943525948029e-01
1.000397133042066677e+00
1.006679281271750881e+00
1.042031978090961930e+00
1.119035131435020869e+00
1.057058625251235284e+00
1.136279890474524823e+00
9.153480058435203848e-01
1.048907157635226239e+00
7.714613153738253404e-01
1.082956416434448066e+00
1.008551217849767312e+00
1.137150214160929540e+00
1.207825498982502355e+00
1.129804649226538560e+00
1.162576768129197191e+00
8.913646941552431091e-01
9.599065132871089645e-01
1.106237279582021005e+00
1.151039882893028388e+00
1.019959168714260400e+00
9.461576447030120018e-01
1.167009608963908818e+00
8.278204396165673717e-01
1.082636465362654121e+00
1.066320273719277623e+00
8.828791682759629111e-01
9.795606934037208724e-01
9.338592030696022395e-01
1.048674035425091855e+00
1.084489183635085841e+00
1.113074426440317843e+00
9.687282454432486478e-01
1.133281460798474694e+00
9.128748265454138533e-01
1.023825554509256719e+00
8.401881713545860109e-01
8.934414351132180521e-01
9.477513879561253463e-01
8.924087437937981981e-01
1.056609880680171143e+00
1.065131435791977221e+00
1.148119348780648918e+00
8.832288244868331528e-01
1.109586319561227441e+00
8.961272822029882068e-01
1.024377410193058502e+00
9.944385324813738158e-01
9.053598084372221910e-01
8.917629424551477557e-01
1.029157719555423345e+00
1.124831445317604706e+00
9.220925029289710473e-01
1.009809445153674545e+00
9.954553639456951153e-01
1.186429749214658491e+00
1.125312079588817848e+00
9.541580901806668846e-01
1.064502186052232346e+00
8.870243922968510386e-01
9.252890365351591484e-01
8.203480823250366427e-01
1.068412248314664748e+00
1.007618271794826992e+00
1.110440103969459136e+00
1.024022042538403010e+00
1.030358654620745940e+00
9.580692398446362112e-01
9.958219631427507323e-01
8.600897451917950409e-01
1.172751846431074441e+00
8.072205251663364667e-01
8.412812255516457505e-01
1.045377471339599795e+00
1.133514990596077299e+00
9.337290685293299086e-01
8.519812065208091090e-01
1.067133348768807277e+00
1.123063304335491397e+00
1.022928302149477719e+00
9.205621594219415282e-01
8.775894844604322786e-01
1.105830909889547575e+00
1.111422335804286288e+00
1.187024142373487523e+00
1.120408556382145315e+00
9.751322346400808083e-01
1.119664409670469984e+00
1.034268994385078022e+00
1.096311993720454181e+00
9.391134225693232862e-01
1.043699276209822280e+00
1.127694583336544598e+00
8.795075525694144858e-01
1.013541478553899422e+00
1.121077586023164985e+00
1.219564861060236316e+00
8.894938208676194114e-01
1.084087667590557746e+00
1.048541463407334673e+00
9.592184582208144183e-01
1.094053682472797773e+00
9.091923559295564949e-01
1.068481969149827515e+00
1.169724460586224923e+00
1.209153389203901918e+00
8.320004797926603413e-01
8.672721279965827090e-01
1.026447483988508047e+00
8.631209775450061628e-01
9.572227743676988698e-01
1.072233387139715610e+00
8.577331138239285835e-01
9.807210459184020346e-01
1.163455677514008801e+00
8.180826329348211967e-01
8.475953363922683614e-01
1.064682775059109021e+00
1.141801893854415884e+00
1.065013560613762067e+00
9.817168838708533185e-01
