8.530929796531345755e-01
8.117502949660637679e-01
1.188685628289658736e+00
9.136939162479345011e-01
1.079822325834345786e+00
1.094351324333086017e+00
1.069712492895924738e+00
1.104804027716533410e+00
9.510892157642759637e-01
1.033945838741544554e+00
1.162960486220361966e+00
1.103773316145225003e+00
1.081058543636754354e+00
1.046004235352757217e+00
9.145748294169553372e-01
9.453229726698898494e-01
1.028784050573357423e+00
8.903072744155500207e-01
9.695933169991646228e-01
1.072166057836017039e+00
9.581821749622585482e-01
9.562484418427286137e-01
1.173460188587949871e+00
8.814262825804832779e-01
9.134871194736337019e-01
8.179768552744186572e-01
1.120863938843279950e+00
7.902192693714422678e-01
1.100392768992455084e+00
1.004221530649016092e+00
7.957824396964049418e-01
1.182774828953565116e+00
1.018755239083511288e+00
1.167160419675327798e+00
9.898726215054598487e-01
8.578661005981893517e-01
9.019191868493676711e-01
9.594087731805289732e-01
9.693128746101515869e-01
1.183399060031179451e+00
9.321711561377876709e-01
1.067398754103259684e+00
9.556720670609939461e-01
1.132579925043728952e+00
9.641092893737974734e-01
8.589558155293338659e-01
9.604449888746253716e-01
1.130402494575426520e+00
8.085896849634015560e-01
1.036918368003115098e+00
9.098699750199388259e-01
1.095248658567066879e+00
1.021151266387680945e+00
7.599654328254474844e-01
1.027706013967041088e+00
1.077762748183029862e+00
9.648380672283189963e-01
9.982384217481620192e-01
1.119745419340173687e+00
1.042324378842589327e+00
9.965236280052454099e-01
1.009135945615333263e+00
9.839343529729079885e-01
8.341365068936896776e-01
1.064216535894145332e+00
9.915970581401758466e-01
9.228626654351093084e-01
1.096479920793198115e+00
1.170757582408164632e+00
1.023374531205248239e+00
1.066138739851623329e+00
1.119266921797821501e+00
1.043178113700887311e+00
9.156440215784085179e-01
8.735802356649989830e-01
1.029530531122075265e+00
9.428688482718514674e-01
1.110374001531778454e+00
1.121950604800294293e+00
1.061599161388744106e+00
1.009609036044923913e+00
1.158993501146782901e+00
1.011847248487824258e+00
9.805220983982114724e-01
8.274423033576175923e-01
8.724625322669483651e-01
1.026895841513030705e+00
1.058562099026049363e+00
1.062233128138747595e+00
9.059697728795355065e-01
9.675164882988072090e-01
9.020795680327380328e-01
9.667807130953827155e-01
8.900785615719122301e-01
9.504460674118330177e-01
1.017259616254218901e+00
1.097114656797093524e+00
9.436727340513513251e-01
9.619300129486170192e-01
9.830315444830161065e-01
1.083823324598787163e+00
9.978275449623632554e-01
1.035476189817951642e+00
1.081132408665620437e+00
8.801699461528198487e-01
9.532737782793150316e-01
1.110457010235965880e+00
8.737722344143236120e-01
1.124002964295598428e+00
9.723196343270762432e-01
1.089869434779499491e+00
1.047774583067088816e+00
9.724131778408477977e-01
1.073302684462566381e+00
1.086336798193968223e+00
1.035647646073039940e+00
9.612836319640034599e-01
1.051803850782251359e+00
8.545127531878181637e-01
1.068196945416658217e+00
1.071537317386779709e+00
1.072277143705541391e+00
9.647987343346310363e-01
1.055776511304501231e+00
1.223487644296103793e+00
1.006777048258398644e+00
1.085269826177070129e+00
9.196696467704379430e-01
9.318527605858600849e-01
9.951547175503816511e-01
8.806611472377497973e-01
9.743141506415096131e-01
8.354817606516963258e-01
1.009878961646852868e+00
9.822969464299726727e-01
8.152761132738093330e-01
1.007559504221109403e+00
9.280591507545572494e-01
1.000594340452711561e+00
9.992676053981737194e-01
1.065018995487110764e+00
1.163249486250423237e+00
8.058406257593161426e-01
9.188478045005274986e-01
1.022078812403085513e+00
8.336337289941382345e-01
9.460556202195089526e-01
9.024054548021678279e-01
9.437090490278656763e-01
9.860210922998822181e-01
9.178867460787697441e-01
8.984369566565677534e-01
9.263202656384689204e-01
8.037721318024925177e-01
1.107999614375196895e+00
9.170275172283615106e-01
8.421281963016893357e-01
9.821103404563914507e-01
1.070056208426738875e+00
1.197564965954982519e+00
1.142958218615975019e+00
1.061159828061867483e+00
1.044206862288675319e+00
1.039056629540563215e+00
1.123374712758346217e+00
8.863275038509124126e-01
1.123906340819967875e+00
1.156535998714126157e+00
8.842574049805025371e-01
1.145450541099725994e+00
9.117616822980674218e-01
1.029769296676653179e+00
1.098253528966832482e+00
1.134514771600534155e+00
9.745009361058690756e-01
9.764729197946528938e-01
1.045990574807694973e+00
9.684314246538106019e-01
8.950324227669734789e-01
1.015400115615975318e+00
9.153829667492940914e-01
1.003546536818988644e+00
8.713930890058170231e-01
9.142249005200226986e-01
9.127849776612857458e-01
9.731908233326757030e-01
1.027193531303250307e+00
1.152099737999299212e+00
1.097703401218465658e+00
9.232579573978371146e-01
1.079150053304520185e+00
9.953809825591719562e-01
9.310290307328705772e-01
1.142022753592431883e+00
1.020197221557287648e+00
1.013190774474305167e+00
9.352276721509956703e-01
9.233127816758850415e-01
9.586643971889905469e-01
9.356372615860830688e-01
1.125007638367063523e+00
1.075034726732956525e+00
1.052233522920055453e+00
9.775425358661704589e-01
8.789771794137588579e-01
9.969975530820099907e-01
1.112314754093890690e+00
1.150359391855908964e+00
9.328961092799388233e-01
1.049266003754460774e+00
1.090939809595794729e+00
1.037215550736342529e+00
1.014055896481823815e+00
8.547637459562514861e-01
1.060639504497161489e+00
1.061023746391069444e+00
8.677384334594219206e-01
1.010232893518996811e+00
1.099556976458645030e+00
8.764062736473851034e-01
1.032193057759493549e+00
1.077190412909502903e+00
1.053398842396255919e+00
1.139207806355359232e+00
1.049117257155044669e+00
9.851868315183969216e-01
9.364503267088764016e-01
1.041105458960032593e+00
1.076015014602538677e+00
1.200062723582480784e+00
8.756283860537662500e-01
9.544378632954055863e-01
1.090034812049630375e+00
1.036967276146281813e+00
1.061054662358828393e+00
9.198256119383318996e-01
8.728001511841594340e-01
1.028072006675945227e+00
1.020659796319992374e+00
1.202860309713623899e+00
8.926418950564758426e-01
8.987908527470575004e-01
1.069850798043407325e+00
1.109302257460741181e+00
1.050341807587934717e+00
1.027507235104603067e+00
9.582679093488787325e-01
9.572954291776214486e-01
8.466334533038373245e-01
1.024374198959747018e+00
9.448759092538772109e-01
9.332011832091396952e-01
9.817375261361306338e-01
9.214117029295167960e-01
8.742491056464977150e-01
1.075050530242613656e+00
1.017233020190410286e+00
1.000925535911560527e+00
9.970019654646058438e-01
1.031604965859078238e+00
9.262313282704330852e-01
9.219168034297938741e-01
9.464924462820829554e-01
1.056960134664481687e+00
1.076258177658448112e+00
1.041922242262488529e+00
8.149744093660116206e-01
9.608139550062554379e-01
1.170496408033377511e+00
9.983979686809570930e-01
1.127391923256974460e+00
9.617474635122000848e-01
8.879519188644360295e-01
1.009115089544482480e+00
8.714748607263480551e-01
9.548049039609503019e-01
9.647076459520713687e-01
1.101010281793112000e+00
8.312000528557060841e-01
1.206321696775645380e+00
9.169247179852075824e-01
1.007612732332668903e+00
8.583776305632108139e-01
8.902724549571537915e-01
9.963983741771114122e-01
1.118105863892553842e+00
9.869134230938422236e-01
7.829949063700699652e-01
1.092220787932452808e+00
1.047310741655234745e+00
1.008955465965022391e+00
1.036141305008244418e+00
8.449604914624359031e-01
9.733581128804985605e-01
1.070252607666511979e+00
8.945608647349151399e-01
1.009927576007426442e+00
1.030117847319229618e+00
1.097248781157880160e+00
1.053323182622586618e+00
9.535228878759081095e-01
1.028671099283098078e+00
9.774397273582440260e-01
9.322453828687469191e-01
8.792529175097191230e-01
8.540587395384378055e-01
1.133535702392769462e+00
1.083245466035068993e+00
1.053357247369639094e+00
7.820373850191302267e-01
8.276196011958110166e-01
9.528792490479973676e-01
1.053696163041505596e+00
1.098232451985256652e+00
9.470685822266955434e-01
9.896657076442887391e-01
1.140511050285698547e+00
8.781809122577932669e-01
8.029220325686804438e-01
1.196204302130809527e+00
1.007234702578216456e+00
9.854754294344513221e-01
1.039566063071268642e+00
1.102584265009434406e+00
9.548382794838584653e-01
1.129804621270081633e+00
1.160001079698992354e+00
9.208651648025369951e-01
1.003714999804066199e+00
1.020104242427295471e+00
8.806419693624822909e-01
9.004456109226601779e-01
8.306928209839556931e-01
8.511032348701685901e-01
1.193847459596208305e+00
1.051583080449062901e+00
9.902449731993396842e-01
1.037416448049070627e+00
1.206563260905262558e+00
8.935327297939748004e-01
1.012362300234673773e+00
9.970479406675709644e-01
1.105200098657932006e+00
1.165138203317624965e+00
1.106618171563209074e+00
1.083060352739612320e+00
1.016348163309618968e+00
1.079636274867042278e+00
8.348405932788105499e-01
1.044898437812413983e+00
1.033808892070464003e+00
1.049179421516394761e+00
8.137858091488571199e-01
9.595862750551080733e-01
9.025357169917166411e-01
1.009241712439794103e+00
9.918108728180133893e-01
7.539151237427843544e-01
9.864345829817190436e-01
9.733693271019616677e-01
1.074258240658283459e+00
1.007622776354320626e+00
8.698784517603006528e-01
9.412863275984846290e-01
1.016384506464633075e+00
9.532305366681462777e-01
1.034068561211209492e+00
8.324722787143701286e-01
9.974114390437114341e-01
1.084933895859176767e+00
8.354296261150866432e-01
1.000203666740230757e+00
1.048672116039154334e+00
8.388180471397159721e-01
1.170089021644695526e+00
9.724534366778341266e-01
1.174026077711794569e+00
9.523788635000378644e-01
9.305125018917850266e-01
9.660674410196873341e-01
9.123490350091448819e-01
9.866332749719407547e-01
9.927111811535906938e-01
9.706987915967050240e-01
1.157791483103792318e+00
1.064632591843018616e+00
1.040405955727974563e+00
9.082904825370750057e-01
1.147700493293519308e+00
9.986339606849554684e-01
9.581407953220471008e-01
8.739234296645139732e-01
9.697326876572337495e-01
8.087672693740763918e-01
1.043437029693111473e+00
1.119673977504302087e+00
8.967509727418943033e-01
1.084777718727435891e+00
9.783385750884381338e-01
9.747050594921120581e-01
9.551331325120915317e-01
9.760336749487301677e-01
1.160205090102350400e+00
1.081274354366996926e+00
9.802493483207174174e-01
9.257393323061451351e-01
1.114208056482921982e+00
1.060012225550819309e+00
1.055828732384252344e+00
9.054652676537042755e-01
1.112469183713170384e+00
8.728553088450856645e-01
1.154499721784241650e+00
8.588497739839480172e-01
9.762539563317098601e-01
1.071176284645271481e+00
1.096683810344419197e+00
7.861872755517895772e-01
9.509188315266243752e-01
9.757906409775709555e-01
8.891245191622065835e-01
1.038452883140208671e+00
8.215473586092962854e-01
1.054362032106906488e+00
1.062370454523735797e+00
8.262611483990458527e-01
1.122130414392921605e+00
1.136856395219254523e+00
9.274048085642090378e-01
9.381844767238942673e-01
8.590249080370115919e-01
9.979449756933200799e-01
1.030580495233280436e+00
8.212483063978519571e-01
1.114213986082423835e+00
9.423203630438734546e-01
9.540038747998709212e-01
8.633707192065425140e-01
1.166355019831224915e+00
1.122594604428071685e+00
8.624234611367476155e-01
9.619133749213122364e-01
1.155261294877940603e+00
1.059826555115249258e+00
1.056643556759931712e+00
1.024227307417914901e+00
1.016908624636164937e+00
8.500080870887298801e-01
1.087021644970621370e+00
9.157059444611250765e-01
9.569776386496990916e-01
8.805500794196226000e-01
8.115227024981047643e-01
9.946125508046828045e-01
9.333171959373153248e-01
1.090686089279106818e+00
9.466803467935823724e-01
9.645812941268404606e-01
8.861844188742311612e-01
8.714723230672196674e-01
1.145031488335260583e+00
9.089344868437498892e-01
9.960168493218360952e-01
8.341225844636179776e-01
8.147463389013227530e-01
8.818812029027334187e-01
8.793187590254898378e-01
9.568194088102327521e-01
1.094335011015036052e+00
1.002203571082612932e+00
8.784719869528092584e-01
8.739687049154490905e-01
8.912846443952349151e-01
8.677911490803947858e-01
7.658727005586429826e-01
1.062025124890585426e+00
9.585898887942156943e-01
9.089209493525591821e-01
1.010641765669234360e+00
1.001914685136008121e+00
9.650234578139453845e-01
9.978223762993008172e-01
1.209741447239716772e+00
1.061575711501812069e+00
8.540902305655100335e-01
1.006001841610336234e+00
9.885391372800649279e-01
1.017229976704138616e+00
8.821717689002781526e-01
9.649969116510572764e-01
8.584324204177835593e-01
9.286563314270290803e-01
8.842902038685596100e-01
1.129564269559822254e+00
9.814876264286009899e-01
1.063204686912653463e+00
9.727007862490549828e-01
1.055301354050239837e+00
1.114383402711023097e+00
9.445427440751432702e-01
1.000310576206037361e+00
1.132318689884165508e+00
8.362491145086415889e-01
9.559980740728841742e-01
1.011167878748470361e+00
8.552164152726801083e-01
1.067375047503832386e+00
1.061179127383667042e+00
9.321181401638196640e-01
1.064068564629881974e+00
1.010313394576575652e+00
1.048598687491312242e+00
8.811757309473812194e-01
1.069561104463231827e+00
9.327270356580626975e-01
8.554586054550277208e-01
9.973241135452162176e-01
1.094101525150553478e+00
9.040597966152615905e-01
1.028489205805429574e+00
1.038786459033471887e+00
9.703922648882690183e-01
1.076010271824787035e+00
1.005028055764110695e+00
9.619190329851248222e-01
8.986617369914398079e-01
9.013565028251124822e-01
9.387567682931425850e-01
9.114697156705164893e-01
8.919145234541894229e-01
1.126945949657740309e+00
1.109033759138821296e+00
9.107438965520736618e-01
9.423449413522066997e-01
8.184146268268985835e-01
9.548585889970031548e-01
1.017730068397527665e+00
8.754949645651737278e-01
9.286028270052757438e-01
1.067927624571303857e+00
9.000191618502363378e-01
9.354749482869354482e-01
1.103873387366291592e+00
1.105022812602870941e+00
1.094549944557852372e+00
1.026991596146933361e+00
1.091007216834075422e+00
1.007292940971819650e+00
8.060547659802379528e-01
1.138132875298678570e+00
8.438063189587994284e-01
9.654659544271048111e-01
9.894996928726352836e-01
1.151441196561859392e+00
9.331067652147198022e-01
1.010262985474782216e+00
9.844980920551581471e-01
9.156896976516375464e-01
1.004950875314598147e+00
1.011137090938031502e+00
1.089015527386924198e+00
1.070278149416258984e+00
8.660790180061934684e-01
1.114171345880451858e+00
1.051406910811373274e+00
1.017701104614988861e+00
9.350834958054607959e-01
