1.018292834459699980e+00
7.818028347835931369e-01
9.293024710940482880e-01
1.173062842394834160e+00
1.150063622560756116e+00
1.119055878117203973e+00
1.069496198768113082e+00
1.041368096195697479e+00
1.083959108647725600e+00
7.876302502004619566e-01
1.148409573316905963e+00
1.117559773720164129e+00
1.145151790378250212e+00
9.795930206460286005e-01
8.376688681690052096e-01
1.017220533760931911e+00
9.166807547140625179e-01
9.504555576529417626e-01
1.084714622176115251e+00
9.226727317927179151e-01
1.047616515916177438e+00
9.242984472038284771e-01
8.080427653952548805e-01
9.386074973843111513e-01
1.012031465188186541e+00
9.313683964276758820e-01
9.369303213964745858e-01
1.054661352335134028e+00
9.111476035125993800e-01
1.051744788662035246e+00
9.853988855774936662e-01
9.209328707095283395e-01
8.802203819367142579e-01
1.051032809854097305e+00
1.061354467700999393e+00
8.111010695991456299e-01
9.477613313420745200e-01
1.206517243420669683e+00
9.714264867408007875e-01
1.082371256739640630e+00
8.764567688968384340e-01
9.074578216636801642e-01
1.147193556508569579e+00
1.031453061294419937e+00
1.089573735521549791e+00
9.898460340584296357e-01
1.143907943220402679e+00
8.917057896880693502e-01
8.784742005593413339e-01
1.036466713652721472e+00
9.323206344795511580e-01
1.077100930360288977e+00
1.068228525604904888e+00
9.170247976251861832e-01
8.284160348586256939e-01
9.724854535605849115e-01
1.022609745959529803e+00
9.954784400428624558e-01
1.006845235493597279e+00
8.930233717591178344e-01
1.065845351924447737e+00
1.154819395191392095e+00
1.134735663690572549e+00
9.545990636877974556e-01
8.680479953582825869e-01
1.141289082587715553e+00
9.817151876807255206e-01
9.297078766091918522e-01
1.150999888762621604e+00
1.213959539517448727e+00
8.543229234221314528e-01
1.001402762312228578e+00
1.189048979703706266e+00
1.075487773119635282e+00
9.302259779362538339e-01
1.069872250506844313e+00
9.045548439294233134e-01
1.017223781917174552e+00
1.210712080689027026e+00
9.754423279794395274e-01
1.192548866102580485e+00
1.090321350062146033e+00
8.633275109217694032e-01
9.218262419456779710e-01
1.065965196544474525e+00
9.480923922851132168e-01
8.904351439246270816e-01
1.067003816339024080e+00
1.007973359040891692e+00
1.023641768700457977e+00
1.036301163021233318e+00
1.059507277276616088e+00
9.310593132415247997e-01
8.132226954662173934e-01
1.027115923234190209e+00
9.618549934327572659e-01
9.269341546477942728e-01
1.160036780962137248e+00
8.765343567526746593e-01
1.205419379323143581e+00
1.095040354862478971e+00
1.148188097003938868e+00
1.081416341552770444e+00
1.128079681330101058e+00
1.075854499095091121e+00
1.107265424233879081e+00
9.532541530606684077e-01
9.780190268196308212e-01
1.063305074266505335e+00
1.121889270964734786e+00
8.084084141835838899e-01
1.040414682077090092e+00
1.145903913473763858e+00
9.578434408619438400e-01
1.099421184271222263e+00
8.868097272554986699e-01
9.556538745922565914e-01
8.124345143262599045e-01
1.139382043930439403e+00
9.643465915711293412e-01
9.929088456760766235e-01
1.078325881717751678e+00
1.043746928391927176e+00
1.154051164071136837e+00
1.132943306867036481e+00
1.014497717214071670e+00
9.895038049311493111e-01
1.180494985482930970e+00
1.048650157646543679e+00
1.057191750367265870e+00
1.002646717717113445e+00
8.901037032760320544e-01
9.956607434252700006e-01
9.550453668280070030e-01
1.061385527886353097e+00
1.183518081357247675e+00
1.162306280104864253e+00
9.982492533297124826e-01
1.128139342668310174e+00
9.651810559419287117e-01
1.112150011025711205e+00
1.052009483390510702e+00
1.186011022678800542e+00
1.046487973392190574e+00
1.023852373559939855e+00
8.977754655462730771e-01
9.533721680071262083e-01
9.606593986048839184e-01
1.109209306994311195e+00
1.036805174730672574e+00
1.080371726797968890e+00
8.639787386060362451e-01
1.037971109657831903e+00
8.800264326743370003e-01
1.057841718170718037e+00
1.081135012332717027e+00
1.076735926224009710e+00
1.010039237879239327e+00
1.074728537527149141e+00
7.769873927130364066e-01
9.215832825489008728e-01
9.703972313413291584e-01
1.065759692933978986e+00
9.889311648301810642e-01
9.729908241329238150e-01
8.882621490264885900e-01
9.155594937168181069e-01
1.168264619638905710e+00
1.116777303239972152e+00
9.067548845961420634e-01
9.464544659745588451e-01
1.021607940535079306e+00
1.097623115150826223e+00
9.367153634156494268e-01
1.214627414401519889e+00
8.489639283213077370e-01
1.107402536928936199e+00
8.914009052784668263e-01
9.385337925879218002e-01
1.012399892365580811e+00
9.737922996096850525e-01
1.124035399063705976e+00
1.056081490081687946e+00
9.878354455754856378e-01
1.172290312398124978e+00
1.205755890337405267e+00
8.856200993288105838e-01
1.008645806709351778e+00
7.819314776610550854e-01
9.828616843896643696e-01
9.266899137406257037e-01
1.006193718471343201e+00
7.913606976104816670e-01
8.266827032803094610e-01
8.429294843304399043e-01
8.689367181583934618e-01
1.012548269637472353e+00
1.174281406640146797e+00
9.268539339836270319e-01
8.391469319845191732e-01
1.037607461934522801e+00
9.914618567696018570e-01
9.297007138448021291e-01
9.027608798094008957e-01
8.761911538868050187e-01
1.115899405121532517e+00
1.025920444396640097e+00
9.136099490052855820e-01
9.411936722852408677e-01
1.127262272012526045e+00
9.682664453566370844e-01
1.105033550853216529e+00
8.965837534753786642e-01
9.198766716274804356e-01
1.040985085878104899e+00
8.145544099033160679e-01
1.079227331279290159e+00
8.421234245325444068e-01
9.842075025168907088e-01
8.992501072834284681e-01
1.032741365235348319e+00
1.047789250790506221e+00
1.053610871516441394e+00
1.079561429822181395e+00
1.077664507007618733e+00
1.000766085649789972e+00
1.156289642704722676e+00
9.684181841039674055e-01
9.545879701371045023e-01
1.142645488320296776e+00
8.764394132667118198e-01
1.087948591349011007e+00
1.086098803526170498e+00
1.061222178641607616e+00
1.119023218788768537e+00
8.860728861896836062e-01
9.908505792741417739e-01
1.157357695216745697e+00
1.006676698526814961e+00
9.312049834790325775e-01
8.724734609664093199e-01
8.283330844525877978e-01
9.505617832220298880e-01
1.080208515247562673e+00
9.408584270557158735e-01
8.902599836911992970e-01
8.823617184903083110e-01
1.087326415858828499e+00
9.579719347254951334e-01
9.114893698265186250e-01
1.055044228413266172e+00
1.107601774570401876e+00
1.192204608453396819e+00
1.090305444779565258e+00
9.052452150715046830e-01
9.874046211705340692e-01
1.160546486137584266e+00
9.998815953283926028e-01
1.104423411659239740e+00
1.033491138291440903e+00
9.438403318435657496e-01
1.062104499179552741e+00
8.022126473031826466e-01
8.348810015449985578e-01
8.942347385497125822e-01
9.579089554625777048e-01
1.112634029402283620e+00
9.075745426260102278e-01
9.572155552481886875e-01
1.102062533270696587e+00
1.060093041892405497e+00
1.057000538527270050e+00
9.777266251735293734e-01
1.202883506342574016e+00
8.757476668747772308e-01
9.388377967911409883e-01
8.941309849105438801e-01
1.032118728590608825e+00
8.042961260486640729e-01
1.003646302182866989e+00
9.499543505804499688e-01
1.071208300532911384e+00
1.153650491431003289e+00
8.667311927941833138e-01
8.430325319575285858e-01
1.012850941251465020e+00
9.831956846165612607e-01
9.927542206281372295e-01
1.033621175025063899e+00
8.257452654833032923e-01
1.041522109070524227e+00
9.666427818392475668e-01
9.555786316435410654e-01
1.075190194643911079e+00
1.060245183399358915e+00
8.787867717031544457e-01
9.807367934751608507e-01
1.054699327184092761e+00
8.623686267142965933e-01
1.111109501993905679e+00
1.006384164369576784e+00
1.023662662159259717e+00
1.061128179770090885e+00
1.086782931437388022e+00
9.820719461762525970e-01
1.125680308750515390e+00
1.088880627763831210e+00
1.124383807998367457e+00
9.745371075223530077e-01
9.907181524189934141e-01
1.121635314089733937e+00
9.451656221980713202e-01
1.008172935043805785e+00
9.936666756239671550e-01
1.165252133873970308e+00
1.126555570279517582e+00
8.996282283543518554e-01
1.030648634828735366e+00
9.518656642970854120e-01
1.203942189382541939e+00
1.010008397234635646e+00
8.354514610341057246e-01
1.133852465491447248e+00
1.121682404167520852e+00
1.055429814251352294e+00
8.785213675157766966e-01
1.144000113474694658e+00
1.072833496361582650e+00
1.052442406985731882e+00
9.574301661360113957e-01
8.810703068566444474e-01
1.047281641844378886e+00
9.162331794419220632e-01
9.129167308574355211e-01
1.088961207322419744e+00
9.070370144705701687e-01
1.000403031277250721e+00
1.085988148105780704e+00
1.020181248626160109e+00
1.106663567519327707e+00
9.131551845394680900e-01
9.177814573102359708e-01
9.765898271583666190e-01
8.732441442814253829e-01
9.306362364331109971e-01
1.142876079969494363e+00
9.462932687677114707e-01
1.091572979643856689e+00
9.678036952031334739e-01
1.021309400585121541e+00
1.117564603459842321e+00
9.698808642016347736e-01
9.690599848570766728e-01
1.119862863947789000e+00
9.489163171293685251e-01
8.374148635000852048e-01
1.091351998083874619e+00
1.127731257833432643e+00
9.472220432083766628e-01
9.299184421730901651e-01
8.672745812315039160e-01
1.044397174119040317e+00
1.067254829932587690e+00
9.309462177276311978e-01
9.476575160386904173e-01
9.518724433080860692e-01
7.885474433966128682e-01
1.016043984439048087e+00
1.122196245638700463e+00
1.141406418637868070e+00
9.760263262856169186e-01
1.081637182940457409e+00
9.663912619127792425e-01
1.078106814523149382e+00
1.200663785825180518e+00
1.054497303714522216e+00
1.149503242882355725e+00
1.116392393403699668e+00
1.028334453635776580e+00
1.086467823748988870e+00
9.602740557197261273e-01
1.137979021556983827e+00
1.042841861539139936e+00
8.786583015527399398e-01
1.033642234012868144e+00
9.387879691648848279e-01
9.290958323099369753e-01
1.051898574546588971e+00
1.150893257601880437e+00
8.825541158117520268e-01
1.116722372153470699e+00
9.864691963694836030e-01
1.179470913802722176e+00
1.106537058686923869e+00
8.318930486135530655e-01
9.184578418178412917e-01
8.493070955223303020e-01
9.105492213803738633e-01
1.039043809708199095e+00
8.602553324410675550e-01
1.049126301329526223e+00
9.448295729953419819e-01
9.433446439799844097e-01
1.068761652826988984e+00
1.137851741625537816e+00
8.913013589797746938e-01
8.575852663835936696e-01
1.119163073402726916e+00
1.156222932341793852e+00
1.182505326495033815e+00
1.042699780012970923e+00
9.052366653447229128e-01
8.679412840931146622e-01
1.014284136429084437e+00
1.172246249568589693e+00
1.094300703851890599e+00
9.521281416352795901e-01
8.755243683784760256e-01
8.948547973059736149e-01
1.026870973141038812e+00
9.666667981793592990e-01
1.109374798660444306e+00
9.316225435069098726e-01
1.010084292257802607e+00
9.880012643543878426e-01
8.606581127097057138e-01
1.011211949993291448e+00
1.015013367977430470e+00
7.823970801873669778e-01
1.009102359514558733e+00
1.036120046608169698e+00
9.100502083831056854e-01
8.929289260809760709e-01
8.788577112864236485e-01
9.956437559374190505e-01
1.044973073685352638e+00
8.784098209514938915e-01
1.086106866859783304e+00
8.301502955331498956e-01
1.048752670722003622e+00
9.548144607909010428e-01
1.039108087416002135e+00
9.015619411755748658e-01
1.198796079987145546e+00
8.491596568205361795e-01
8.324143652259061721e-01
9.372828404668642754e-01
1.049515557228672735e+00
9.646852886231809254e-01
1.180914291711198771e+00
9.508291398458925681e-01
8.885672407543412366e-01
1.007118721627019653e+00
9.238717650694858730e-01
1.045125964894332959e+00
1.100838052456121874e+00
9.876409791684516160e-01
9.330336130709061537e-01
1.116530558450988364e+00
1.054100948285323858e+00
1.018455399466440037e+00
8.542804945802673355e-01
1.038715473449876692e+00
8.955740495011526026e-01
9.857759614820171823e-01
8.920654949722175431e-01
9.503145501687946251e-01
1.037345334953576170e+00
9.374594043937369836e-01
1.061530570146802521e+00
7.920248770991360487e-01
1.194950039115444396e+00
8.668024222118482225e-01
1.074528293353273600e+00
8.327078670220260381e-01
9.693220667732141971e-01
9.638141299386031591e-01
9.824090738772084386e-01
9.669637533370889493e-01
8.984992201319197402e-01
9.073034666870229970e-01
8.088335108566300224e-01
1.094419016515142618e+00
8.191114832611193775e-01
1.097710252755205840e+00
9.997016508233502741e-01
1.183080715298809427e+00
1.118523227329665470e+00
9.911230530845367426e-01
8.683974510829624016e-01
8.913547738843159429e-01
1.065948214713853259e+00
1.043338343757704401e+00
8.981430762105846455e-01
9.357358111214978402e-01
8.494195853138610808e-01
8.722346877283173594e-01
9.135768861204440761e-01
8.420928994940974910e-01
9.871134908429033405e-01
9.599967023301132496e-01
1.070846779159487339e+00
1.104983500301443655e+00
9.329234928390492954e-01
1.095121744898634564e+00
1.080678022031760666e+00
1.082969656837321271e+00
9.739483775186172920e-01
1.106401506555039438e+00
9.535529874415272777e-01
8.278368717914590391e-01
9.800514332172893806e-01
1.065853028378903833e+00
1.097160293337803960e+00
9.932582951142643335e-01
9.074290633007496831e-01
9.223989857350589627e-01
1.072750638644329957e+00
1.139485915402008942e+00
8.508584112520483078e-01
8.869543496970180296e-01
9.030033255193259389e-01
9.242300682060511363e-01
1.039515367120006362e+00
9.377101014713767890e-01
9.359550867316084322e-01
9.032209806496636073e-01
9.109523661873816236e-01
9.459884433152468963e-01
8.895295440847529322e-01
9.043531260928574511e-01
7.916258942949314648e-01
8.724561876641294678e-01
1.035105813854194867e+00
1.005664220334446579e+00
8.944501862569769202e-01
1.003538909421843872e+00
9.381024896032013061e-01
9.679230962784479697e-01
8.921525582104614660e-01
9.466469507911864367e-01
1.078143188335572544e+00
9.558435148946404780e-01
9.073843952564029092e-01
9.657073249774200674e-01
1.066228004901349280e+00
8.844711889483349854e-01
1.037428185765658650e+00
9.783209911168921913e-01
9.428064122481142340e-01
1.048000793457820823e+00
9.533947388787626931e-01
1.067873877054316800e+00
9.952085580898842876e-01
8.878950329428647592e-01
1.154238018124131848e+00
1.217015128798353940e+00
8.298965754892352331e-01
1.214719290004922847e+00
1.105422197621266589e+00
8.200109290489132619e-01
9.976307101831125568e-01
1.078070133818118226e+00
9.279945700704493872e-01
1.058165425296994977e+00
1.037710260867514389e+00
1.029186562657426585e+00
