1.020326860250568179e+00
1.063151037551851807e+00
9.692672117811567123e-01
1.157785407404255063e+00
1.062534602438752529e+00
9.662004912839250448e-01
8.868304193130942537e-01
1.165532314314424944e+00
9.273748747992733854e-01
8.498837171105704247e-01
1.019396615858920274e+00
1.072080363816099169e+00
8.700838616146231441e-01
1.011949478683712655e+00
9.294988060955765574e-01
7.848472327921618419e-01
9.666747346175839084e-01
1.007062145769581196e+00
8.518475031448929924e-01
8.942425133446405550e-01
1.181036971457479545e+00
9.401172873794595430e-01
1.046400940637410182e+00
9.032606929417579256e-01
1.176735907160204819e+00
9.018611651828886133e-01
9.450479583759370250e-01
8.771154446350515332e-01
8.426507873055897324e-01
1.024558274338065678e+00
9.381610176366064202e-01
9.230386449336391852e-01
1.077435584780581213e+00
1.051889332533257004e+00
9.616732924616639977e-01
1.157433816673986149e+00
8.429508990553975512e-01
1.008255559694229087e+00
1.037758801083979776e+00
9.875492038322074562e-01
9.682720519667460390e-01
1.112529354274504945e+00
8.348622529344812415e-01
8.208731355038718647e-01
8.967709417296484409e-01
1.190835514164528375e+00
1.013061069344958431e+00
1.121939478201207319e+00
9.830165452820331939e-01
1.021491805644685336e+00
1.080427578877434458e+00
1.014605461772188466e+00
1.074358779080570869e+00
9.224390965874084136e-01
9.387547485944005565e-01
1.083371758741228597e+00
1.056694305867411643e+00
9.301260909458430870e-01
1.094433684288220077e+00
7.798942473753689431e-01
1.027097809914586435e+00
1.150319469491616786e+00
9.823908524608820914e-01
9.890644452288969157e-01
8.581820908568316142e-01
1.110678054760969813e+00
8.175648695058334026e-01
1.088752439150533657e+00
9.474215609569756058e-01
1.030025200919454820e+00
1.214145726388307756e+00
9.377216155059631131e-01
8.142497213943273859e-01
9.937145151801077825e-01
8.100919868261826640e-01
1.045933247804752719e+00
1.109102056232742939e+00
9.553517273885758776e-01
1.014666879160944779e+00
9.257062443929506834e-01
1.077093887313853582e+00
1.117556101712977590e+00
1.155665609511679293e+00
9.647742200099129750e-01
9.084391605519236412e-01
9.939276431038424064e-01
9.354103543810668997e-01
8.491809549726692108e-01
1.021646105911644398e+00
1.012793369852394543e+00
1.052648317432337333e+00
1.041944998946672918e+00
1.171663507044823582e+00
9.836914681613430078e-01
8.931317026000655801e-01
1.004269464672891354e+00
1.002054590915601562e+00
9.964737412176751796e-01
9.479432673638111817e-01
1.054014458410895028e+00
9.261750328825761880e-01
9.438525003673192693e-01
1.011506047367979555e+00
9.638611497432734154e-01
1.107950822008452851e+00
9.101337356989330774e-01
9.621275093909957832e-01
1.155127990540168348e+00
1.132312333715409958e+00
9.046039619466903492e-01
1.106789650763146726e+00
8.534217839432453045e-01
1.023797581682758029e+00
1.015540348535060033e+00
1.045502471969800506e+00
1.199290167851544631e+00
9.767239700780727674e-01
9.058933653629970273e-01
9.934761353163806819e-01
8.282056647136153416e-01
9.760214029057188156e-01
9.736281987516033354e-01
8.634310470493460343e-01
9.294667527633095894e-01
1.035673417173277100e+00
7.868935676955637337e-01
1.086658714639607837e+00
8.936200651933770001e-01
9.296022362211242562e-01
8.464430377079651402e-01
1.074818448746525545e+00
9.867831403945310775e-01
1.003081470164318478e+00
8.978426286060612327e-01
1.125543767723293342e+00
9.478003333007569697e-01
9.120041350734973129e-01
9.801264318314353297e-01
1.001526223644682023e+00
1.030671126006041050e+00
1.019777854598481248e+00
1.046219486430953749e+00
1.110008919093813606e+00
1.052896143284721031e+00
8.980362148296043845e-01
8.419573552533750060e-01
1.003558910970542506e+00
1.105343742403617657e+00
8.372304737706683930e-01
8.960755556889861140e-01
9.658176347468176992e-01
1.201842468779652506e+00
1.236646349857599025e+00
9.766781671794019237e-01
1.120410351504540936e+00
8.406421308140941129e-01
1.159243737393361950e+00
9.618592447183813565e-01
1.139159778094979147e+00
1.029506130415486664e+00
7.820536064902264828e-01
1.149093965766658121e+00
9.725566088296091483e-01
1.132136015719369615e+00
1.116448651608852538e+00
1.055070830826925654e+00
1.056727591854318415e+00
9.892568897046580823e-01
1.024766077696644961e+00
9.701835401775384948e-01
1.152375407206220892e+00
1.073358308033310005e+00
1.038559590776682029e+00
1.030176871110884518e+00
9.538175928639565093e-01
1.113156278512819508e+00
1.043240211709915322e+00
1.065413617917848610e+00
1.046480363911469702e+00
1.086359231047144380e+00
8.165192501465896591e-01
1.086167859959062287e+00
1.227640472755260781e+00
1.016602794886527494e+00
9.684974443481724204e-01
9.642962919296820257e-01
1.103635129301225870e+00
1.147757412525792775e+00
8.560967088257445123e-01
1.156103593652890726e+00
8.885274483543972313e-01
1.059349210741140412e+00
9.273013824555347284e-01
9.343995552033189655e-01
1.119401210310370764e+00
9.190481962269172467e-01
1.176750592526695449e+00
1.085512833818100376e+00
9.127031750216880734e-01
1.116153706477437613e+00
9.458408588080410295e-01
9.111762067342041860e-01
9.474610435095682792e-01
1.061055549992123037e+00
1.194953433009730670e+00
1.077024204581992883e+00
9.478629370955260480e-01
9.292699450822603513e-01
1.058759322506683365e+00
7.966116813695328647e-01
1.125819982256409890e+00
1.192825072060000879e+00
1.056176377548255996e+00
1.010547181523905103e+00
1.023510779864826858e+00
1.149856929137710315e+00
1.119517386445266771e+00
8.724777730471184878e-01
9.342081887502822202e-01
1.075458848294586822e+00
9.363844908308821546e-01
1.090451651170031955e+00
8.563159664648425373e-01
9.002939142901520420e-01
9.376645662235612022e-01
9.298182086043669248e-01
1.205799596617720182e+00
9.912571679518873413e-01
1.094752756826284257e+00
8.659179332046778033e-01
1.078323583603025382e+00
9.805360295428573458e-01
1.064410042771824605e+00
1.215816431632084083e+00
8.983694320805668543e-01
8.311289227622969955e-01
9.079001260601178291e-01
1.093088306429150114e+00
9.447076335766676491e-01
1.071497761315299613e+00
9.957689121141229949e-01
9.682006042399138313e-01
9.777852312652717259e-01
9.997320605080103340e-01
1.185048509707531617e+00
1.094407032502003663e+00
1.126562506421248111e+00
8.916989945341978752e-01
1.012531739192325864e+00
1.015067872554683781e+00
1.022253573506083812e+00
1.021947532816209536e+00
1.085298457647393633e+00
1.030088414967526234e+00
9.747249521536498484e-01
1.048482525331319470e+00
1.074797729266777857e+00
1.070584290595391508e+00
1.085960970498617506e+00
1.079998246909544157e+00
9.776140168819629217e-01
8.228014959318485921e-01
1.058443465707478826e+00
1.067126798260834786e+00
1.108425198483910412e+00
9.161119198955687271e-01
1.112317004865432057e+00
8.963767753717620801e-01
1.207742487978053614e+00
9.040430791075761974e-01
9.484210881208761101e-01
9.830185266344798611e-01
1.031575720248037564e+00
9.194625154791723487e-01
1.065456052829892197e+00
1.122211530706444194e+00
1.083419786340035440e+00
9.470460036541721305e-01
9.971322664616639742e-01
9.284792422533431067e-01
9.165491945439113719e-01
9.979345165887755220e-01
9.529763704536776681e-01
8.891198400107270805e-01
8.654717366307298487e-01
1.074426446119514766e+00
1.133497331221247739e+00
1.133248968144745961e+00
8.944437543087523368e-01
9.976896821641234592e-01
7.766998797772306506e-01
9.392113219029492033e-01
8.636677020248550996e-01
9.798622889264279046e-01
1.235642348587459471e+00
8.321285483172466968e-01
9.471502768631443470e-01
1.093076253148701715e+00
9.426889635598896255e-01
1.110705942079470709e+00
1.156667152047841540e+00
8.559122648960446611e-01
1.046971417011265171e+00
1.074651321864261266e+00
9.997084719272859576e-01
9.530954491270027251e-01
1.052630205187776502e+00
9.624617864089822783e-01
9.931435550802726331e-01
9.889005670690347305e-01
1.060366997908660291e+00
9.740118193855731299e-01
1.021330471273334872e+00
1.043039136022533286e+00
8.301337184230472843e-01
1.096834719470958230e+00
1.026228612126279138e+00
1.079285147128872024e+00
1.093137505043286550e+00
1.056150108929885034e+00
9.740950294820609479e-01
9.598050144633163416e-01
9.930751492710911954e-01
9.521565443183062083e-01
8.694848373352793702e-01
9.696656104922927177e-01
8.971749724223525568e-01
1.176779731750039693e+00
9.794402027893498452e-01
1.073581121328816446e+00
1.000148026799523970e+00
9.798006164998956935e-01
8.815203257630110922e-01
8.793633308143291583e-01
1.049321113347217560e+00
9.602203157077091600e-01
1.064839090018407486e+00
1.068099164165033255e+00
1.083142348829516877e+00
1.033948577468673857e+00
1.202595980142794119e+00
9.217392489139468736e-01
1.114016220044230732e+00
9.584348583064439264e-01
8.598536929474869250e-01
9.352072040068113434e-01
1.021796118444806778e+00
9.479500935100202419e-01
9.941056374742838209e-01
8.320911503365558959e-01
9.050660052742240946e-01
9.443882710440654193e-01
9.892592166143947541e-01
1.064644440578146112e+00
9.564967638830991215e-01
7.599325960481565501e-01
9.941258104823664787e-01
9.821297779372946124e-01
1.096347449112223593e+00
1.140831937177343214e+00
8.245913449703179410e-01
9.184025147354655250e-01
1.077613960043420693e+00
9.857646494624574540e-01
8.511811475390452797e-01
9.585908478722828807e-01
9.244258030770515777e-01
8.287515504748259598e-01
1.105246129734517746e+00
9.247522166258217435e-01
8.043659136096031892e-01
1.124019349640928311e+00
1.000581702840196430e+00
9.219256583491687307e-01
1.031715935481321011e+00
1.127445938102404455e+00
1.037805184349720022e+00
9.741219546290468267e-01
8.368610048775311228e-01
1.058558243370092633e+00
1.008025610307990094e+00
9.327340024320256440e-01
1.050273527271313734e+00
1.009287689808155086e+00
9.645211153650581348e-01
9.187179402399792139e-01
8.175334319503069214e-01
1.077762002289828214e+00
9.569608231755291072e-01
1.012760173548756804e+00
1.124968895764371313e+00
9.162281370831080185e-01
1.099609792048810819e+00
8.639281279230611732e-01
1.005883407605644209e+00
1.039076339310370356e+00
1.177611636463513634e+00
1.196555521199994088e+00
9.580696857429573665e-01
1.204104600570661932e+00
1.122827084136046372e+00
9.453038921370384706e-01
9.027882104412339181e-01
1.107042601764421264e+00
1.041671032190076840e+00
1.045221794655028180e+00
1.041164347993249528e+00
8.699807646496373614e-01
9.880059609146849553e-01
1.052729850722673222e+00
1.150608156364290702e+00
8.920833672599943753e-01
9.063885768751449579e-01
9.646973602987882757e-01
9.484667218229256846e-01
1.030495714661189721e+00
8.957068228046414227e-01
9.907976892962742088e-01
1.045836797726489964e+00
1.095275421820158579e+00
1.108411902766470281e+00
1.170344240811672432e+00
8.792751946368915217e-01
1.053615640368364970e+00
8.025499086997468501e-01
9.463594318404940919e-01
1.148678072568322550e+00
9.136354685108836193e-01
1.176314822997279297e+00
9.921810034865945482e-01
1.137853042535233339e+00
1.084619215791514879e+00
1.095892719576504470e+00
1.012726315906271601e+00
9.794646624547542757e-01
8.831755692606563235e-01
1.053235370226212941e+00
9.527514254129803017e-01
8.250839645712972903e-01
9.069454504438999587e-01
1.117443168521675689e+00
9.113499144969496868e-01
9.285995109425766447e-01
1.037288301707108396e+00
9.143593959316020925e-01
9.732839034366458364e-01
9.181537857395694058e-01
9.637263506678892533e-01
9.445719531764492638e-01
1.060463967201182633e+00
1.132953513238712517e+00
1.113507039328661463e+00
9.152623241086170758e-01
8.326738517469357559e-01
1.118068169485493701e+00
1.115999680995356513e+00
1.021942302573228600e+00
1.017110869622405156e+00
1.189462302125945170e+00
1.182447682036849468e+00
1.079842838171306107e+00
1.054066716878324428e+00
8.996895800647146668e-01
1.042392857052053978e+00
8.793178995688732957e-01
8.924351295386525607e-01
1.081164928666856540e+00
1.136250521544681646e+00
9.489036745624055413e-01
1.034966437608652701e+00
8.398432407118237020e-01
1.034732551852366234e+00
1.031028855458690385e+00
1.081600353262693659e+00
9.473685100535838011e-01
1.129874013348223016e+00
9.585699755993084548e-01
7.940233535896562556e-01
1.145297843162261353e+00
9.534694122608182720e-01
8.053949170117837841e-01
1.084534843664983317e+00
9.635276345099176298e-01
9.900533296992670707e-01
9.747151023553104476e-01
8.375395416827418060e-01
9.020135904257966519e-01
1.147212323965915992e+00
1.057937797786425937e+00
1.125215996714801658e+00
9.841231786733688480e-01
9.376560132811500026e-01
1.198568108536855581e+00
9.308448328228389190e-01
1.159655410198231706e+00
1.064203547556532570e+00
9.169717680683695527e-01
8.158504242445949739e-01
1.229305066266236368e+00
1.110403490792911452e+00
9.822596479446401574e-01
1.012694366228668930e+00
9.518836616626247249e-01
9.912013173347569150e-01
1.169762963647047016e+00
9.731612694609406145e-01
1.166847740775149411e+00
1.045175096025256156e+00
1.080962679897618628e+00
1.042092698551711605e+00
7.963434007074258192e-01
1.026750246756493734e+00
1.011161905136772843e+00
9.015591077349900395e-01
9.536052009302882215e-01
8.987308395105793046e-01
1.020511442697977111e+00
8.423236956701380951e-01
9.858282684710737431e-01
9.869309040966424140e-01
9.451698584739898212e-01
1.001532962025763140e+00
9.098509757053975244e-01
1.045060383704057516e+00
9.896632310585806724e-01
1.008151427468565897e+00
1.046194083328255697e+00
1.073259422989109924e+00
9.700696982985549388e-01
1.023167669759356802e+00
1.115322526848530726e+00
1.158607536347664446e+00
8.110544877289878052e-01
8.770384016190383436e-01
9.761721707142412274e-01
1.147761443100625556e+00
8.032681995840069700e-01
9.816250756526156973e-01
1.088648861997947304e+00
9.203125332588955043e-01
1.030818667569856295e+00
1.071303213618622241e+00
1.024473899452868375e+00
1.141593371070041218e+00
1.008459991128372257e+00
1.036434661216142139e+00
1.131129357334722974e+00
8.847666371547067143e-01
9.709843844339038910e-01
9.357692433066344684e-01
9.495970773672057774e-01
1.004757509880257249e+00
1.080682474874242738e+00
1.112640313136717518e+00
7.964754379840190968e-01
1.154528021270334603e+00
8.992990598388266310e-01
8.566507278865340691e-01
9.356355673999119382e-01
7.932399940128751492e-01
1.041854904776271296e+00
7.932418865847024048e-01
1.109466443193645180e+00
1.092606947918239424e+00
1.097030525237933318e+00
1.126744753681010236e+00
1.098075602552704977e+00
