8.799060321245207872e-01
1.026625807469618401e+00
1.017492649485568501e+00
9.910058094176024124e-01
9.520715401606447692e-01
8.548039224387661283e-01
8.481740078004498251e-01
1.079772304391047211e+00
1.155594787484193864e+00
1.008180932899712889e+00
7.729908486191257033e-01
1.040108188779217180e+00
9.410718835124864956e-01
9.708373147726809815e-01
1.139921191002341239e+00
9.854043413465323198e-01
1.022309733409113353e+00
9.699691367998611868e-01
1.009470845035908448e+00
8.116674627770587014e-01
1.054242894615221360e+00
9.191405788238535823e-01
1.149596100218699180e+00
1.078384421357087231e+00
1.189442112072059521e+00
1.152288756002862513e+00
1.208464486791344994e+00
9.408987594868314375e-01
1.015233245918129024e+00
9.435066619142278288e-01
1.017091664941525586e+00
8.834927583371021687e-01
1.004009952991189225e+00
8.551804804721678810e-01
8.133620478277667765e-01
8.271605629438236740e-01
8.213340102888418981e-01
9.338876793811368149e-01
9.100139140326631848e-01
9.312881925881005829e-01
9.857484523996055126e-01
9.335779956933815127e-01
1.093495417784365209e+00
1.022886204669852361e+00
1.165241097515655744e+00
9.535557779177668003e-01
8.493408357672858067e-01
1.051629838218145707e+00
8.233225054179006408e-01
8.848852980921060318e-01
1.046372008208426685e+00
1.026521686238528464e+00
1.065410702784469255e+00
1.014924513069632050e+00
8.005923462544166647e-01
9.841070876344787388e-01
1.161291393862079913e+00
1.135240410363177688e+00
8.859101893667431504e-01
8.817729994579813768e-01
1.101708647809054753e+00
1.011031788915322860e+00
1.023156765467608809e+00
8.602500345496919554e-01
8.923723770592725257e-01
1.058556603869823531e+00
9.397579408484235675e-01
8.222423106386818059e-01
1.078750402764123706e+00
9.300171324658177419e-01
1.076221087771801699e+00
1.124749607296053444e+00
9.904851048271432479e-01
9.799522482390570222e-01
9.492432366508258834e-01
9.009929273036987318e-01
9.874116763528988372e-01
9.223315496872105390e-01
1.106519696741268488e+00
1.062285005286404571e+00
1.182146399998096120e+00
9.901694015332875853e-01
1.018834151328738002e+00
1.132213968530440429e+00
9.247538772593968392e-01
1.032315016142532071e+00
1.118745672358469001e+00
1.043290934068166864e+00
8.848080846510251174e-01
8.928014207532353197e-01
1.040412063160303102e+00
8.465354995069247490e-01
9.194953188388585996e-01
9.929058015570311202e-01
8.460881890118168158e-01
1.005376662125691212e+00
8.908735262059914728e-01
1.028385499249871993e+00
8.448075952028899493e-01
9.190762109244889899e-01
8.244899014574957885e-01
1.091512432569681001e+00
1.000054540489801136e+00
1.043704737198049015e+00
9.272150836602024437e-01
1.025687543339937280e+00
1.039442460832487924e+00
9.708232798090753457e-01
1.080580465250929656e+00
1.159890976215983693e+00
8.841087957525732843e-01
9.634381962070007743e-01
1.128928106065248294e+00
1.112950436786204644e+00
1.119924546411994903e+00
9.206299787512680632e-01
9.840211440568273904e-01
1.086793787254900279e+00
8.099524694504613986e-01
1.181002733224046031e+00
8.782192779016049222e-01
1.115402165145187752e+00
9.952296324204181754e-01
9.244334188371349237e-01
1.020805593616608942e+00
1.075596155633096407e+00
8.534081555702516253e-01
1.090666599697950323e+00
1.225694299143494703e+00
8.614713956169646192e-01
1.003335212443437152e+00
8.155264885009843034e-01
1.032372027357393085e+00
8.242594226158951320e-01
9.734722005332798744e-01
1.047874231505146581e+00
8.298799596026575909e-01
1.077529519623627863e+00
1.083796378746142652e+00
9.612498551414554449e-01
9.163511127552437241e-01
1.160647545460899766e+00
9.205214552946423545e-01
1.108443532259979269e+00
1.086530160589239458e+00
9.902675650531151952e-01
9.723353203064544203e-01
1.108993225400159321e+00
9.784141329844076029e-01
9.409417890245062033e-01
8.503140088597010982e-01
8.660383622006717630e-01
1.173203626544443878e+00
1.059313963414949544e+00
8.830514708361396625e-01
9.769527007081892922e-01
9.692012780525383064e-01
8.312889771647529180e-01
1.125139530361731532e+00
1.001678722072237626e+00
9.628202563614336462e-01
9.878835354196787710e-01
1.095939516187253382e+00
1.058114572392824693e+00
1.012001956668577174e+00
8.224784278321555231e-01
8.849900100911354262e-01
1.029468064279691841e+00
1.022535652833242104e+00
8.961381564587689308e-01
9.222767324905041253e-01
9.138040163232954427e-01
9.777383667727608252e-01
1.178436656870429644e+00
1.043359831876770949e+00
9.409167618848455206e-01
8.750706125416333192e-01
1.028523281813308099e+00
9.086649500268042523e-01
8.435313492336367069e-01
1.106362054272780338e+00
1.040723540210883202e+00
1.005131716932559760e+00
9.495836034069295994e-01
8.067914435332117495e-01
9.951105689892585371e-01
1.207292241079355399e+00
1.073726853673769188e+00
1.190787771216304414e+00
8.542780317475291429e-01
9.547643032743940994e-01
9.326256776236414581e-01
7.893086487166629528e-01
8.059755973067896928e-01
1.019587151522374446e+00
1.007092046809590302e+00
8.129688294601589149e-01
8.322958012498666847e-01
8.870582465718216403e-01
9.682917011200748991e-01
9.096705715406592230e-01
1.004581464860575313e+00
8.384136399899601022e-01
9.389726028075384701e-01
1.110668740725401005e+00
8.172440261979099230e-01
8.348923738710808395e-01
1.141695714254405969e+00
1.079437693303513912e+00
9.210487239530786852e-01
1.013545389702801058e+00
9.172367764998097250e-01
8.382798844520815695e-01
9.849740326650064937e-01
9.600269948061280756e-01
9.966697592584126131e-01
1.174488770209620725e+00
9.524680341202735878e-01
9.535786172669252769e-01
1.221739126260217523e+00
9.646792855713310910e-01
9.608365528791669163e-01
9.394053722228395964e-01
9.991093613284798280e-01
9.236339971740350485e-01
1.082857127085868232e+00
1.015076493577735439e+00
1.142259114646524853e+00
1.144155790531519168e+00
1.079023066413023813e+00
1.039722600343529368e+00
1.059282916962381416e+00
8.246176823318610571e-01
8.426161927842000798e-01
8.175338075713456387e-01
9.335511076579584566e-01
8.946796180417211364e-01
1.046312871493452867e+00
1.083756710672498125e+00
9.627394043326756856e-01
9.733918793979753348e-01
8.650570405557413967e-01
9.230978058475369785e-01
9.592485572059861187e-01
1.028609592715477472e+00
8.285781881887646083e-01
1.000264236496376302e+00
9.174072606976524380e-01
8.572506015762757503e-01
1.075477835533341642e+00
9.616566732635108972e-01
9.511395298174760704e-01
1.121162656326974538e+00
1.030060016702051273e+00
1.121233267259778454e+00
8.884443383869033983e-01
1.051162588938174602e+00
9.584432496709832661e-01
1.016172763554121339e+00
1.014732578128280327e+00
1.118469055532836265e+00
1.056152448739616556e+00
1.111198773468818013e+00
1.122123844415134686e+00
1.048192729994206429e+00
8.312242785260842703e-01
1.127352732808363012e+00
9.742674360351716301e-01
1.074140349114152126e+00
9.380769849312590170e-01
1.050811324579601580e+00
1.065847745274129510e+00
1.107412859699891117e+00
9.481466223703359786e-01
1.135490243737560467e+00
1.060527943264618411e+00
9.533492979034328130e-01
1.026783680164926604e+00
8.628249372284997332e-01
1.059937139588254418e+00
8.803515189080710623e-01
8.455481292281730177e-01
1.091412966738731338e+00
9.148662827103124506e-01
1.073065061174183654e+00
9.509532686089758879e-01
9.458927844274066521e-01
9.826553948946263883e-01
1.073783336140496480e+00
1.162324413555177571e+00
1.188571637160833916e+00
9.798142606632652685e-01
1.021247628999919499e+00
1.036640702519192381e+00
9.847225794491337725e-01
1.021637199632953630e+00
9.481877647389913566e-01
9.962424458069145672e-01
9.105314568590108237e-01
1.064920369009824119e+00
1.073299112340598382e+00
9.751052477853485723e-01
1.051844391458068184e+00
8.354652732776193247e-01
1.031701154328039660e+00
8.914982187589182150e-01
9.915750709668414986e-01
8.230305924035297149e-01
8.885176365702796009e-01
1.049621906730316079e+00
1.126227524970460525e+00
8.531026657337201780e-01
1.082112558156237414e+00
9.653365339452768534e-01
1.138258908047373508e+00
1.013348280717601968e+00
1.043042639806478711e+00
9.312567558837432369e-01
1.027094319547933177e+00
1.147015096913748478e+00
8.191423730755188481e-01
1.061328382172278983e+00
8.383372845438782361e-01
9.528295727766520340e-01
9.884298878889340445e-01
1.050838918927080368e+00
8.443109409545040966e-01
9.471257607943024404e-01
9.634280574900944139e-01
9.229521114192398290e-01
1.001260085047108506e+00
9.685896181572462016e-01
9.556827099386794311e-01
1.032663346375927382e+00
1.070544978707309580e+00
1.066202137561589547e+00
1.052021657383031217e+00
8.766122868810981572e-01
1.009479316710548247e+00
9.412145410300800652e-01
1.148326970504210065e+00
8.583645941265021229e-01
9.888557798670867260e-01
9.724303298024523645e-01
9.859410784335577160e-01
9.444116825248737301e-01
1.146807811578987035e+00
9.917295056920992780e-01
8.950645205724324649e-01
9.693433021450579279e-01
1.034979461241257059e+00
1.070453967489963798e+00
9.977656950920128498e-01
9.669292161653526563e-01
8.819260052259458860e-01
9.646378693397839044e-01
1.174184818089579752e+00
1.004715304661764508e+00
1.050750190086529257e+00
1.036549941487482140e+00
9.048501375528521518e-01
1.067426147384932689e+00
1.169657360552756931e+00
9.274347038704510160e-01
9.446167710340379609e-01
9.426142991205134214e-01
1.108651042416570753e+00
1.029752036475420907e+00
1.144785716750166493e+00
9.280729018382153361e-01
1.060052257595972991e+00
9.691878330988649148e-01
1.115884375879693469e+00
8.421430080239782345e-01
9.445734906882663484e-01
9.312297771182571626e-01
8.310231047552232297e-01
9.428866945876690497e-01
8.597054507933399314e-01
1.011167226038415912e+00
1.131319321365924280e+00
1.053033705204756032e+00
8.757848831875680862e-01
8.671963527218704559e-01
9.926316360348600432e-01
1.018144951646140495e+00
1.048202151896646228e+00
9.083627438005907884e-01
1.020297260565501851e+00
1.041948783289955216e+00
1.022142068881228161e+00
9.837657767255107988e-01
8.826084342526838711e-01
1.064142761171298579e+00
1.009326925653512008e+00
1.024163750692401509e+00
1.087960277970027922e+00
9.564471524101090250e-01
8.824357473044487365e-01
1.014925995395296265e+00
1.088548448072934605e+00
8.627573481163182123e-01
1.088761379791113759e+00
8.030964480660682803e-01
9.401432693789797401e-01
9.039079021640912259e-01
1.064469808441483645e+00
1.161827587304811615e+00
8.389999204491958018e-01
1.116668336075045120e+00
8.779493368609662118e-01
9.070268431402207510e-01
8.986356976022897847e-01
9.332239818226555350e-01
1.187736105257244379e+00
1.085505696108350016e+00
9.521749360366595916e-01
1.063557410731940545e+00
9.647553423391939109e-01
8.960450334760783342e-01
9.296895358288266298e-01
1.027962747595563497e+00
1.008382604038182917e+00
1.032650832283148690e+00
1.035581387683903953e+00
7.860319402372430986e-01
9.371320531481439620e-01
1.133445382889628261e+00
9.860261146028819201e-01
9.900007816449356568e-01
8.523622029235754516e-01
8.728008510293557842e-01
1.030024762575166397e+00
8.541469876308904752e-01
8.749745081830410109e-01
8.692809463091318856e-01
9.392052601362159692e-01
1.032482089391437041e+00
8.678163532077604048e-01
1.084991873303597476e+00
9.035091980239144949e-01
1.093759706331599801e+00
9.649913149787161526e-01
1.153841646742233884e+00
1.019886094496134543e+00
8.932164783167260147e-01
9.594159693887531759e-01
1.010250190776311285e+00
1.059266145631476697e+00
1.185893800285005684e+00
8.082931969657415339e-01
9.675531823103321605e-01
1.114249519717762427e+00
1.086830284036498506e+00
1.105788828801113510e+00
9.578519988540763475e-01
1.069701565042228797e+00
9.217827360378916257e-01
9.741310491852073206e-01
9.184313289583417861e-01
1.017990223495089941e+00
1.219152176668737431e+00
9.656735144393120418e-01
1.000982602649786779e+00
1.057907008776987734e+00
1.088158348681441234e+00
1.109577787710746444e+00
1.125699355730204410e+00
9.728606014510461364e-01
9.744410410800500300e-01
1.120097447074935415e+00
1.082411723913897728e+00
1.091745147193166954e+00
1.034392592864246785e+00
1.052488258344273842e+00
1.167119779692583403e+00
1.014532511237936196e+00
1.118879363551738448e+00
9.917901587943200870e-01
1.141260520427410663e+00
7.905832161696073612e-01
9.224368288740307786e-01
1.047104592074012297e+00
8.941746831432789699e-01
1.081207164985010571e+00
1.008880975269603741e+00
1.025623599429961175e+00
1.095127911675759291e+00
8.150332063646021918e-01
8.850577964280621490e-01
1.054655438104023402e+00
8.101805776523460789e-01
1.010212197993710870e+00
9.934409761575822007e-01
9.702236373160066929e-01
8.574537190228034289e-01
9.662426397877524886e-01
1.065091938449067355e+00
9.645171007669626206e-01
1.096713517294580331e+00
9.573064214203672595e-01
9.557427443582304782e-01
9.343165199795122611e-01
1.091216126517437601e+00
9.886777105284596523e-01
1.150074086017648600e+00
1.106930648672488804e+00
1.174414953226167846e+00
1.069715602025924195e+00
1.194036971115280288e+00
8.980928873109368382e-01
1.177869552840945966e+00
1.222681308271507561e+00
9.206788281284339348e-01
8.946959350242434938e-01
1.123074011203149425e+00
9.233319900429937110e-01
8.579143479135751260e-01
8.746955507755893588e-01
9.538986538816169869e-01
8.614644733832408363e-01
9.595922013708166887e-01
1.018874898450609745e+00
1.087359544534689304e+00
1.027547853215709406e+00
8.543264282105031970e-01
1.095353814032373307e+00
9.760376031175760358e-01
9.504759099853496984e-01
1.139720478210432653e+00
1.096452943440403338e+00
1.071527406706468177e+00
9.484475586188778617e-01
9.409400821993314512e-01
1.180732190407016491e+00
1.004528740573875201e+00
1.071505692829253453e+00
9.606915246504420525e-01
1.075231655676168074e+00
9.573922000776060592e-01
1.188796689209287161e+00
8.513298582065549347e-01
1.020627041344083219e+00
9.962344321312321949e-01
1.012181146682647803e+00
1.181360201881890948e+00
8.756427036222722560e-01
9.496327139756313152e-01
9.774866188997382022e-01
9.312445642733984119e-01
8.023716597937781136e-01
8.858417689820962115e-01
1.022517493939840039e+00
8.120057794554463859e-01
7.962593941608999693e-01
1.043236210998469637e+00
1.179080699785923780e+00
1.071029187920060188e+00
9.168911801704833220e-01
9.744391352993924116e-01
8.955917161164470564e-01
1.042212009189746436e+00
1.082228033975316306e+00
1.026309277938975528e+00
8.820596904332134169e-01
9.447821102308379126e-01
1.104413417130303499e+00
