1.122907721652862456e+00
1.011240936646045752e+00
8.632867219959485805e-01
8.856178735233289911e-01
9.152163386893545916e-01
9.848351656360825324e-01
9.567090956664365820e-01
1.063906093157769961e+00
8.614154980139949735e-01
1.001850879744194067e+00
1.131744035532922910e+00
9.933602937143284350e-01
8.773858626495950608e-01
8.817018980507947967e-01
1.126975518562693512e+00
9.766522750044182022e-01
1.026061264835935738e+00
9.233380342202814894e-01
9.486885899697184987e-01
1.069867606389842685e+00
9.159384400510535151e-01
8.649175967087640027e-01
9.777055660501012824e-01
9.412827291557610554e-01
1.050694536884169361e+00
1.051833826338095523e+00
9.486691663822806042e-01
1.078616055517620298e+00
1.076727235696164575e+00
1.007044343604835746e+00
8.954712441723567951e-01
9.716693974341712448e-01
9.373606868414632309e-01
1.047751817494506632e+00
1.103605151825357789e+00
1.077270991402746292e+00
1.129085435193546649e+00
8.839899809848641432e-01
8.896317522737674510e-01
1.092823150288620093e+00
1.154096333207163427e+00
1.121615064243767002e+00
1.193632891144631225e+00
9.432919673759123658e-01
1.009329302261378070e+00
8.786108419155824745e-01
1.058748378423732595e+00
1.061279495470001999e+00
1.020976668895246409e+00
1.052532315616559355e+00
8.978923060087955488e-01
1.070658510572091826e+00
1.200983492537057717e+00
1.122150163202602968e+00
1.092284911054928642e+00
9.798473348596341559e-01
8.859170629290031851e-01
1.077731996516946511e+00
1.088107679174724396e+00
1.145425226887066383e+00
1.126387191039885272e+00
8.538467238637358347e-01
1.037751000913541555e+00
8.971954502468290071e-01
9.681205073569287833e-01
1.107909477683957977e+00
8.463357193860241434e-01
9.459241119601842218e-01
8.513666930948422529e-01
1.128645164427113379e+00
1.034496764442575989e+00
9.398701628678044484e-01
8.287561879927087816e-01
1.066039253056706659e+00
9.614456486305804628e-01
1.212133635120711705e+00
1.076451602763504489e+00
9.468160136521861503e-01
7.887549334281307445e-01
8.867905018753661217e-01
1.133986112332651786e+00
9.391544864497012313e-01
1.110916714117276438e+00
1.138538491063500135e+00
8.907301246595562549e-01
1.230842625192472006e+00
1.003345324649576265e+00
8.237775160613373115e-01
1.168666875549330797e+00
8.590503702924470186e-01
1.078304948188234524e+00
1.076679108427829545e+00
9.102339402148781344e-01
1.035834811708885361e+00
1.049183891560528936e+00
1.025506686635476061e+00
1.142357250011480918e+00
9.006508892444695658e-01
1.189331007312874444e+00
1.065223560304195516e+00
9.904711935391021793e-01
9.749264852488166433e-01
9.286331390413374853e-01
1.027815961918964627e+00
1.006867892809886644e+00
1.099012858056225950e+00
1.126149530009655786e+00
9.779665068060527933e-01
1.058955765414657080e+00
8.729818736521604006e-01
9.017470107651814892e-01
9.062623156076573538e-01
9.592584154085384007e-01
1.083476056862877845e+00
1.076788731713765435e+00
7.644977159600554462e-01
1.107830928225983058e+00
8.499633414839273815e-01
1.020636448237267180e+00
8.585411341216679926e-01
1.105443485125258141e+00
1.214736462978515341e+00
8.952179979849375080e-01
1.002863951650164731e+00
1.012895232653309385e+00
9.529766564419057673e-01
1.112744663134774159e+00
1.150510262119419203e+00
9.672243502003488036e-01
1.112845000657236794e+00
9.186890558391813677e-01
1.188265962403974862e+00
9.015911339821898185e-01
1.114279872762871104e+00
1.005339490125617630e+00
1.104211777805934158e+00
8.745918968969417229e-01
1.051656680443795677e+00
9.728136571511440955e-01
1.042908823693316611e+00
9.879373062590497412e-01
9.968410152162319182e-01
9.423421679358656711e-01
8.877971865341260926e-01
1.109494438231903191e+00
1.089583927361168714e+00
1.130038516805798032e+00
8.321159567080549380e-01
1.207382339379439617e+00
9.977558691781641675e-01
9.920047903966479064e-01
1.035391602291860114e+00
9.490385407699560849e-01
9.209791544997666390e-01
1.055989180250227477e+00
1.048584071207818269e+00
8.569110807208129010e-01
1.011745857371542545e+00
9.244539352304304014e-01
9.412159946634750529e-01
1.116952014343958188e+00
1.100923968070487424e+00
9.737183909583158048e-01
9.450135100293552970e-01
8.220980166800434530e-01
8.934707812443406505e-01
9.704478011153324646e-01
8.680174838172912688e-01
9.136243223821749471e-01
1.009021966068396114e+00
1.015273980759888062e+00
9.766136245457859300e-01
8.341407179008337724e-01
1.044325426264108403e+00
1.024820012478466547e+00
1.040454285436605897e+00
1.093487662801149618e+00
9.428013066977221079e-01
1.062868387936400483e+00
1.159978260041370834e+00
8.413952059715263943e-01
9.902587538465830175e-01
1.138292111302099174e+00
1.132542635279232490e+00
8.888523307940670026e-01
1.088906278853491782e+00
1.214945939136103270e+00
1.027441663036626096e+00
1.088274617852256210e+00
9.408371933225944117e-01
9.629792565384558412e-01
9.245041637178871285e-01
1.198707559625324048e+00
9.596575679995066332e-01
9.597109100470658793e-01
9.855143901495433401e-01
1.194704709937371767e+00
1.018078359076924899e+00
1.037060024446976758e+00
9.478024580346586792e-01
1.002055746684747728e+00
9.181079703330319308e-01
9.645272863878737724e-01
8.279738195435037973e-01
1.065937312402225112e+00
1.023910335079601275e+00
1.060563641930618806e+00
1.017149959507863022e+00
1.022154465523635647e+00
9.574856316534080536e-01
1.165157172696579257e+00
1.069465894978121279e+00
9.843495800740711399e-01
9.572145396864966127e-01
1.058363642057285059e+00
1.013069464049715540e+00
9.353653448212138066e-01
9.770015155697532316e-01
9.018705041105868903e-01
9.703495115776994417e-01
1.234361150830603160e+00
1.148923836703415358e+00
1.077500859030000591e+00
9.102221054026441438e-01
8.256100538931474553e-01
1.171564821846516891e+00
8.739389650900650786e-01
1.057658564444564187e+00
1.053283831969021422e+00
1.123042050093118860e+00
9.713430345044140601e-01
1.182662968049991825e+00
1.099538224329246860e+00
9.998665416932157601e-01
1.023699313890887863e+00
1.092232145932676923e+00
1.039696598744520806e+00
8.466466896916322593e-01
9.319746833258440999e-01
9.597515515140726539e-01
1.075792150206803965e+00
1.164726971576104386e+00
1.017149342556574299e+00
8.913853484939495697e-01
8.643835381053019962e-01
8.895576180971889180e-01
8.540208461518901117e-01
8.759329619300546543e-01
1.061402383504869595e+00
9.067169684999474288e-01
9.093074808088956740e-01
8.160647783576621128e-01
1.167411107083540678e+00
8.603824753728445129e-01
1.103002606710828282e+00
1.001788960168037423e+00
1.025342004307240096e+00
1.058871617387031838e+00
1.104637560122320394e+00
1.021911724395470511e+00
8.541383211587674218e-01
9.921958020994521288e-01
8.990282761290511182e-01
1.129751781219711981e+00
8.439067538332253315e-01
9.432758645034415856e-01
8.688967272488337112e-01
1.140068226104777649e+00
1.039823562886830866e+00
1.015969090777297801e+00
1.056841036527415012e+00
1.156548210701501489e+00
1.181497872808705107e+00
1.156457081176482049e+00
1.135033606989216404e+00
1.204031403779799891e+00
1.134668773045668377e+00
8.856603253856898395e-01
8.575708341539104440e-01
8.613302328255552087e-01
9.658854072100486743e-01
1.096399210073834229e+00
1.094208709535656299e+00
1.069246195979564273e+00
8.014284589533384739e-01
8.765669695029801867e-01
1.076658613714233326e+00
1.015686846704140001e+00
1.073844875156424683e+00
8.959949575123498100e-01
1.031451083683973424e+00
1.135675859006147093e+00
1.033159266324710224e+00
7.762570245827729032e-01
8.432582218322153267e-01
8.661218859709909346e-01
8.499360286885224713e-01
1.074418956435871042e+00
9.978065464961382025e-01
9.639690414977680755e-01
9.872021134953754551e-01
8.133906181729039231e-01
1.036822322353760262e+00
1.123585702310228251e+00
9.313508819270785999e-01
1.082376996536623226e+00
9.826075606185524780e-01
8.062637648115120736e-01
1.038680649315096849e+00
9.819446185655440473e-01
1.005512461867461127e+00
1.057729330086566666e+00
1.072862705728869770e+00
8.238852166229932994e-01
1.069583331330661080e+00
1.106984036091957835e+00
1.067444685020481954e+00
1.013617486038697502e+00
8.753920696426182868e-01
1.042689480637322585e+00
9.654943160929057022e-01
1.038237944650488132e+00
9.725542081544541473e-01
7.893054109049275624e-01
9.740803716154011749e-01
9.431848149357886513e-01
1.029794633944851601e+00
1.044300876681289125e+00
1.193995099185151343e+00
1.021895814147700809e+00
9.095284210110391454e-01
1.211251693455510203e+00
9.250148774122117779e-01
1.054589995271182357e+00
9.375610984748939947e-01
9.004193962543570739e-01
1.074616208496864012e+00
8.945545938773341588e-01
1.027355711668367588e+00
9.910475153912745583e-01
1.051383334097705236e+00
1.052649923388524922e+00
1.090291672086841634e+00
1.021361917862960045e+00
1.145105378075301328e+00
9.525801307216730240e-01
1.062244265728524928e+00
1.051924235769707838e+00
9.367928014446533780e-01
8.322553365617915144e-01
8.943985396411116007e-01
8.732301173436193276e-01
1.049449326850972586e+00
1.175030994781691929e+00
9.196835424778089241e-01
8.751655788947132475e-01
1.024334940845899933e+00
8.592603487806317331e-01
9.414032692897855714e-01
1.094384876815482022e+00
8.883184000758956866e-01
1.073249132223085933e+00
9.091466741332704382e-01
7.867040105899327784e-01
1.014406203696913922e+00
8.848533892092755870e-01
9.543547533308932573e-01
1.050605423275497996e+00
1.074291547525623391e+00
1.004701257704792461e+00
9.694619143894769309e-01
8.914389330233611908e-01
1.150445677665581590e+00
9.660408597975034262e-01
1.091568534253137823e+00
1.057650307942790580e+00
8.221633928100700039e-01
9.276833425075479145e-01
1.112855532245846657e+00
9.889108534507728976e-01
1.013962201923146456e+00
9.052918732961106052e-01
9.277527300462480309e-01
1.146260169744778290e+00
8.010293250946884935e-01
9.505043679069932194e-01
1.022878394799543011e+00
8.657085980108916168e-01
9.492965235103417720e-01
9.645399644981902387e-01
9.487936174486835128e-01
1.035419406088781136e+00
1.035066221404217668e+00
1.031384955321424046e+00
1.234015725295698696e+00
9.408073224681916535e-01
9.913920467510171086e-01
1.149935423555515701e+00
8.664204801339518980e-01
8.721309545138158370e-01
1.090240616111791461e+00
8.577605486961887848e-01
1.105349781626223660e+00
1.050192454780717988e+00
8.848065604828252440e-01
9.932812202684397906e-01
8.641796227204554537e-01
1.009619514611248547e+00
1.028232684104774641e+00
1.143055138280294480e+00
1.114296946263860111e+00
1.098413127518413024e+00
1.079849113548273731e+00
9.743009317008954895e-01
1.132302502836662006e+00
8.752208926732285565e-01
1.012165567126365406e+00
1.004537369655492896e+00
1.145941949620253419e+00
9.021602491268344570e-01
1.013852689496142601e+00
1.054866030733471627e+00
8.821615274805484352e-01
1.134430155733440415e+00
9.880142305298468264e-01
8.355945596180218704e-01
1.069547632142026083e+00
1.206203989415621347e+00
1.031277176586553157e+00
1.016366818004480255e+00
1.148018663057210897e+00
9.766962381687441797e-01
8.011930318751829816e-01
1.018622578353300945e+00
1.174452571719897032e+00
8.468408738993025153e-01
9.883987070538280406e-01
9.892384186802680723e-01
1.148840788099326771e+00
1.035261886466031678e+00
1.179820035305363390e+00
9.537589306263374311e-01
1.085107060381057753e+00
8.917998796235884207e-01
9.587534940817750151e-01
1.165699346427461647e+00
9.790904772469579687e-01
1.016160868839109055e+00
9.156195768348269759e-01
9.774056695793549299e-01
1.194977045585290165e+00
9.231519683016659039e-01
9.782834215305176162e-01
1.005365814752157361e+00
1.104754165408465383e+00
1.092557820686942183e+00
1.002292181605228150e+00
9.694984402704707183e-01
1.138109218713969639e+00
9.897894825887025849e-01
8.266218514922518690e-01
1.067407656511543790e+00
9.968169575471703681e-01
9.853951826703298833e-01
8.867503708318901223e-01
9.845140923951219980e-01
9.537659863524092785e-01
1.000375784957406644e+00
9.292608280166774204e-01
1.142279572843086122e+00
8.778750441175868779e-01
9.450894737443179539e-01
9.439729919277979331e-01
1.155039056862424918e+00
1.067495928956825546e+00
8.738543689360480649e-01
9.508381755381168920e-01
9.494875873102448516e-01
1.194827609533127388e+00
9.852072237333824312e-01
8.607743651403475527e-01
1.125097287132037716e+00
1.019267231441238319e+00
9.978115059756589300e-01
9.781844931440222268e-01
9.243811419204981394e-01
9.850289807652619078e-01
1.003037384857243142e+00
1.147152750821398559e+00
9.258724140942876657e-01
1.095043309959418787e+00
1.014742201303879376e+00
1.145993560645113929e+00
1.220975028858043876e+00
8.703886695301115140e-01
1.188856972577721161e+00
9.248579093585185262e-01
9.411928281010208952e-01
1.185733439108507703e+00
1.053560416893157159e+00
1.039830831621357587e+00
9.363427662007172136e-01
8.809914289890123928e-01
9.389400570576521554e-01
1.005671239487338608e+00
9.866579158240229575e-01
9.163841773002024960e-01
1.120535157185788222e+00
1.138666278429748102e+00
9.009517881358545255e-01
9.033785574011745645e-01
8.182801228822449424e-01
7.859728840399329286e-01
1.017879903186136747e+00
1.199914862014969108e+00
1.001306314020440347e+00
8.863628077748483269e-01
1.029252103616559166e+00
1.080306569584680076e+00
1.003079003824241644e+00
9.024284978233021448e-01
9.783678475499819616e-01
9.531592968268867150e-01
8.799637652071465865e-01
1.136860755296369874e+00
1.081776157283555362e+00
1.013729415803841682e+00
9.099071928797777264e-01
9.137771429649259591e-01
8.507135381011314834e-01
1.026266258325164271e+00
1.128264523138649444e+00
1.182031232818652189e+00
9.570300648428553547e-01
1.020799447768116153e+00
9.148906387869557566e-01
1.135410268878638052e+00
1.084852379239310993e+00
1.122921486378986922e+00
7.512676018412196566e-01
8.684595180657130875e-01
1.023118256281960292e+00
9.782659478782734785e-01
1.114693533658492663e+00
1.071317874620892008e+00
1.121797225380492868e+00
9.793967929455043020e-01
8.764802020932976889e-01
1.012062002341131306e+00
1.107884889616057134e+00
9.664378177192406438e-01
9.217030769066258955e-01
9.790624717852554060e-01
1.020207018571763768e+00
1.055572045923734326e+00
1.109041126348900397e+00
1.008582684868633006e+00
1.049204630312730480e+00
8.723475090908163754e-01
1.043798252540828475e+00
9.561656556902262682e-01
1.092400477407582615e+00
1.091966030605137750e+00
1.139699498898515628e+00
1.008274476043062196e+00
1.095885589346716760e+00
1.093040739092697278e+00
