9.315845579754034045e-01
9.644843145637465032e-01
1.030397514812047222e+00
1.006757354935696069e+00
1.058492443060581545e+00
1.219477147635482650e+00
1.088797611243636165e+00
9.832930439685750867e-01
1.139226928097120783e+00
8.756848241555039714e-01
9.498383977735109784e-01
1.096792708932560201e+00
9.609924284301099018e-01
8.479236911069294447e-01
9.871480361240743129e-01
9.076390369524344193e-01
1.068099398608089778e+00
1.090486792216944334e+00
1.140300262415433696e+00
1.109985625324033442e+00
1.055442627801766786e+00
9.563418895909974182e-01
8.227291470924035233e-01
1.061415560823822490e+00
1.033557836135024610e+00
1.040841937171244957e+00
1.125087314136605787e+00
1.011414983801236733e+00
9.167351111977579681e-01
8.535523155223754266e-01
1.024641531973538688e+00
1.026572398473392322e+00
9.818344322407248637e-01
9.713931686891397188e-01
9.428655104695138345e-01
1.170057418582314268e+00
1.030836844247316586e+00
9.732896912768569386e-01
1.182042569426513756e+00
9.978404618644347579e-01
1.112868969699690735e+00
9.694438106170464309e-01
9.467636732121142984e-01
9.502730918729237475e-01
7.967845378978257731e-01
9.504493704571046475e-01
9.978350877014132703e-01
9.814934291847533521e-01
9.476841492852026150e-01
1.124997477498322018e+00
9.885620663564116395e-01
8.519047040688509931e-01
8.833811888057448991e-01
1.032728172196471172e+00
9.616875968815318254e-01
8.032185606167269176e-01
1.073189438251298089e+00
1.059120271711182504e+00
9.655433618140022434e-01
8.497997091474249753e-01
9.161658620908572637e-01
9.449935019293952410e-01
1.145305423340165385e+00
8.275665128559267503e-01
1.197092380911410014e+00
1.070961482474786619e+00
8.677641206575396060e-01
1.179758028478025800e+00
8.613711925447506967e-01
1.064231849085910175e+00
1.033484105100624273e+00
9.779180450547195758e-01
1.104200757765389174e+00
1.006797400132683151e+00
1.083831477295608359e+00
1.093323500312223029e+00
8.496669056081209703e-01
1.078019730798712494e+00
9.397748863763898397e-01
1.051366179020023939e+00
9.628058385459057344e-01
1.157746750068344266e+00
8.557206097525054123e-01
1.079528770694847317e+00
8.769614869964688086e-01
9.208281100865622903e-01
8.341386024470891503e-01
1.121283305581268985e+00
1.102374556076873624e+00
1.137010269578293098e+00
1.074414787241050995e+00
1.050456923831821321e+00
7.781614830261894822e-01
9.750158309361045550e-01
1.030464071352630961e+00
9.777928097443020494e-01
1.121020839826578186e+00
1.019403378991595277e+00
8.947771210735803171e-01
1.069197565963051488e+00
9.383131676782291430e-01
9.434303196989646256e-01
1.091104089361586871e+00
1.057482452370600567e+00
7.874007407837835260e-01
1.055436305319119139e+00
1.025980780365873812e+00
8.234933089922136240e-01
1.057430510013978919e+00
9.573502540312391895e-01
9.347000776389629007e-01
9.447016544933333204e-01
9.922230033008414551e-01
1.071018221175224161e+00
9.644334779649614831e-01
1.137043905453015036e+00
8.900208896348063004e-01
1.208511252113855017e+00
1.149163728801259721e+00
8.057021184087813648e-01
1.216187553032710422e+00
8.925015194491565662e-01
1.078741184109386353e+00
1.210060282834344081e+00
1.121953710139242721e+00
8.230300378081614188e-01
1.050793558216284396e+00
9.659565365572242435e-01
8.808740010487543515e-01
9.318421609562523855e-01
9.798444501052621103e-01
8.734346354276035784e-01
1.071183636540968598e+00
1.060331383557676865e+00
1.087236514335939708e+00
9.975957544347343608e-01
9.619737581627646472e-01
1.016327699084053293e+00
9.795336202804496573e-01
9.507488217900490479e-01
1.050455139109202296e+00
9.327687992035718079e-01
9.779729605722442543e-01
9.483736708797654291e-01
8.692540537807580403e-01
9.402776747257122203e-01
8.611453209486338300e-01
1.086565450070674288e+00
8.619140607223870765e-01
1.053310068015281598e+00
1.155588587701384951e+00
1.144488099747437371e+00
8.250925791182291968e-01
9.828513121633608574e-01
1.025890411936666524e+00
9.472310421000207370e-01
9.298747112566778661e-01
1.053317284338126658e+00
9.984035845886025662e-01
8.177259725627888942e-01
1.222630536563904302e+00
1.125219221605032960e+00
9.752142953319836716e-01
1.140293712772597834e+00
9.725568584083674750e-01
1.147758980469190560e+00
9.860614759822450281e-01
8.887733494349159269e-01
8.226749060416806980e-01
1.148060750394986007e+00
1.043337541766223620e+00
1.032559494566271496e+00
9.385186691459794783e-01
1.061001927473327555e+00
7.929251800200831646e-01
8.891942882124974634e-01
1.016381062528118440e+00
1.114455540316179327e+00
8.962530277272635626e-01
1.000613659095618724e+00
9.933494883169879941e-01
9.967739551915499874e-01
1.089491817386498251e+00
8.656593157042511422e-01
1.062178063094892266e+00
1.158985002685082311e+00
1.147999016712597520e+00
1.176508134747393353e+00
9.384810828157639229e-01
1.059150223623947173e+00
1.055120771157866288e+00
1.029188695755979488e+00
9.881554949350817019e-01
9.901679157456519942e-01
1.021850071754647482e+00
9.185286324460932850e-01
1.107183993669495603e+00
1.022396735958336356e+00
9.295080344857422627e-01
1.017923369282878188e+00
9.226509704727816619e-01
1.113008474022619820e+00
1.078907260649939692e+00
1.015117913224655277e+00
8.077135929095295985e-01
9.493572670926921919e-01
1.077291501245284611e+00
9.970193508135232197e-01
1.045344079672188231e+00
8.935816502308342457e-01
8.156840756080416810e-01
9.232734899334397172e-01
9.837958940713242839e-01
1.069042003123525486e+00
9.098167311609786090e-01
1.103816074867303376e+00
1.110491460657266227e+00
1.107369497741658604e+00
1.036799367110212922e+00
9.835912120604619613e-01
1.146866885961342231e+00
1.049806884137494123e+00
8.721409757605762536e-01
9.219613520850953314e-01
9.608797669794419960e-01
7.909613175969034682e-01
1.061240837735072828e+00
8.956732576619457209e-01
9.189982042827529174e-01
7.966333639247317189e-01
1.061360463713435509e+00
1.190072328214029529e+00
9.281407572522257787e-01
9.285043915562927186e-01
1.004730928356204922e+00
7.937779337909618427e-01
8.868650352697964312e-01
1.014185923088342101e+00
1.046937293886696096e+00
8.158632246634630603e-01
1.066629701830722698e+00
8.004580946116685025e-01
9.592489163582866851e-01
9.602187829120362172e-01
1.227980172732853870e+00
1.092213064699710134e+00
8.478645302180618515e-01
9.651682920039919011e-01
1.007745039489463368e+00
8.574107633022143293e-01
9.564158997037259802e-01
9.351375761200397818e-01
8.286220349359725290e-01
1.075512449922649161e+00
1.171927224496633002e+00
1.182896069164058650e+00
1.175605970442283654e+00
8.639479795322579925e-01
1.064089978120390967e+00
9.959452236000101433e-01
1.190784367237817110e+00
9.271735944090427894e-01
1.003316160735077345e+00
1.104173409142980677e+00
8.846184899026934279e-01
1.159065413005023082e+00
1.233176705943632712e+00
1.135129057669965302e+00
9.639142280327021028e-01
9.340682729957225927e-01
1.095940280803132216e+00
8.645747519118618385e-01
1.053724564896981297e+00
9.502884652062726367e-01
1.086151091407890013e+00
1.057117754147437250e+00
1.174586061121220659e+00
8.943469109630521885e-01
1.065665926731071300e+00
1.077036475461525367e+00
9.642500133162270615e-01
9.379731670658808529e-01
1.138692300607652808e+00
9.550363220320032820e-01
9.761248777251966269e-01
9.072916439376474962e-01
1.046687050804526287e+00
1.052032460640620393e+00
7.671018526378192703e-01
1.013512890028962277e+00
9.902122192676373613e-01
1.196412243923391294e+00
1.084793274389954210e+00
9.329530092178264233e-01
9.448170384538401301e-01
1.103097013684305239e+00
1.013652686805877723e+00
1.097022198548048166e+00
8.496999096325312806e-01
1.072260822626445842e+00
7.995511818075953236e-01
1.108486605205324604e+00
8.204795724014759539e-01
1.044859018889206626e+00
9.679658112761576616e-01
1.195484372067969980e+00
1.000776686956272643e+00
1.043871998945719026e+00
8.186148517865672325e-01
1.017650512814013197e+00
1.053642533233859480e+00
8.306489273766144432e-01
1.107993303193214318e+00
1.124876118020283533e+00
8.145003909254879826e-01
9.343158293190233499e-01
9.949870199801751358e-01
1.029149419384342456e+00
9.963842063803122207e-01
9.672193732636240604e-01
1.046967768790583841e+00
9.436635573677927269e-01
9.272872781128717046e-01
8.642319974135410643e-01
1.105634962345798167e+00
8.672037424854490695e-01
9.785731551064219547e-01
8.266518586206725860e-01
9.350824949437894773e-01
9.622613499130988624e-01
1.003588932497712971e+00
9.374784886369942338e-01
9.906716903914000172e-01
9.131976239529864259e-01
8.524072941205838028e-01
1.061476256067783064e+00
9.803653634192295296e-01
8.576558767354345303e-01
9.922364691852216811e-01
1.055564871317424824e+00
9.108580403284401994e-01
8.550561678077802652e-01
9.850910979453140204e-01
9.973527586840322812e-01
9.219864794142041964e-01
1.044657812746684344e+00
1.009551585254619077e+00
9.989192599182570298e-01
9.343774203315089455e-01
8.885754898067621532e-01
8.110053162690997741e-01
1.084777134350087824e+00
9.172280110121738828e-01
9.650199381328627979e-01
9.655342861388320763e-01
1.149926639010039109e+00
1.125729630864797048e+00
1.097137166169727784e+00
9.393871055679903215e-01
9.166210915500931922e-01
1.014502605930077461e+00
9.575781504617800755e-01
9.466147713502053307e-01
1.052243907472916407e+00
9.642527637525821760e-01
8.469566383793484254e-01
9.467802454838474269e-01
9.854737411031893046e-01
1.122663871370545685e+00
8.136743680263085476e-01
1.093022858048298351e+00
1.025107640199566905e+00
1.070164824685109428e+00
1.023831031957782356e+00
1.094032485073962890e+00
1.174669761294531822e+00
8.719320613473742210e-01
9.569331067918072087e-01
1.143207194345726263e+00
9.493671392559117628e-01
9.986563895245332834e-01
1.136862914549046977e+00
7.988757342818699758e-01
7.903112200876172277e-01
9.197900385542444601e-01
9.392483409940091121e-01
9.087411010233161779e-01
8.346713667907257328e-01
1.132732901951345239e+00
1.083013331515921163e+00
9.644582138435714436e-01
1.195568937677210730e+00
8.583540217273132322e-01
8.642284222481524392e-01
9.532965651173638255e-01
9.802693403133705408e-01
1.003994206280611090e+00
1.015200681460137977e+00
8.659528754641759862e-01
1.092384106189610682e+00
1.146233478792768601e+00
1.055622641137754947e+00
1.083597154223796988e+00
9.572005019652212177e-01
1.056200042728195010e+00
8.266304432135243019e-01
1.032620719781385477e+00
8.179698015775668241e-01
8.248337173678857992e-01
9.679616134738238120e-01
9.205419040029636513e-01
1.052841300452530104e+00
9.146229628360695862e-01
9.974221783629602101e-01
8.325923715913672307e-01
1.083462679993017597e+00
9.114871250664708935e-01
9.665605664536773833e-01
9.663686980959860229e-01
1.141786205157593326e+00
9.941130371369397700e-01
9.661698561311462541e-01
1.166093315003198461e+00
9.726117055944631939e-01
9.429582358023582689e-01
9.705343446677969776e-01
8.916958067777986940e-01
7.815089461493325285e-01
1.097881789363603255e+00
1.020031492349879443e+00
1.048426986510556880e+00
1.008940165269854639e+00
1.111544587281649843e+00
1.133751581496632799e+00
9.902436632366599101e-01
9.680855741653138224e-01
1.132432678799183190e+00
1.118635161943837719e+00
9.850384358874435531e-01
1.017999883022225438e+00
1.097263150719331559e+00
9.124846883356145799e-01
1.044503591168427281e+00
8.669846063016274362e-01
1.111888705757978713e+00
1.178395376266725414e+00
1.101859641093786424e+00
1.083403358838238129e+00
8.022980463513459393e-01
8.774621100411739150e-01
1.123018801456861837e+00
9.692783420521600135e-01
8.588071109553094828e-01
1.043852576899266138e+00
1.086770105481043025e+00
9.445264060942170081e-01
9.116742828087237571e-01
8.484926967463488623e-01
1.104951527086655894e+00
1.002066068961246392e+00
9.821538715752355930e-01
1.082766226777048146e+00
8.196366381189454930e-01
1.015384725178210434e+00
1.001367095112266181e+00
9.022386442649389382e-01
1.063621392159407764e+00
9.452291260157010822e-01
9.363150910529072224e-01
1.052913615206961806e+00
1.024591957653594676e+00
1.055401664597559908e+00
1.073468803785101233e+00
8.498484075435737140e-01
9.067811332854295303e-01
9.123312824333176252e-01
1.081785657590635719e+00
9.181033243635197127e-01
1.024584015389227165e+00
9.676301497019097475e-01
1.008642330775654017e+00
8.581605260157825210e-01
1.043049117431232187e+00
8.824483353223158133e-01
9.757941135311760661e-01
1.017768488410598193e+00
1.027306579580823831e+00
1.026953669342079101e+00
1.085447978252211287e+00
9.890189103051847397e-01
1.109763217332988772e+00
9.940201245075527270e-01
1.193825012065787838e+00
1.170336194372936012e+00
9.927612882070244726e-01
8.164466336301452465e-01
9.772590167257330096e-01
1.002608246482531440e+00
9.811131388263266695e-01
9.738061720375370545e-01
9.069093038581701460e-01
1.068602557056632874e+00
9.088876584921151691e-01
1.140572014617377450e+00
9.802440772588016937e-01
1.074040796899161432e+00
1.117221043481068099e+00
8.193438900904250755e-01
9.534442573972101709e-01
1.065780063749513840e+00
9.785833264835150924e-01
1.175678574001234766e+00
9.224510453855783165e-01
1.037230556223915912e+00
1.226967814574961402e+00
7.675392292871716649e-01
1.046085956155657914e+00
1.174664221946441600e+00
1.108004135327999018e+00
1.104015094491663351e+00
1.039361478524751803e+00
1.166351321624774284e+00
8.472773074162334161e-01
1.054312322651653311e+00
1.083344103897067257e+00
9.066234978604559291e-01
1.024506710956429423e+00
9.980238414368737265e-01
8.150918176307883067e-01
8.586240231180236604e-01
8.370510044780981040e-01
1.054738910737216262e+00
9.949678312123622081e-01
1.022555194379478838e+00
8.059466212627366399e-01
1.016093958081988546e+00
9.480241321769785623e-01
1.002461714909173462e+00
1.119904079878883962e+00
9.886280017610491466e-01
8.924277854967250789e-01
1.068076436290413600e+00
9.712243498453071444e-01
9.959524124201368789e-01
9.110305786834556052e-01
1.193477879984514045e+00
9.998755370520402419e-01
1.005102095023040487e+00
1.100468339720783950e+00
1.002864305292567204e+00
1.084077555260948955e+00
1.156469054791664952e+00
8.581869298071209684e-01
1.078849766702139945e+00
8.903063797699550808e-01
1.009192215372346935e+00
1.119098060363070468e+00
1.026905163477739968e+00
9.325462073156657317e-01
9.730960839713259647e-01
1.223206541235120737e+00
9.843755816680426207e-01
1.074350079154312132e+00
1.020497690595303375e+00
8.764422831373819278e-01
1.028384512404141971e+00
1.037680909881293578e+00
