1.022256741581402562e+00
9.988267412909859200e-01
1.018422899446371321e+00
8.415235956665627626e-01
9.796213219741511935e-01
1.097544029961261325e+00
1.042034280987176764e+00
1.077057852332460319e+00
9.386563896539463769e-01
8.822298897212805802e-01
9.655516472289035201e-01
9.024568492481539472e-01
1.039511888625362035e+00
1.062738923623755216e+00
8.266043207646214253e-01
1.089194472487539755e+00
8.634207417409318630e-01
1.036242653456948215e+00
1.092652968938222946e+00
1.183727765506465079e+00
1.164100963859194593e+00
9.192460381999312258e-01
8.941465131251260523e-01
9.521795050412729111e-01
1.094125086270082647e+00
1.134935677509308460e+00
7.649708785702840075e-01
9.611825382272136675e-01
9.292089760168720236e-01
9.877900630951791383e-01
1.158968406893184699e+00
7.815650279895417496e-01
1.130768675056781580e+00
1.033074902788590599e+00
9.678704130101760672e-01
9.869018844416094227e-01
9.574081477673279661e-01
9.263701297016675440e-01
9.162035757133588643e-01
1.005917118267774857e+00
9.044307478127657784e-01
1.171802074983094410e+00
1.028043897434628207e+00
1.110151908809486665e+00
1.017537261598958409e+00
9.459741265547090272e-01
1.106630255004708463e+00
9.230018906578876248e-01
9.171110620476945474e-01
9.420479288958517605e-01
9.153178347926299585e-01
1.139087143205830488e+00
1.003049962638291603e+00
8.576520581305202562e-01
1.034176489499959661e+00
8.934267975993203104e-01
1.070585491138355660e+00
1.011576736992164216e+00
8.584032990503683846e-01
9.058130146253728920e-01
1.041224453018014362e+00
8.715307793118769464e-01
1.113079953291886470e+00
9.449287227904081821e-01
8.932633474896912729e-01
1.157249652325859524e+00
9.134256667993853052e-01
1.058922773257974015e+00
9.694664629182495608e-01
1.046696183505716027e+00
1.058544189403496816e+00
1.182531653455243470e+00
8.757310641648743399e-01
9.863178481208574322e-01
8.719765659894035403e-01
1.091001197948472612e+00
8.976356921681657441e-01
1.063838104856723143e+00
1.098568989752993330e+00
9.246006960177560741e-01
8.889821551774881314e-01
9.158391577798890015e-01
1.046971636922941817e+00
1.033367806027541747e+00
1.172148510638101104e+00
8.605417927957341728e-01
1.104783149870126380e+00
9.233633315369739192e-01
1.115859463384648809e+00
9.007980505456500975e-01
1.019120001703206491e+00
1.047555233257728036e+00
1.194201332474868815e+00
1.014644171814989226e+00
1.062164975531261657e+00
8.153308192823163214e-01
1.124609281177682441e+00
9.492273460269232688e-01
9.242152215689898309e-01
1.057861544276399890e+00
1.026531017380002186e+00
1.077721702342834487e+00
9.410533255446846823e-01
9.595375638136649510e-01
1.139246835491780407e+00
8.839952382406606191e-01
9.911874856624749430e-01
8.267842944394230287e-01
9.669567231166074084e-01
1.003207551724377256e+00
1.118240074948268825e+00
8.439745046877443757e-01
9.275941769987348096e-01
9.327003664917915549e-01
9.673654977334542604e-01
9.148623615447257773e-01
9.655993233812257825e-01
9.505306722870081604e-01
9.505565331072995949e-01
9.268454142946597196e-01
1.035332835403494967e+00
8.931885178002347825e-01
8.194357521159896240e-01
1.150944654611067319e+00
8.865107496246115160e-01
1.012712597017351390e+00
1.199184431177588550e+00
1.078832738326408025e+00
8.042274205666110065e-01
1.087957795463473154e+00
8.873507125134839635e-01
1.033614487998489428e+00
1.017638430788448289e+00
9.042119697165400538e-01
1.120741627082552760e+00
9.539705823062494261e-01
1.141108883259995599e+00
9.637924163590172455e-01
1.056903005698969888e+00
1.164278602049378719e+00
1.108487056099698442e+00
9.915445753292102538e-01
1.035739132644169835e+00
8.599888519632383765e-01
1.108905823683916658e+00
1.119103524074789302e+00
9.792734000554389473e-01
1.145811246692039820e+00
1.107013481170228797e+00
9.965342416525124758e-01
1.183748903880765813e+00
9.084780427402632252e-01
9.116480317809689815e-01
9.609655165949826383e-01
8.931258791197842495e-01
9.687260375426132164e-01
9.410427385456184846e-01
9.928210168990987405e-01
1.206674723356346846e+00
9.842873524264910134e-01
1.021724256409402898e+00
9.680399710360432231e-01
8.784102995878532161e-01
8.619866157245053007e-01
9.161481805837208281e-01
9.403502726789614297e-01
1.002315749913021747e+00
1.164041427595009059e+00
1.151097664979990665e+00
9.323308179111228222e-01
1.092037833232124555e+00
9.850051122268391746e-01
1.084364070512638278e+00
1.110297470066860415e+00
7.708255686435178111e-01
9.844806199050822881e-01
1.039006604093208885e+00
8.985498689446432818e-01
1.150836035380523592e+00
8.598863871181752216e-01
8.960594012793461349e-01
8.969604446680068399e-01
9.035481135091010252e-01
1.164152812481810795e+00
1.037773265877207862e+00
8.306279283485985543e-01
8.507371862663855033e-01
9.878818084497351659e-01
9.122476667884347190e-01
9.874030392774963971e-01
9.641369446680692068e-01
1.102920006420249788e+00
9.278189885166283624e-01
1.042086927264318508e+00
9.950729020116062529e-01
1.125257229007357473e+00
9.784139559107414286e-01
9.955276611056462777e-01
9.224454357871025856e-01
1.148850005168581490e+00
8.721867396002298545e-01
7.867479177142987501e-01
9.796462528256715263e-01
1.079692931959406188e+00
9.438378464412293667e-01
1.042859788569673540e+00
8.653314409837857824e-01
1.079368837910968049e+00
8.941688010584927238e-01
1.114778259722552400e+00
9.611099359465162806e-01
8.888957568426567590e-01
1.019368192500809567e+00
9.723305147512208979e-01
9.605133855972869394e-01
9.722385236223300975e-01
1.091126386330385056e+00
1.067457440472044272e+00
9.792661610517261472e-01
9.953329283525080839e-01
8.772726778572570439e-01
8.770932400336057810e-01
1.057567636950166090e+00
1.004153598962879812e+00
1.118468261910344541e+00
7.976658300376338051e-01
8.482834592760624126e-01
1.036110026877762991e+00
1.124688155314437221e+00
9.275826717821002987e-01
1.025664995730130036e+00
8.972364270824079169e-01
8.758027805763883844e-01
1.099554887209845733e+00
9.479879151376732205e-01
1.153418981151181910e+00
8.634972052901327411e-01
8.732009639719258143e-01
1.167783422405469507e+00
1.127986200161501751e+00
1.000012884288628889e+00
9.684622632341605142e-01
1.015308080653914091e+00
8.755951139112299053e-01
1.048223277091926864e+00
9.752901515525570497e-01
9.935769319986631487e-01
1.173381150376409776e+00
9.740765796311636748e-01
1.195565582506149971e+00
9.705821337939515292e-01
8.221796422798404169e-01
1.075049409462579098e+00
1.116887559742395064e+00
8.865321989314552953e-01
1.009503950942528760e+00
1.050331403172067635e+00
1.045910014573640190e+00
9.532722143792808911e-01
7.649471501746949453e-01
1.136909246430171772e+00
9.323636746748773518e-01
8.995806921131945799e-01
1.033029573155594960e+00
1.152834092249925613e+00
1.100747664085528710e+00
8.013806006416313021e-01
1.018738905671301653e+00
9.039000708534574713e-01
1.085447244905368924e+00
1.145154121623348065e+00
9.505869873166293837e-01
8.524800473835543180e-01
8.662728742931251613e-01
1.057744454186090532e+00
8.272681336817322428e-01
1.195241077299031174e+00
9.723110859351167257e-01
1.060854723943232436e+00
8.135377309243243538e-01
1.101705390024530828e+00
1.139061918960291742e+00
1.118997727696400046e+00
1.012056575652823254e+00
1.177621360517380422e+00
9.991024428135570901e-01
1.000575410014873601e+00
1.033984992485538879e+00
1.065034407803812977e+00
8.880967288865888598e-01
1.017091439110616724e+00
1.095977050837154465e+00
9.837693262221159918e-01
9.753352917094273433e-01
9.892316537349378214e-01
8.959316128300061077e-01
1.076290423251846429e+00
1.001947339249868785e+00
1.061573106679426282e+00
9.614874514008902029e-01
1.111430493644950390e+00
9.897309687511155474e-01
1.014529367319451758e+00
1.115692552929282710e+00
9.924047602872373419e-01
1.128087509329342986e+00
9.617282922733889627e-01
9.743580472418460481e-01
8.273281563977381570e-01
1.094546994593421196e+00
1.083266130259550764e+00
1.007442743679188402e+00
1.118909372865744434e+00
8.372785147797747740e-01
8.281878679661764941e-01
1.138191858325172223e+00
9.419784813398617285e-01
1.061195111044793915e+00
9.347825361624628737e-01
7.810568494777501147e-01
1.004911328097473744e+00
9.017854847154878062e-01
1.135704709736577778e+00
1.210444960509561740e+00
1.064769074776317215e+00
1.018278245469293797e+00
8.743293916558998458e-01
9.051021541658399450e-01
1.095016330446797248e+00
9.063657724675431293e-01
8.500838825156823431e-01
1.130356538760626472e+00
1.017106139456560587e+00
1.092808486588506156e+00
8.566384588632026675e-01
8.197559880285989475e-01
9.838722535594297547e-01
9.987209028249544041e-01
8.234978374178872906e-01
9.361601926284789377e-01
8.490434341755045411e-01
1.062961156786131900e+00
9.865714783743799732e-01
1.083873174658303240e+00
9.061058674024644599e-01
9.948349147383054314e-01
9.782772666779129267e-01
9.274517962808701554e-01
1.126586822820239364e+00
9.916557431964903024e-01
1.066439418509591119e+00
1.052522473490304700e+00
1.071356887413015935e+00
8.940953463843133164e-01
8.696445512680613943e-01
1.031801940721515543e+00
1.010355876036642453e+00
9.719541761347046949e-01
1.109791204465966574e+00
8.133343936307156907e-01
1.083666842154462184e+00
1.205835169569138943e+00
1.124197271973754075e+00
8.083530013270796566e-01
8.857886832959798173e-01
9.373039660661974803e-01
1.166064081861995838e+00
8.386389432476222261e-01
8.352257593780056943e-01
1.183399802751321062e+00
1.098260182270768714e+00
8.067013561159925850e-01
8.565623667975508226e-01
9.019975432963567297e-01
8.609460593820588148e-01
1.000825750654421586e+00
1.064896858004057645e+00
8.842508988305900486e-01
1.049795468215955818e+00
1.197116841671076237e+00
1.038321359676663835e+00
8.569117738285978447e-01
9.580204948392756492e-01
1.189192308652650576e+00
8.815233877268927598e-01
1.106248002775191308e+00
1.041202115603256262e+00
1.016755110022605324e+00
1.061887926581033925e+00
1.036441384744356320e+00
9.081592278823460429e-01
1.065635754923516920e+00
9.301865984287216449e-01
9.013017920693441321e-01
9.584625152559791417e-01
9.750824156334561010e-01
1.137715275981042717e+00
1.087590305723865391e+00
1.153323208340382822e+00
1.142365091972365132e+00
9.264347724709628418e-01
1.020389295555049536e+00
1.096629591730296838e+00
1.018495168485499924e+00
9.173954548981577695e-01
9.124195019040770571e-01
1.145712266007153479e+00
1.094661687791847360e+00
1.107184572597469607e+00
9.080156539184593978e-01
9.108652721509735706e-01
7.870676061620778263e-01
9.402378262031587663e-01
9.821829000208261995e-01
1.059209855762870856e+00
1.039977628134542975e+00
8.210434989031671904e-01
1.038038882785315309e+00
1.193332678689503323e+00
8.722484005761484971e-01
1.072440692658279460e+00
1.022839900978359307e+00
9.268087811782330654e-01
8.746031511695102623e-01
9.601593474007538154e-01
8.283954572632274971e-01
9.203620417427940126e-01
9.699090649139028297e-01
8.313871957756530096e-01
1.036685156808283992e+00
1.027460749671410101e+00
1.055130834255435524e+00
9.080493946076855227e-01
8.681166789691376895e-01
9.785546733302752376e-01
9.962441446290215552e-01
1.159453053603848538e+00
9.878813426987904656e-01
1.091693547105616835e+00
1.090530368837418163e+00
8.293915207353366181e-01
9.578693746870351466e-01
1.198882384011216828e+00
1.003948386295686168e+00
1.021135035388452295e+00
8.019012311477562438e-01
1.009467675261088715e+00
1.173744553039217209e+00
1.081280286226225851e+00
1.045732946537889507e+00
1.021006052570686995e+00
1.031433466181996161e+00
1.015459016881451904e+00
1.143017992922730430e+00
1.159870516983064537e+00
8.787526859319083616e-01
8.975300457193841064e-01
8.975568523571736401e-01
1.001520872599420908e+00
1.173909337299191558e+00
1.008720701962904975e+00
1.121951637977804728e+00
1.010140121277420144e+00
8.699999749989690834e-01
8.727341065675349174e-01
8.216765130051250088e-01
8.937856530383951892e-01
1.023137600554158366e+00
8.360938201941831016e-01
9.450014368924455344e-01
1.145956427422865298e+00
1.009417347833365231e+00
8.395825125365352637e-01
9.617628169979071107e-01
1.111770294412704141e+00
9.303177535709382662e-01
9.848963120013654038e-01
9.567755478263570978e-01
1.022492860583001928e+00
1.071448595813739191e+00
8.394103423591117163e-01
1.136475101118263664e+00
1.009564359189186744e+00
9.190512874689931166e-01
9.864229266210857716e-01
1.088359022932797737e+00
1.135501321946638775e+00
9.622027339143388591e-01
1.163372834075717899e+00
8.829619043892562580e-01
1.106657687663827883e+00
1.013721615532495957e+00
1.185514863709852262e+00
1.011491075867881895e+00
9.760107642734694444e-01
9.565760932960191143e-01
9.106772844062235306e-01
9.955338451270479005e-01
1.135344851220548845e+00
9.886266438816514457e-01
1.145123317049315581e+00
7.956300627895195321e-01
1.200541538809256403e+00
9.568970442476639748e-01
1.202116548502697002e+00
1.041434357788158849e+00
8.267492742565811792e-01
9.502699850210192256e-01
9.924759674593974790e-01
1.029519973469506855e+00
9.920964912520005008e-01
8.465392930401690608e-01
1.111027012866879105e+00
1.050697951342801417e+00
1.056129510746481426e+00
1.072936641269578883e+00
1.088280083319422165e+00
8.685243487126491635e-01
8.991947036005443206e-01
8.709820375000766335e-01
8.979331345013563670e-01
1.022218570880546240e+00
1.048556899872755022e+00
8.488339302520429008e-01
1.102649207559322608e+00
9.699001699935294596e-01
1.037597312725552445e+00
9.739304070239298561e-01
1.139404808942116265e+00
9.529092714181301993e-01
9.783717219892096306e-01
1.211865875888863631e+00
8.459575703905473087e-01
1.024633108036361984e+00
9.833132507056319138e-01
9.705893657370071592e-01
1.088361519644416298e+00
8.775280389939130732e-01
8.372865892833107893e-01
9.877229004869274576e-01
1.071575250660089074e+00
9.186707886719811533e-01
9.209665484555076276e-01
1.065616093635071815e+00
8.933676936141391467e-01
1.060380538377781567e+00
1.129303336945383318e+00
1.094972480480888688e+00
1.111489680032956784e+00
1.153789302635775060e+00
1.029454167547682264e+00
1.022577767695987738e+00
1.116495357948382505e+00
1.145306073278601122e+00
9.831356905456785089e-01
1.084386454832566571e+00
9.004474889570186491e-01
9.599694616052434348e-01
1.058873958462128506e+00
1.098744007913638576e+00
7.998284013409311388e-01
1.074310044799877462e+00
1.013916149227937380e+00
1.000267664904063381e+00
9.293444737940336209e-01
9.514082019427594350e-01
1.150874158750323950e+00
