1.086507677400745830e+00
8.318830064841383765e-01
1.008812637972871240e+00
1.155507959187968225e+00
1.165600607158564062e+00
1.176018013616812796e+00
9.315661051176404861e-01
8.203621942731621486e-01
9.454969057474935656e-01
9.713450552072000477e-01
1.068047543208532124e+00
1.154135558445560372e+00
8.786253823051424217e-01
9.630400333409565583e-01
1.019729454512974254e+00
1.179126405502906927e+00
9.343804098382373358e-01
1.055225231226974314e+00
1.068407435657328319e+00
1.072975322137373233e+00
1.042069267675497013e+00
1.199175688983396881e+00
8.594086884031506557e-01
1.022852747220106107e+00
9.892655160305592332e-01
8.516509076283360624e-01
1.085749657796884593e+00
1.145172481418121890e+00
9.329875431209089243e-01
9.190562499396697227e-01
7.775626818280934049e-01
1.089426658408291670e+00
1.100209910664147195e+00
9.344481694852799780e-01
1.092089503186459254e+00
9.112964384969660658e-01
8.116961313184972715e-01
9.769223697556740360e-01
1.109539528536660713e+00
1.048968611174259991e+00
9.096815663288948528e-01
1.030590656196610722e+00
1.012319007868403897e+00
1.080676961681846571e+00
1.006812186457299862e+00
1.095695453611734926e+00
1.119705290451569635e+00
7.969183638623503763e-01
1.210633093776523506e+00
9.982321888430638612e-01
9.205015397576974401e-01
1.034169480211551972e+00
9.386451433884401840e-01
1.058171735941160874e+00
9.341112783175231638e-01
9.029723975265040448e-01
1.124984058659844299e+00
9.913048639265793494e-01
1.029620349124711121e+00
9.611414729848422045e-01
8.644788737117417021e-01
1.083861122430621604e+00
8.688473737620501236e-01
1.069771038488463999e+00
9.024507663579918182e-01
1.131874687215191022e+00
9.753919304418319225e-01
1.190605737829984356e+00
1.213987398375083071e+00
8.891728383178016948e-01
8.512057386153506489e-01
9.287485064629399378e-01
8.909966749622686422e-01
1.017837329002362123e+00
1.072481266159851954e+00
1.150978939504959442e+00
8.854476259943839800e-01
1.039066337458110389e+00
8.052706529546613812e-01
1.114352047009325553e+00
1.043881392196018609e+00
1.089319972302177364e+00
1.143373062656139361e+00
9.527713926119785182e-01
1.085699960516482321e+00
1.105731581380766881e+00
1.124144929876456533e+00
9.888168138563508958e-01
8.334746372549860505e-01
8.807597157233639784e-01
9.795513891133268425e-01
9.254068074115870957e-01
9.940498253028764442e-01
9.351638323506498152e-01
9.044785454210479969e-01
1.048277289217332875e+00
9.622242949614958629e-01
1.057528578292969756e+00
9.888567928402480778e-01
1.072803679883840511e+00
1.060401081967427439e+00
1.179550857063919933e+00
1.145029592395081730e+00
1.020754654113654292e+00
1.051927015657718734e+00
9.821883771087642767e-01
9.609877575055625343e-01
8.221421766351177940e-01
9.418497426752610036e-01
1.104769425461775700e+00
1.178392271989525675e+00
9.269131443635323375e-01
8.832292360832649791e-01
9.726853036060358892e-01
9.508002671935451566e-01
1.068501142453248454e+00
9.382024678182986355e-01
9.420350957895280430e-01
1.158958097087133599e+00
1.012527202923332981e+00
9.890033498103047993e-01
1.034498836647399056e+00
9.826185063001821041e-01
9.348724869856896991e-01
1.093177904285220992e+00
8.345152184492534708e-01
9.657775400866417392e-01
9.557439821781029687e-01
9.952936604951170274e-01
8.810801956184006745e-01
1.024223271260318313e+00
9.473773185433154165e-01
1.148049874126009895e+00
1.032640461572703838e+00
1.020989308090681780e+00
9.180830301370288549e-01
1.058785498033181671e+00
1.083203353245379308e+00
9.675353284627690176e-01
9.262356014077843813e-01
8.962915406711992050e-01
1.134445135272805993e+00
1.135754288389200894e+00
9.387926459976905225e-01
1.168629270120840058e+00
1.118163171248687693e+00
1.110722454423762828e+00
8.723677032983563340e-01
8.918163654618914693e-01
1.027729113829662921e+00
1.041553020409117236e+00
8.493312910545920413e-01
9.378257672006684587e-01
1.133463978128713467e+00
1.037615581587273628e+00
9.075828648668068377e-01
1.103753792029015468e+00
1.015252991345314548e+00
9.509859212279752061e-01
1.036977358914420666e+00
9.120505327561285736e-01
1.171836490943574782e+00
1.098065292626607237e+00
1.021120447402469100e+00
1.057061461060951668e+00
8.086303138503764254e-01
9.114109267475722920e-01
9.318710980224618190e-01
1.060017249299842756e+00
1.089024659133259743e+00
9.954908860383492319e-01
1.204226324410270221e+00
9.544942608805015993e-01
7.823486219397208785e-01
1.028333353483777080e+00
1.154279169254753823e+00
8.182470570882653949e-01
8.588570509752906368e-01
1.148045689261419922e+00
9.844676193439624301e-01
1.039405586800908665e+00
9.996995863003694804e-01
9.822455313041504876e-01
1.055049472990835735e+00
9.736747623219643710e-01
1.040398482055556961e+00
1.004246867453779446e+00
1.032425634864157393e+00
1.125250428924382318e+00
9.875201035649489034e-01
1.143101995697555662e+00
1.013419957357102330e+00
1.118644116731742466e+00
9.151901746423747319e-01
9.479232940790227602e-01
8.006949158111658083e-01
1.061520172989993682e+00
9.715106667706008281e-01
1.065662948688606448e+00
1.157654041355670183e+00
9.578369418949523872e-01
9.207061446593505227e-01
1.114761584593186416e+00
9.059139067559074388e-01
1.028448989253594625e+00
9.808484081021159318e-01
9.928238183432165354e-01
9.498592499235827269e-01
9.840052344634409032e-01
1.098632844521381324e+00
1.215567778758355644e+00
1.000034303861934371e+00
1.015369471665536816e+00
1.130327378123053395e+00
1.114157421914942159e+00
1.042516345973910630e+00
1.027935117898338913e+00
9.943760808711383792e-01
1.135161727007745203e+00
1.064662612589586166e+00
1.088419309392294698e+00
1.086830293310832030e+00
1.001726990505018788e+00
1.033847797356626685e+00
8.274173820826464798e-01
8.251150104262656715e-01
9.683298840145164732e-01
1.061632689288093179e+00
7.822646942081674659e-01
1.065865243688514097e+00
1.040829026813411939e+00
1.036256517626570783e+00
1.055818199921939593e+00
8.661094504297723873e-01
1.067800705093123526e+00
1.091875957753423831e+00
9.743053530348637636e-01
9.940618718832573419e-01
7.734068422574903456e-01
1.158374978533496247e+00
9.174394751319953079e-01
1.118290968699160004e+00
1.193920533711226195e+00
8.754797486064451739e-01
9.996045363518202276e-01
1.032023572441016723e+00
1.039537277774483348e+00
8.563755101273522463e-01
9.370155392366634750e-01
1.020845308696503917e+00
8.855021186080467288e-01
1.092342896005765063e+00
9.208408752938230801e-01
1.142660828236399029e+00
1.009781489379160346e+00
8.567099973518412792e-01
1.126443975786141305e+00
9.963589333456799313e-01
1.134458949547071605e+00
1.031257394467330668e+00
1.036683504021177926e+00
1.233412991227228694e+00
1.027758896330273508e+00
1.114223364062893351e+00
1.028172383734416551e+00
9.208874867493921368e-01
9.435229407787644185e-01
8.647377685525132751e-01
8.814492286122128650e-01
9.755192167268955661e-01
1.024911938908071640e+00
9.631206735277988429e-01
8.841090577058549060e-01
8.010053061985621392e-01
9.700581929757347011e-01
1.002932661168671302e+00
1.026330477079954839e+00
8.419059078363770876e-01
1.084376566829625244e+00
9.144363346828623396e-01
9.415254257680514272e-01
1.065817212832097294e+00
1.112362099547613337e+00
7.848909416264401306e-01
8.826806774289815971e-01
1.037932413927111552e+00
1.125501091394999875e+00
8.844475340955542109e-01
1.045972590335959129e+00
1.043096801373013083e+00
9.837536337076062676e-01
9.199393975612575325e-01
1.027334798668462001e+00
1.071990466421153254e+00
8.387519078153979901e-01
9.852733138494111920e-01
9.541942307233790554e-01
1.111950610216673851e+00
8.748568723635608002e-01
9.938124897014189996e-01
1.034796222333808302e+00
8.896475330898201417e-01
9.371099364655914865e-01
1.074427551516463630e+00
8.428074728335510635e-01
9.228098173979878416e-01
9.727357896827820705e-01
1.021455623588641615e+00
9.655587313637981062e-01
1.105456280505910938e+00
9.433502881795371442e-01
9.753892715414549386e-01
8.347403439411803516e-01
8.878174273102623637e-01
9.632671457858957842e-01
9.537577920254465269e-01
9.021932769318017353e-01
9.872564654012345731e-01
9.509190267946626696e-01
1.026961563684046119e+00
1.190521324310103823e+00
9.856922914951014025e-01
1.108654747505047666e+00
1.095922147617278686e+00
1.097263847954095928e+00
9.354215319408518692e-01
8.787712854367947246e-01
8.908077185739142756e-01
8.277215263428756575e-01
1.030853983121961193e+00
9.780820575802575689e-01
1.062654473905883634e+00
8.702336505614705064e-01
1.169574075371571764e+00
1.049676557850104608e+00
9.519123699119655946e-01
9.160035570266141791e-01
1.060675017959523458e+00
1.012260113656967331e+00
7.912149653105553515e-01
8.747697900826798545e-01
1.112016687214598454e+00
1.085137114702784622e+00
1.121635666596082936e+00
1.067247147965585174e+00
8.547268832632117785e-01
9.809258373147329291e-01
9.029679929102190084e-01
8.156054559995984388e-01
8.937593396882146379e-01
1.051684431698759248e+00
1.091276653552168519e+00
8.949996420870505176e-01
1.066779577642932519e+00
9.599696992984825261e-01
8.092049642182673752e-01
1.088460795699528250e+00
9.002002170337177755e-01
9.958864944683074594e-01
1.068091210609239061e+00
9.987324257899803381e-01
1.095228256996885419e+00
1.059501396294237008e+00
1.060741742917945762e+00
1.018297601017804199e+00
1.090728604426067561e+00
1.004764133182859620e+00
1.108057428842621928e+00
9.166178991794859954e-01
1.037713053349323067e+00
1.162716313086553210e+00
8.953613195842227146e-01
1.209447959532667261e+00
1.080015501160419999e+00
8.934874800600138833e-01
8.878311333032948838e-01
9.109496506225579493e-01
9.466864889822119711e-01
9.094717983534978956e-01
1.066792504257083385e+00
9.796267294574578788e-01
8.505650491122871415e-01
8.480025255402299234e-01
1.058598580983732829e+00
1.008410155675634412e+00
1.049809840140892625e+00
1.005118976648128992e+00
1.037327049333639062e+00
9.552990436912842664e-01
9.174290792028600983e-01
1.089119669616601449e+00
8.702738949162074356e-01
1.035672543752767405e+00
8.960967631957330592e-01
9.275927957651930456e-01
1.039914250965468634e+00
9.076921368284116554e-01
8.894486636216537567e-01
9.173438467833356924e-01
1.032026690760115883e+00
1.104254661630704293e+00
1.005745517560640678e+00
1.157699379934975070e+00
1.122210882315573643e+00
1.117889777874215618e+00
9.775590878640965098e-01
1.054130689287305911e+00
1.192274387784870715e+00
1.089344984767281144e+00
8.419860986891870569e-01
1.102856507234561523e+00
1.068464496716961198e+00
1.092187892845108310e+00
1.074147195031706081e+00
1.136960433346920540e+00
9.425119197351570222e-01
9.019556237054722203e-01
1.011194609672582345e+00
9.131815198161594704e-01
9.732649358398650641e-01
1.174478083894669567e+00
9.682774933279116869e-01
9.582142606804440188e-01
1.137560749629944024e+00
8.874770753925749212e-01
7.809378473650715469e-01
9.907489106184248495e-01
9.233801900026386011e-01
8.733831445790565251e-01
1.173101005613862435e+00
1.012341767814623372e+00
9.403707163521093371e-01
8.911994281205488644e-01
8.849676144083953311e-01
9.757321657751809596e-01
8.532391982601930103e-01
8.630754027704163889e-01
1.029704190045358736e+00
1.153028679152526381e+00
1.108128044903174292e+00
8.293690435884684131e-01
1.170670825211089561e+00
1.069011920854365805e+00
1.059882549638098803e+00
8.325564442884023642e-01
9.739584915467462967e-01
8.680089185085952952e-01
1.005975186068491123e+00
9.717212787522812034e-01
9.432918028290119272e-01
1.103589565046744880e+00
1.020495383801315992e+00
8.623494235535216212e-01
1.143712768430771520e+00
1.135616053570633444e+00
9.492564715151348143e-01
9.653783788433834001e-01
1.132103622071856774e+00
9.827409784297004292e-01
8.996101933879558921e-01
1.009999848119925270e+00
1.058014323629201003e+00
8.781864309558842230e-01
9.741250474468717835e-01
1.165481656169503166e+00
8.764741982296656575e-01
9.072385509583927865e-01
8.631069294148459026e-01
8.011129609241283145e-01
1.126702833133945258e+00
8.759325051660910022e-01
1.043186922268086958e+00
1.216563217848399381e+00
8.796611446092130748e-01
9.261336660706676049e-01
1.055295089832290589e+00
1.113392796013561004e+00
9.374068237679425986e-01
9.684152089722395385e-01
9.723830222848093285e-01
9.008727018621172089e-01
8.962926412504013118e-01
1.064097654246427549e+00
9.380823068391703767e-01
9.792164221535735180e-01
1.207678266183562998e+00
1.172227544058729309e+00
1.103060640748583010e+00
8.703859941197362726e-01
9.009873626463279495e-01
8.428202330927225816e-01
1.036353505235781292e+00
9.972712019650621373e-01
9.285916957234955360e-01
9.376420177336369788e-01
8.957636016956163072e-01
9.783740269323443206e-01
1.076243576679064118e+00
1.034558943734357417e+00
1.085591557259639739e+00
1.050753573979823274e+00
9.624012045944867477e-01
9.402257804129849905e-01
9.952340953399434476e-01
9.457864568462366339e-01
8.553043986427114609e-01
8.754206258668548735e-01
8.976640325839443380e-01
9.784059122794996899e-01
1.058191847662364182e+00
1.023246679701376172e+00
8.593621677823715110e-01
1.093392767482599393e+00
1.204496447783923063e+00
9.691442399458333190e-01
9.568690758623639159e-01
1.036674466645320702e+00
1.017859828345938134e+00
9.970299342845564405e-01
1.096701118942043474e+00
8.949334913554831683e-01
9.149390759313713595e-01
9.004053325235016336e-01
9.765225634294629753e-01
1.033749077248921067e+00
1.181676725696160446e+00
9.279633816459572637e-01
9.524878646257222137e-01
9.368887308575573059e-01
9.217203128549579239e-01
8.554697895279057551e-01
9.374694250267847639e-01
1.013148458254570894e+00
1.043156496678738776e+00
1.007965791337329886e+00
9.352136999817295404e-01
9.691006035012352804e-01
9.652737883109739903e-01
9.020890817388482752e-01
1.022856935532759914e+00
8.567394550527409613e-01
1.050153527728427960e+00
9.303179387491765651e-01
9.895740541700954740e-01
1.085610175975932012e+00
9.378889009664301835e-01
9.528611690218118380e-01
1.132085198355188949e+00
9.674589356380751681e-01
1.115951652779040071e+00
9.499941263796303215e-01
9.133347860586946698e-01
9.371553032768857872e-01
1.158154166968335730e+00
1.028555974971368858e+00
1.208636643995769644e+00
1.218843728393065540e+00
9.631256815591359155e-01
9.922137097511867232e-01
1.027650494538423276e+00
9.690480995897141625e-01
8.550680098457510425e-01
8.204104212481482250e-01
1.017240350150429018e+00
1.121899588099345868e+00
9.534598357683956582e-01
8.910967914007412727e-01
