9.561843163558674252e-01
8.892727527346178107e-01
9.315595888974819161e-01
8.909151354715422189e-01
1.068077414240967915e+00
9.842973921173233665e-01
1.133888619406214993e+00
9.639600002093948738e-01
9.415654080846657115e-01
9.822174854323952875e-01
1.098812252790840605e+00
8.798366822540164556e-01
9.554822940610314674e-01
8.830986659819091145e-01
8.224553896532328379e-01
1.060876482065453708e+00
1.029730404336908212e+00
9.294417317294860759e-01
1.036158102838800721e+00
8.941890811444037634e-01
9.624195571704309282e-01
9.653955649742000933e-01
9.254814869854477433e-01
9.388238967536928214e-01
1.010372603252315260e+00
1.159294408958450262e+00
1.046573504240948083e+00
8.371325944220182613e-01
1.184907561076919302e+00
9.356521976200091739e-01
9.051151525642132656e-01
1.133882122883397514e+00
1.041483927164106760e+00
1.107158281797460786e+00
1.116576330282183394e+00
1.082187965972776666e+00
8.983833646907897208e-01
9.525900491758111377e-01
9.618240601623615493e-01
1.113072415078916411e+00
1.124375367861960795e+00
9.930048323230231677e-01
8.024161044673923104e-01
8.266308456003648164e-01
9.744062921228744401e-01
9.204870011352996872e-01
1.038014307977547901e+00
1.006618688484195667e+00
9.824505125310505349e-01
8.412657334026871769e-01
1.015564181295512292e+00
1.025243954879735186e+00
1.111451537575647297e+00
1.099134316503558750e+00
9.937353613619479553e-01
9.369898179775727476e-01
1.009319520055457886e+00
1.166630018700786531e+00
1.055286863931805597e+00
7.806842319951478038e-01
1.169607020208733639e+00
8.078134126929867875e-01
8.655490880427347822e-01
8.723514973499929548e-01
7.958152164305545284e-01
1.028148072925926693e+00
1.034140876989754210e+00
1.163265287924202696e+00
1.058168125291298001e+00
1.018989932648260988e+00
1.159687715229014593e+00
9.302126537097731296e-01
1.097199140833096997e+00
1.069552031461971753e+00
1.144101410761387605e+00
1.039324283875978638e+00
1.030662304693595654e+00
9.756986382395782531e-01
1.057069231987655789e+00
8.099087068891707153e-01
8.738076598060791067e-01
8.473131206426161022e-01
9.740971135951665971e-01
9.665825496704527620e-01
9.237381269528088801e-01
1.114703839161039545e+00
8.881107917563360044e-01
1.072076499391067639e+00
1.028506585619308078e+00
1.090321022499960657e+00
7.848878032368125091e-01
9.175421138138240007e-01
1.052683828054399973e+00
1.118185032057807282e+00
9.221458335277892271e-01
1.092493668183594835e+00
1.197818864973546837e+00
8.969092411270825904e-01
9.203566073315693208e-01
1.168628959684529622e+00
8.856784619872343223e-01
8.875796577848213964e-01
9.784123226999035250e-01
1.022766303696033496e+00
8.891546874928385469e-01
8.784396618725739403e-01
9.387039381688588868e-01
1.040411150511174165e+00
1.072484116832010059e+00
8.625240415686237228e-01
9.612098142864500261e-01
1.018708808261586052e+00
1.078395632327005416e+00
9.929208772606324951e-01
1.083184657222650893e+00
8.116781217504165369e-01
8.255997987081840073e-01
1.017346152016059380e+00
1.000961966399013026e+00
9.555666382343457332e-01
1.006353495274578957e+00
1.134375647902535311e+00
1.051045048968612949e+00
1.028665529863469041e+00
1.027366890305503322e+00
8.370834463162859507e-01
9.802371911004781335e-01
9.965039926658780800e-01
1.037253211707298783e+00
1.063670359393618314e+00
9.361545769874836109e-01
9.292894069346182562e-01
1.053260613368989240e+00
1.221533978898584172e+00
1.157747580519548736e+00
8.362668842391558499e-01
9.076105619200232066e-01
8.164191977432160297e-01
1.081415095720410058e+00
8.894290636704198505e-01
9.832077115293880176e-01
8.738602421312910984e-01
1.177747522338350006e+00
9.254331853548916076e-01
1.146467283481044097e+00
1.083078474990191609e+00
9.177638051315746281e-01
1.075167178646259325e+00
9.806778579203221380e-01
1.025147536373872681e+00
1.051015814411408344e+00
9.454684767633337872e-01
1.007753434086608113e+00
1.094135192329619199e+00
8.304063232983744935e-01
9.510783049446376314e-01
8.314133317334806428e-01
1.016094838661603994e+00
1.106657894744595971e+00
8.813702040324251641e-01
8.562754705649203713e-01
8.890779929249885694e-01
1.023036684758054982e+00
1.004451684636451292e+00
1.053234378033655716e+00
1.016315193345998624e+00
1.063108049921207776e+00
1.051281286958540839e+00
1.103327439023430223e+00
1.021566553490870444e+00
9.384585620194709765e-01
1.217541389135187391e+00
1.141339646847769895e+00
1.141732223893553444e+00
8.048361836325645946e-01
1.177162516507606060e+00
1.024228738292265017e+00
9.911063439472715952e-01
1.133777186619066235e+00
8.966569489446336583e-01
1.128353742723753772e+00
1.017846547176716632e+00
9.501409653004504463e-01
7.688428075414162066e-01
9.800478242575846322e-01
1.026781596697310395e+00
9.368270202702464466e-01
1.187082223269083858e+00
8.587899709240800483e-01
1.065000725154299888e+00
1.043703075204263087e+00
8.343672600852041210e-01
8.986322035832174926e-01
9.565967640752357504e-01
1.011556886164459934e+00
1.034929333180798716e+00
1.098990585473175852e+00
1.117834360423142881e+00
1.070056079245288894e+00
1.138734701939384308e+00
9.927314664230377783e-01
1.014390882733142707e+00
9.598695752733364950e-01
9.697224602379972414e-01
9.328897503451933915e-01
1.228181529040247799e+00
8.031882359520324810e-01
1.024025322620181200e+00
1.156666248519649942e+00
9.146097402272956867e-01
1.127142933115926615e+00
1.198383928656773900e+00
1.118330059490836970e+00
9.787500003443989627e-01
1.108109857306028845e+00
1.035280408585111500e+00
9.332834134189195163e-01
1.148872685209897160e+00
8.598864904109632112e-01
1.049282567023285040e+00
8.485275820598763286e-01
9.428113763120835600e-01
9.134325402293330676e-01
1.058136454168099316e+00
8.974710111803569923e-01
9.568888884945692119e-01
9.297030785047180057e-01
9.965639558615277949e-01
1.091678914346697171e+00
1.086269526659717100e+00
8.933788900435644109e-01
1.028236425150582889e+00
9.425307163200959959e-01
1.066392552896787027e+00
1.062166283371214215e+00
1.140467499428321485e+00
9.582463142134436396e-01
1.087693140749508958e+00
9.408986114538652190e-01
9.226969722383948636e-01
1.020508413867718289e+00
8.200862078183441817e-01
9.534391846054118824e-01
1.027547090241953232e+00
1.057128942635098934e+00
9.365779770124689207e-01
1.173582278457178996e+00
1.042550934288900777e+00
9.863391540514450107e-01
8.190273722270324797e-01
1.009464714557090748e+00
1.113325101780017201e+00
7.684836165321403678e-01
1.056229809207996251e+00
8.340575997351231674e-01
9.530941053940722441e-01
1.195747176032648129e+00
9.207841841337274236e-01
7.805895753871987530e-01
8.059405637890166840e-01
9.454743732525299205e-01
1.008476857524484016e+00
1.077743490847899333e+00
8.532753463163800234e-01
1.005120767193567799e+00
1.136438350384112894e+00
1.082364926372487046e+00
9.223705111277820112e-01
1.038136903490123553e+00
1.100512917160993309e+00
1.060377061724323333e+00
1.055216519928565466e+00
9.499443182577025357e-01
1.000338182063572834e+00
9.310967675388569509e-01
9.063038019890005126e-01
1.079389367969406432e+00
1.103547752129296677e+00
1.122728508924155211e+00
9.910453092870326053e-01
9.799342834301283389e-01
9.321980837725897251e-01
1.052387544292294530e+00
8.257823672862962816e-01
1.014245825124308498e+00
1.042596400417661329e+00
8.778011556925031655e-01
9.754589385699691251e-01
1.127186447616931542e+00
1.072039900454842432e+00
9.633588072398560076e-01
1.043504432571163321e+00
1.099678963187727287e+00
1.136678811134508305e+00
1.047410531122055399e+00
1.026088208786371414e+00
9.741812507723031089e-01
1.061197311701882029e+00
1.099761530606705673e+00
1.011050339338582127e+00
1.112596497095591719e+00
1.149411713113165590e+00
1.122052198729164729e+00
8.551573784325359195e-01
9.931918507041167521e-01
9.113290249291573497e-01
9.263716890418012273e-01
8.718624239311973945e-01
1.050591901889087465e+00
1.128377580089083621e+00
9.212448343760637481e-01
9.097890613702050988e-01
1.207905457992143106e+00
9.472247764106727086e-01
1.155206234956518641e+00
1.107794091337888753e+00
9.384073257841221150e-01
1.047629868894018657e+00
1.006360084762624840e+00
1.044080574082832058e+00
1.165289698987063804e+00
1.033257735901399466e+00
1.113757082229417605e+00
9.636648429290606277e-01
8.174745910912110114e-01
9.826785866426973604e-01
1.101002592277377623e+00
1.044575869292370118e+00
9.836792156129569031e-01
9.143804826980297396e-01
8.600738736121842365e-01
1.055313920721166365e+00
9.848980514689912313e-01
1.008633609090725303e+00
1.154681855085413211e+00
9.083007648723842031e-01
9.110792879586007142e-01
1.029872176367181646e+00
1.033286418256059935e+00
9.488691978864435272e-01
1.050254689844168254e+00
1.059873353636329618e+00
1.001806994860728883e+00
9.334123889023552278e-01
9.770991116445684188e-01
1.090832099129535049e+00
9.337670147429963929e-01
9.108431832887593504e-01
1.031922214877782684e+00
1.049380796190813925e+00
8.911091263566490728e-01
1.150695597727172670e+00
9.211559176979495778e-01
1.004752916305981847e+00
9.957240575338817123e-01
1.073269224200207539e+00
9.818732854791292208e-01
9.819851194774303904e-01
1.097934397149846308e+00
1.088362810548349602e+00
1.125915706550608908e+00
9.202953142886299842e-01
9.164990843339997362e-01
8.650265217708918986e-01
9.864890672279973405e-01
1.014223273502577793e+00
9.894283454403312028e-01
9.370351239672706223e-01
9.704737172006263624e-01
8.703949661697497620e-01
9.589490659415041973e-01
9.570266997284849753e-01
1.147909797870697357e+00
1.001163072598515669e+00
1.073115944433055136e+00
9.567199254266381958e-01
9.636402920419281370e-01
1.168226812806222092e+00
9.495100945665200243e-01
9.531582868813130993e-01
9.347163261496229669e-01
9.333119371786898766e-01
1.168716730520509950e+00
8.173127588200208571e-01
1.000753980424790912e+00
8.827668638656933631e-01
9.423138224135935159e-01
9.174185577511342338e-01
1.096354680868719456e+00
9.461235886043749543e-01
9.678270470675638393e-01
1.110818013420387995e+00
9.384804909583498445e-01
1.072311095479948184e+00
9.963409776147679198e-01
1.053758215938285447e+00
1.104459304724872304e+00
1.176399566757757364e+00
9.162993043038012431e-01
8.987630440946845489e-01
1.132628803256187755e+00
9.525748646759653049e-01
1.096322670526993059e+00
1.113842800516780196e+00
8.255861367883086110e-01
8.569311112703121847e-01
1.014802491813690644e+00
8.509648675792298445e-01
9.772458193336078791e-01
1.079981352742924061e+00
8.289936802293782492e-01
9.374733760633170432e-01
9.249530150337162970e-01
9.715771271927051700e-01
9.142819901985229647e-01
1.129180850182173179e+00
1.044171750057135917e+00
1.033904848194755921e+00
9.469786867843206224e-01
1.039305506016425129e+00
8.571278342379944348e-01
8.652065422484014334e-01
1.118016650026158354e+00
8.712749884178071502e-01
1.204728679519867507e+00
8.792026420797431907e-01
9.160135615678220988e-01
1.089616132173671259e+00
9.808846345933788236e-01
8.436381492757739631e-01
1.030969909862604172e+00
1.112487175135312034e+00
1.094897630568495872e+00
9.385052576539336666e-01
8.516570465214063912e-01
1.003437531408773342e+00
8.312285272519062129e-01
9.176692149536009868e-01
8.270895517315378642e-01
1.129716845773072187e+00
9.690232909352840540e-01
1.005947944673970085e+00
8.350572490588693553e-01
9.162969539530232410e-01
1.190008280004629881e+00
1.022541447799985237e+00
1.137370318492771926e+00
1.016998785235818437e+00
9.283924233530811421e-01
1.098510747196664195e+00
8.435785295454789612e-01
9.861015550859371093e-01
8.669841603078226600e-01
1.157170908131748499e+00
1.070354765173520795e+00
8.917273210311028597e-01
1.159988761077642039e+00
1.003061422102392797e+00
1.020716699483209311e+00
9.706146615689221768e-01
8.416768844962316809e-01
1.008916347918053624e+00
9.993547068761404750e-01
9.204610985901459097e-01
9.685247573985875658e-01
1.045936635377658019e+00
8.802761502474580890e-01
9.776315790741906264e-01
9.623795954153576693e-01
1.103139722948698553e+00
8.881894899151627776e-01
9.463380694239158508e-01
8.857670849251715328e-01
9.665535364139966612e-01
1.123527720577375488e+00
1.110191280597636609e+00
9.950861005048085017e-01
9.764851531294963527e-01
1.057716501645487694e+00
1.013408521384242089e+00
9.822229321939911495e-01
9.493111249390147055e-01
9.910408894004179015e-01
9.972312736114288256e-01
1.046096728967874645e+00
1.140572437644075343e+00
9.889023879459550859e-01
1.047679959141873951e+00
1.137527887070704180e+00
8.328570114073765573e-01
9.062529864012107694e-01
9.451006784871665012e-01
1.060563825514799108e+00
1.073618671090742716e+00
9.598351651270953244e-01
9.599845786655900604e-01
9.793714084292173272e-01
9.682800652608745118e-01
9.787845779801769286e-01
7.565560782621603142e-01
8.269606653700466437e-01
1.063248819904501596e+00
1.076424913994213695e+00
1.218201223225897190e+00
1.066350149675741710e+00
1.170558870890437975e+00
1.114514046221933175e+00
8.140622788559610523e-01
1.090606788856682829e+00
1.023480746048222034e+00
1.011924198859517121e+00
1.049397707836869698e+00
1.095606862457461972e+00
1.016908458691717199e+00
8.205163142055253989e-01
9.159569665419429185e-01
9.025234293347688119e-01
8.752893391105698306e-01
9.472481440226561133e-01
1.110243709835097015e+00
1.036643589513591035e+00
9.329216943091758196e-01
8.897013386798471313e-01
1.126563137472038179e+00
9.965290894086333839e-01
1.165731087475487371e+00
1.050576494324342525e+00
1.047102730878237464e+00
1.111844777502000170e+00
1.082567206196889620e+00
1.075658593587017764e+00
9.792494984473349984e-01
8.364868215574783328e-01
8.411195415087602267e-01
1.119827800304384224e+00
9.871213798420439556e-01
8.012640085050759531e-01
9.822003727383075145e-01
1.061108350612871343e+00
9.442698937776126122e-01
8.274053499651583543e-01
1.083662848354910668e+00
1.049170889522049510e+00
8.471821961687505675e-01
9.926498299643602419e-01
1.026624854441379631e+00
1.052795521270822210e+00
1.094118933449038877e+00
9.886063016705204376e-01
9.945240679449895982e-01
1.129030448326687308e+00
8.113022751096512497e-01
8.589252448284815378e-01
1.145738106658523048e+00
1.222602056425498462e+00
9.865376818656513835e-01
1.070671839515738410e+00
1.108369782060528275e+00
9.151577632550351726e-01
8.677538727468445678e-01
1.092855723778377364e+00
9.688572749306227916e-01
1.069984685323518203e+00
9.484725136990259653e-01
1.026728232610164993e+00
1.214592989185655947e+00
8.203471961956043668e-01
