1.018599732782671019e+00
9.438045868101826441e-01
1.060497137942629786e+00
8.150187300709104132e-01
8.542582637890767661e-01
8.468112254244730686e-01
9.782122299031528190e-01
9.771125446534623116e-01
1.212669186488138040e+00
9.669656677189284455e-01
8.547884163747688779e-01
8.648187486814491454e-01
9.346491171825310751e-01
9.394107960834444659e-01
1.050983520291866036e+00
8.462151303608760333e-01
1.077866485200440483e+00
1.026905503340969528e+00
1.037301092428770888e+00
8.567202468302139717e-01
1.000582231549673962e+00
9.578877933801916988e-01
8.270388661216863113e-01
1.103613133766335075e+00
1.096686586536144592e+00
9.033206846051782257e-01
8.394232797203620144e-01
8.372557436402759956e-01
8.135463501418380705e-01
1.029818987342990599e+00
8.803946759555361101e-01
8.847004303644618872e-01
9.757360255704707885e-01
8.415540958485656642e-01
9.409422667109899052e-01
1.074986158426957550e+00
8.845737446331736198e-01
9.735362362837748362e-01
1.008177564901405754e+00
8.911999260370047082e-01
9.868374816379525960e-01
9.936453976868117044e-01
9.102885089114896022e-01
1.131323125488939763e+00
1.029605671113926313e+00
8.209659275210315910e-01
8.604408912070307114e-01
1.000309576655795896e+00
1.078679137106790975e+00
9.107217113814740639e-01
9.840111241686435584e-01
9.712085648949984051e-01
8.707097302960076224e-01
1.035543583690216041e+00
9.684771984403108824e-01
8.889292394439787248e-01
1.003539333615014240e+00
1.042140281128410395e+00
1.002349596878019611e+00
1.079800123105748799e+00
1.081849300535475455e+00
9.243782088667433783e-01
9.350756090628806749e-01
1.054587966147536582e+00
1.070417052743445119e+00
8.864497697745387095e-01
1.102963167961706681e+00
9.167554446058960860e-01
8.257695259317813230e-01
9.584324100075707342e-01
9.811678628969903171e-01
1.074576518013531601e+00
1.027581417245093443e+00
1.056015051371816948e+00
1.046159529993329507e+00
1.084521243658502776e+00
1.100345844301678255e+00
9.229428746291465924e-01
1.138972044834146935e+00
8.901246158634048555e-01
1.118550791401571987e+00
1.095945073989550211e+00
9.734725886171007314e-01
9.630764706360577243e-01
1.030632245487984822e+00
1.025777569524195965e+00
1.146684022290325178e+00
1.065330089930730972e+00
1.023283690447175820e+00
9.341100362950156555e-01
1.143515288554397769e+00
1.039589033419189290e+00
9.875750295373415533e-01
1.154519064568082287e+00
9.845538631998056456e-01
1.121919725980251581e+00
1.028333767591791181e+00
1.054178532438904137e+00
9.874697588557931338e-01
1.091901512066599800e+00
9.231295228881889470e-01
1.030205148270347593e+00
1.140479624342000342e+00
9.927166140396613825e-01
1.132287026571330957e+00
1.189701275745362219e+00
8.625479271544311821e-01
1.011582336529860626e+00
8.647216961879049535e-01
1.141900001185833124e+00
9.519137265397714653e-01
8.655785306012012681e-01
1.003646374846342004e+00
8.675432088213301807e-01
8.893033392780819169e-01
9.644763189463591013e-01
9.792334123092979459e-01
1.060770879101661457e+00
1.019720665515773783e+00
9.031885424324347378e-01
8.804029932501553635e-01
8.111906701369601125e-01
9.327013554081236002e-01
1.114299247869700027e+00
8.511821207135297218e-01
8.231798899430742278e-01
9.880059249306487601e-01
1.031544405427326394e+00
1.055051357936582557e+00
9.746048733723580160e-01
1.078249687635198573e+00
9.512332677412744797e-01
1.069674576869525273e+00
1.053650220044676011e+00
1.109736176475494940e+00
7.969234500352618822e-01
1.061575106608356744e+00
9.795265169009901296e-01
8.469163561172541321e-01
1.121746156585560872e+00
9.845443938115447935e-01
1.133853573168123186e+00
8.917489870326009704e-01
1.057374406885106088e+00
1.019354868749938747e+00
7.882743917309626980e-01
1.231819990209375160e+00
9.343215691018063040e-01
9.295055788585651069e-01
1.104006225186149326e+00
9.139667687839655441e-01
8.494446627813787565e-01
8.867563133568252542e-01
8.922372603267233471e-01
1.129691558115001770e+00
8.897163423531686544e-01
9.999830433348576575e-01
9.401799513079169834e-01
8.573169696400769757e-01
1.018412155638850791e+00
1.091231582534529121e+00
1.156793990097731095e+00
1.022210751416947616e+00
9.717949417715213700e-01
1.033713323643844939e+00
1.113432506061291516e+00
9.222465103197773351e-01
9.622876878500230546e-01
9.394159084733076925e-01
8.901369936759060408e-01
1.002379969775566870e+00
9.093259567822481459e-01
9.144562338371398091e-01
1.154367639770543796e+00
1.039646246341463742e+00
1.126916030715846118e+00
1.047917485989888542e+00
1.092219182900072028e+00
8.890588301062880561e-01
9.997606972603465536e-01
9.607687086142566724e-01
1.224472937878489320e+00
1.044229470087305822e+00
9.660605694606358984e-01
1.165389808156032769e+00
9.339890401489993055e-01
9.449585186482241106e-01
1.050095702872072323e+00
8.838250710789035125e-01
1.135735865254663191e+00
9.544953804674360942e-01
9.179949110073895024e-01
8.739537698892668738e-01
1.047976808993413389e+00
8.432118990542876169e-01
9.649621235774237249e-01
1.113077224389978692e+00
8.735456000774435292e-01
8.365476079130212961e-01
8.539288579215436048e-01
9.341831690726671855e-01
8.193493358116803460e-01
8.928056281569316521e-01
1.197158862903686893e+00
1.065525179762758956e+00
8.962046036586741593e-01
9.492846525557818715e-01
9.656759831733716659e-01
1.005832766434570757e+00
9.255073848004312653e-01
1.076351167999377356e+00
9.143706005027990580e-01
1.120405422522947614e+00
1.003103560172885489e+00
1.018914994800118379e+00
9.991267234792309271e-01
9.816614460136094955e-01
8.995014639674877577e-01
1.103522213170102351e+00
1.041803019051702472e+00
1.188727511718498775e+00
9.448890073361829733e-01
8.794323649535127352e-01
1.000643792484805061e+00
8.672039496193180153e-01
9.011724901772419916e-01
1.124348261472651878e+00
1.113457951922311118e+00
9.649593707807770926e-01
9.906825599458966014e-01
1.007511661259153701e+00
8.814102803725839541e-01
9.096486084105233072e-01
9.092542619487964384e-01
9.976206310274926548e-01
8.447966011368007733e-01
9.860098522052826997e-01
8.835924613872322420e-01
1.116327004175766024e+00
1.023727935634452857e+00
1.061773969907979120e+00
9.610772998574661496e-01
8.678271185516022168e-01
9.579040609383799865e-01
1.000042831528881182e+00
9.235460870857870042e-01
7.878604130291482210e-01
1.019053147158211381e+00
8.505290296535903405e-01
1.160649879563631082e+00
1.159264395913498502e+00
8.150921131013915133e-01
9.701553921973343764e-01
9.892830983474212303e-01
9.858285338223964356e-01
1.185151303934782074e+00
9.538704738560728202e-01
1.094397178596691944e+00
9.774860181821535265e-01
9.720990175170819425e-01
1.047831211759844505e+00
9.350709725389501070e-01
9.997446350478691457e-01
1.128445084258211439e+00
1.088932056816175997e+00
1.005178060488836733e+00
1.013225218326206267e+00
1.102623405097812315e+00
1.235104692819884109e+00
9.870835206076469248e-01
9.720653439354971503e-01
9.544223459507481522e-01
1.019001498285512231e+00
8.123138176241899711e-01
8.538706461271824422e-01
1.006164298487466136e+00
1.109424505748453971e+00
1.042201329139892163e+00
9.113434074836306298e-01
1.003982688175064197e+00
1.097264943026785566e+00
1.078545791085974814e+00
1.172190146798605781e+00
1.035652888179553033e+00
9.434702307622406803e-01
1.067563133866432423e+00
1.234416745126873716e+00
1.152555594032592889e+00
1.013906361003952261e+00
9.326926006497405774e-01
1.018988809440236176e+00
9.736282041956763056e-01
1.073972830525636413e+00
9.502109423164017965e-01
9.102338333393202863e-01
9.534395773287196452e-01
9.277065769236896298e-01
1.040627300818417478e+00
1.129717829287626207e+00
8.989333817585754005e-01
1.125536308216066317e+00
9.857333669695229617e-01
9.417340258900701588e-01
1.057822482908758355e+00
1.074285813874859219e+00
1.056237781239419471e+00
1.113151554242113983e+00
1.118658981263123131e+00
1.003827127581876422e+00
9.194635967390647480e-01
1.059818502914311455e+00
1.136763377577326706e+00
1.002310950910135556e+00
9.765337774333961995e-01
1.076468747854069985e+00
1.083946191464815634e+00
1.070646729023156940e+00
1.067901048278470766e+00
1.053447393144422595e+00
1.060201144406682339e+00
1.042418286555537588e+00
9.793850631612088797e-01
9.441287853495130555e-01
8.533758386220622327e-01
1.004197962289835822e+00
1.020212257142920409e+00
8.686033336245120307e-01
7.847147765413804432e-01
8.604583604721831591e-01
9.123215757461295983e-01
9.373292457905467723e-01
1.023420375109256542e+00
9.459154351356211521e-01
1.237465511629750603e+00
9.366938792140568903e-01
9.806444939185642307e-01
1.015987407828051081e+00
1.109349901864967292e+00
9.741552450885195835e-01
1.109898918017129921e+00
9.471591328501125506e-01
8.473313085963222191e-01
9.035344897628705407e-01
9.284279607211582963e-01
1.066406638212116675e+00
9.782113572775672505e-01
9.122982556408903987e-01
9.845232027002663866e-01
8.726248457813856607e-01
1.066502479016415261e+00
8.512860677580147417e-01
9.641766544775001169e-01
9.072012225579602074e-01
1.050259008590115783e+00
1.093309094471026199e+00
8.622324105144320017e-01
9.467987453251887064e-01
1.036810153262323286e+00
1.175799204320088664e+00
1.098096432499204633e+00
8.392012445645091745e-01
1.038010524086839359e+00
1.008639905298544637e+00
1.214212154268736521e+00
7.957593041397348355e-01
1.028481244622382551e+00
1.150385545497722761e+00
1.116645560334167619e+00
1.037006285619302748e+00
9.623073284263607974e-01
1.150178714650333278e+00
1.073695777638269844e+00
1.181320757236242525e+00
1.046511032397926977e+00
1.105792360964036991e+00
8.074693732469622187e-01
8.041667807658539058e-01
9.057902748108446200e-01
1.176417768965649424e+00
1.102585195245641358e+00
1.080402813684965935e+00
1.070622614548826235e+00
7.869621322640247829e-01
8.151144413121019783e-01
1.097619588017336278e+00
1.001628978002397030e+00
1.001053287483774978e+00
1.154807134540081215e+00
1.099549635169351891e+00
1.001055781160189451e+00
9.733956632215203797e-01
1.024730594603532774e+00
1.038046001759699077e+00
1.090820140114764358e+00
8.414846414474260738e-01
9.292181814387321381e-01
9.448641764414843491e-01
9.040173057147875557e-01
9.328616699000369383e-01
9.931696692200213672e-01
1.203776117795099410e+00
1.066276296383841693e+00
8.454761668347257064e-01
9.906803906269848747e-01
9.024923505319102368e-01
9.778073444987624985e-01
1.071564223824609474e+00
9.574791955810909583e-01
1.125328378237192783e+00
1.045365404117389652e+00
1.067097264020758773e+00
1.070297792954213456e+00
1.099688535579799176e+00
9.078548597991371594e-01
1.226218561693675158e+00
1.134622782427688659e+00
1.087783244776888036e+00
1.180791326210653525e+00
1.121737510939995186e+00
1.179662953294374539e+00
1.095316326414742969e+00
1.027252249821474894e+00
9.462962296644276128e-01
1.004750402235280671e+00
9.754412287465422660e-01
1.094009104320894599e+00
9.420129956066878307e-01
9.343123757325960677e-01
9.561120304156391914e-01
1.038240823262128520e+00
9.569829042016830822e-01
9.205383321616140702e-01
8.294262000597723006e-01
1.008633352283817564e+00
1.096505968466283454e+00
1.027585669216730890e+00
1.077746360680421844e+00
9.398573301754912235e-01
9.019146295002193892e-01
8.635903352039649983e-01
8.931067483864293388e-01
8.432056432100301091e-01
8.226488356925293344e-01
1.013596762225871251e+00
9.980381536699682865e-01
1.127453275525760912e+00
1.085032954724175713e+00
9.271199170133301859e-01
1.023398073146159382e+00
1.117365090520794135e+00
9.519548492300706766e-01
1.003917067600810231e+00
1.074717225990245328e+00
1.157283933093895545e+00
1.007071890850123941e+00
1.103471008283469335e+00
9.418128680027748612e-01
8.238350853166136467e-01
9.459638027371310987e-01
9.173319463959904718e-01
9.007236796489521691e-01
8.722501500336873326e-01
1.156440489170124986e+00
1.119642308763191263e+00
9.699956975527361802e-01
9.394188758941566242e-01
1.154600033786253643e+00
1.007646022472135083e+00
1.017652907172202914e+00
9.339130284118608571e-01
1.095214516305179631e+00
9.960155294350989674e-01
9.880318174298488021e-01
9.877694223654167605e-01
9.027827630312702523e-01
1.070236608551407897e+00
1.028033791783131479e+00
1.088789682881484921e+00
8.856875921614915104e-01
8.780211155631507669e-01
1.053024175487942582e+00
1.087451491103687218e+00
1.046198749750564483e+00
1.149220335332203469e+00
1.117572601090405904e+00
7.877795552791869715e-01
1.001453067925492268e+00
9.145333667450057380e-01
9.725339784705759882e-01
1.029117681765951531e+00
9.188380505891886596e-01
1.017532752617585468e+00
1.005737953684587627e+00
8.540656590136486148e-01
1.041183965279800727e+00
1.133059067837403289e+00
1.094590173598713356e+00
1.109107530612641446e+00
1.141139580495882155e+00
9.464785672318722920e-01
8.935604074204348546e-01
1.031553631001364879e+00
9.133569428689732872e-01
1.154257016480143117e+00
9.584914703526992152e-01
1.069981540447394908e+00
8.915935788689013375e-01
9.581847745472329425e-01
8.570633131672478200e-01
9.351955171459522820e-01
1.001119483408577926e+00
9.766516445713635530e-01
8.023112773445397750e-01
1.053071234452994887e+00
1.010240903009937963e+00
9.271786093366058967e-01
8.808562274527631519e-01
8.745716078520884285e-01
9.662311753561594330e-01
1.029655406154140529e+00
9.755002975262065945e-01
1.021502091960027059e+00
9.912924711892977525e-01
8.569012741423118751e-01
1.155327570572951545e+00
1.062802848283272095e+00
1.058021148123877708e+00
1.066776896059121515e+00
1.168938443103222147e+00
1.080234205683608728e+00
8.252452698212986437e-01
1.051213916364984957e+00
1.030284370705748520e+00
8.982890714275080235e-01
8.579473084914917003e-01
9.903697675009668355e-01
1.028553189396441692e+00
1.002393047152750460e+00
1.132056374969957258e+00
8.708410493248054385e-01
8.400296717572667271e-01
1.083769835987310026e+00
1.191843311557985396e+00
9.723994766304505655e-01
8.797416804090844034e-01
8.131200884758809089e-01
9.432033488652191711e-01
1.135256735373278758e+00
9.013239740397934741e-01
8.989556691538447275e-01
9.975094503277570634e-01
8.853608051010100066e-01
1.214161731680591272e+00
8.349437857454307110e-01
9.681205765531374352e-01
8.985413863751268160e-01
1.129791630198509811e+00
1.177038951163566605e+00
9.942941128070525991e-01
8.289079791249114315e-01
1.075645846125407923e+00
9.855339212678785321e-01
8.823291146903393667e-01
1.099042797031329899e+00
9.834819671321317625e-01
1.009030388753696439e+00
8.837439165751267423e-01
