1.136797606547547801e+00
1.086769933927465459e+00
9.697078936756775569e-01
1.071366806838949026e+00
8.769444997948636633e-01
9.708484078452186417e-01
1.021917549797486391e+00
1.093840657249928849e+00
1.037318871217865590e+00
9.851405532925985309e-01
8.868633208408908120e-01
1.039083994131071442e+00
1.050466867621070888e+00
1.000092927976879986e+00
9.419677230746266172e-01
1.140557241526848564e+00
1.150556170246995302e+00
9.210254028610184163e-01
9.922728008677810241e-01
9.030118770829862473e-01
1.053119549057692339e+00
1.117782927032123563e+00
1.171049869172924307e+00
1.059447468634002298e+00
1.032980165941516315e+00
1.037826481444167337e+00
9.748822485350914224e-01
9.339017157224036580e-01
1.031302115265689823e+00
1.014574926490235507e+00
1.190602140499097406e+00
9.781026913430360681e-01
8.996892680582821988e-01
9.889270206187319445e-01
8.578789860982233284e-01
1.106425644270141895e+00
9.425188799832699971e-01
7.765473891390446415e-01
9.218466284673130229e-01
1.137525648655332899e+00
1.063210085143157180e+00
1.083345127958814658e+00
1.094738597509334888e+00
1.106390403779651699e+00
9.510346033366359197e-01
1.079580267661908843e+00
1.017125756078929744e+00
1.137448230668425264e+00
9.982372799673527863e-01
1.167275610431683264e+00
1.103700050148716638e+00
9.860601263651307402e-01
1.073932867741999253e+00
9.286938071907636649e-01
1.127899801278252401e+00
7.983359787897068571e-01
8.958437587727154927e-01
1.066621122422555246e+00
7.967761121169761873e-01
7.974526263048421493e-01
1.133336238055517198e+00
1.115485369781781477e+00
9.422255795902432229e-01
1.033642834314777215e+00
1.112392853715505892e+00
1.022175023157289031e+00
8.891841998637703970e-01
9.676521163335169984e-01
1.012964693786995607e+00
1.077094230702515310e+00
1.064282289387496361e+00
9.309511336615285959e-01
9.876151638237156138e-01
9.360779001256993581e-01
8.964746306391446762e-01
8.655439601349824708e-01
9.872228441549528721e-01
1.150777494705873982e+00
1.174476714508067898e+00
1.181839766085632348e+00
9.198149600563148010e-01
8.244088953342108006e-01
9.789796601029330247e-01
1.045518244831000532e+00
1.063695539218917352e+00
1.163436572949094083e+00
1.005676275637339634e+00
1.011078858218130705e+00
8.732179222151013054e-01
8.877325872606764978e-01
1.044381606241535421e+00
1.199637457868693913e+00
9.959382894174517720e-01
9.947415096563889669e-01
9.323720637824559621e-01
1.075506335054307483e+00
9.926485039950572187e-01
9.981441489168683123e-01
8.196988755447611741e-01
1.144508646125556472e+00
1.193222172793286351e+00
9.931806915522607415e-01
1.082007585130915217e+00
1.058735192361730526e+00
8.012691342750853929e-01
1.204919627569815077e+00
1.148630717208797503e+00
1.174695517500677910e+00
8.556332162573223599e-01
9.685709583290268432e-01
1.129404754478585904e+00
8.171686336275787443e-01
8.100902471890401024e-01
1.122348323155452299e+00
9.388873307273888358e-01
1.008524239533633571e+00
9.958353347081545515e-01
1.054964514164029810e+00
8.974269291371467228e-01
9.246525750440605096e-01
8.444882164488546339e-01
8.981101669195676873e-01
9.423380258187588066e-01
1.074609412232563566e+00
1.049769653150593562e+00
1.059782074321900858e+00
9.217207963815813310e-01
9.639252492509484682e-01
1.072759104515656592e+00
1.126332798198200313e+00
9.663855894240944711e-01
9.492099374019563607e-01
1.215065996219873101e+00
1.087135782492271385e+00
1.012818284650565337e+00
9.526307350614573455e-01
9.127746143936907863e-01
1.119029671642953305e+00
1.059474254252676717e+00
1.034072425350033964e+00
1.073499669265392198e+00
1.012343220628923124e+00
9.578613641399384981e-01
1.128115686126480055e+00
8.648265610706229456e-01
9.228817115359925216e-01
8.756090369978757337e-01
8.965195343681842122e-01
9.346932737300428506e-01
9.996927185145570993e-01
8.066958842029881005e-01
1.110305119703675514e+00
9.701519501393186529e-01
1.007164067987978306e+00
9.994838232145182300e-01
1.031398725321575283e+00
9.295103027951786556e-01
1.120464253718061132e+00
9.413431769820320705e-01
8.919069965135519862e-01
1.116145395832128129e+00
8.665068719405064623e-01
1.034366815822333363e+00
9.725397546226077772e-01
8.698382318469786156e-01
9.266710063457725965e-01
1.095882836517545478e+00
1.073391821346599384e+00
8.801899983134977568e-01
1.012196008345226383e+00
9.116480881362942768e-01
1.103381883218867099e+00
9.951479478369724685e-01
7.747627622652636381e-01
1.066295154407498114e+00
1.040745373746429836e+00
1.076828868467526013e+00
9.683445618822648093e-01
1.078705463490961858e+00
8.607508730312284362e-01
1.119978179147184782e+00
1.041137899696510827e+00
1.155587705606900384e+00
1.173776565120076221e+00
1.027787079168938300e+00
9.333438919036203263e-01
1.227728141160639108e+00
8.363673640151224609e-01
1.116680691622501165e+00
9.055389220833849340e-01
9.399244567159825703e-01
8.934322624394895884e-01
1.031311026567495182e+00
8.501915575300460493e-01
9.589757903440021547e-01
1.121162963855224737e+00
1.069737722035050131e+00
1.160912538741233346e+00
9.767800757805322753e-01
1.151543766007697034e+00
9.709007699829560467e-01
1.074315256451876088e+00
1.130014036746356254e+00
7.741086453786958366e-01
8.949061129162203532e-01
7.928009952714151209e-01
1.036158033355532027e+00
7.933450884751322985e-01
1.009598445090058139e+00
9.820747084954224437e-01
1.012577438355591886e+00
9.525112081216968729e-01
8.963827491948432868e-01
8.174176210548791399e-01
1.063064480708938664e+00
9.178800576981485104e-01
9.207484541573207615e-01
9.843473424243853742e-01
9.391414649684302063e-01
9.158282207960148913e-01
9.568412462487940751e-01
1.053041750053732351e+00
9.848663128011234669e-01
8.553874727856072280e-01
1.055672619680887214e+00
1.054511485253565084e+00
9.776133515037622734e-01
1.087676870272276330e+00
9.406879764253195386e-01
1.042592182653077515e+00
1.119550124199574226e+00
1.115898842375067090e+00
1.012251707395408040e+00
8.992619823820278135e-01
1.150121355294662973e+00
1.124723155796702789e+00
1.110392095393289535e+00
9.115054851874875297e-01
1.169040039852885737e+00
8.387588162612971132e-01
8.903928256678536046e-01
1.123790785825647509e+00
1.012316111990489098e+00
1.054250637206324059e+00
9.010592133588094521e-01
1.035416299363010051e+00
1.159958916734852519e+00
1.084541292681915570e+00
9.066790229769826626e-01
8.496742063532656264e-01
8.417007422581493925e-01
1.015204388513091693e+00
1.119804655148930905e+00
9.452219107612451765e-01
1.144434057773348279e+00
9.672492201653610788e-01
8.769475708716781837e-01
8.158705188661037333e-01
9.330826586620017959e-01
9.986697585619185302e-01
1.011588539516587781e+00
9.898403326420677217e-01
9.805657113134265135e-01
9.829550669937985319e-01
1.141135742641356421e+00
1.133632364240394486e+00
8.463600497293835012e-01
1.096872410826293276e+00
9.869561840901021066e-01
9.926571423022274576e-01
1.154141101749714071e+00
9.789323225290639252e-01
1.004541006532938541e+00
9.998701552883106913e-01
8.616200088787315803e-01
8.943513227572454927e-01
8.957100901377264002e-01
9.386731231794812613e-01
8.596765085552645624e-01
9.106436928481722592e-01
1.121905010713507345e+00
1.144308776341046441e+00
1.108555658816304135e+00
1.104586898498901792e+00
1.008291600894170248e+00
9.252101468219351421e-01
9.775759772611096743e-01
9.442675186917872665e-01
8.240491863850085696e-01
9.783484387212223465e-01
1.077274714160797231e+00
1.063850158503656829e+00
8.203443548832936028e-01
1.109814452606642687e+00
9.394927503827508186e-01
8.820359701926041573e-01
1.059193398714426415e+00
8.685448187364290806e-01
9.296849437214678158e-01
8.417590409752127023e-01
1.107522344778874235e+00
1.112492133564426888e+00
8.630574840310597518e-01
1.026874207074029544e+00
1.138172932400016490e+00
1.112228042351340429e+00
1.025315576279829610e+00
8.726481699793240399e-01
1.047683836852510542e+00
8.347018060681526963e-01
1.138151724116348351e+00
8.826648002188143272e-01
9.716686576436203149e-01
9.487782581861849973e-01
1.051881665200132154e+00
9.998989795379675805e-01
1.023482453335844866e+00
1.085486804697892049e+00
1.045096571816556130e+00
1.017269695016718822e+00
8.639652567111675285e-01
1.066713176974151800e+00
9.873005559850380752e-01
8.211343482294023444e-01
1.081645629801833541e+00
9.221509916076047197e-01
9.104874157465618900e-01
1.015513609555917851e+00
8.680737898444311762e-01
1.175926519230174883e+00
1.014582211961610581e+00
9.825164125525269743e-01
9.288178437395444575e-01
1.192281985214020068e+00
1.018681702126719379e+00
8.868805688539420640e-01
9.776357536672791726e-01
1.072695435007268827e+00
1.034075541817562893e+00
9.669965199867587291e-01
9.728939788180290815e-01
1.041048036499856888e+00
1.033000028559265093e+00
9.611626787232832037e-01
8.832711980232557103e-01
9.590024344504949338e-01
1.044411613613775325e+00
9.738480344573245961e-01
1.168869087886527103e+00
8.421455020477960351e-01
8.449385745830249039e-01
9.049104282988751358e-01
1.056702749261073215e+00
1.011165322914530318e+00
1.084337958762012555e+00
9.502003034990277319e-01
1.038877976669391190e+00
1.148992327304996897e+00
9.588155936592481776e-01
8.824586669244831594e-01
1.104981755487229877e+00
1.014996601242396324e+00
1.093756119746176703e+00
9.145986772607221926e-01
9.180230570501048959e-01
9.557526660267126051e-01
8.949482419808345579e-01
8.573613396777876039e-01
1.179602035470839416e+00
1.073432902052329441e+00
8.911295142421087334e-01
8.972678247700224263e-01
9.702193746078794367e-01
1.098891603621815705e+00
8.854228118058546926e-01
1.076216443567995729e+00
1.123666045184285256e+00
9.456663971191491269e-01
1.127771436864750232e+00
1.025836514116415410e+00
8.148682025250770788e-01
8.776314096426554023e-01
9.087742618515617377e-01
9.147225339425637536e-01
9.914537143289792187e-01
8.820232364557794025e-01
8.635305182202681618e-01
1.031219333412727979e+00
1.034031006998877178e+00
9.033313028912592912e-01
9.569300916711100946e-01
1.176346384746336238e+00
9.509076271962222382e-01
1.105807891457972758e+00
1.094186034448225042e+00
1.176170912223596154e+00
1.157130632266213155e+00
9.768695690104800544e-01
9.882370536874238720e-01
1.013854530574599178e+00
9.950362299245111286e-01
1.017264092777933282e+00
9.624625482572336521e-01
1.105475732262746202e+00
1.072022420120432029e+00
1.019282044353863492e+00
1.028271343936112192e+00
9.358466717746607433e-01
1.061395391426706469e+00
8.442603747756142196e-01
9.492399422184738533e-01
9.454523021417355899e-01
1.021003772498109363e+00
9.575587671746927931e-01
8.936758217120747139e-01
9.748012893552565616e-01
8.257273535039779677e-01
9.467017942285556042e-01
8.825634177689212212e-01
9.746198110502459766e-01
1.180811191145938910e+00
9.013759368820201123e-01
1.101849626866923781e+00
9.652584654741036552e-01
8.987822329275955147e-01
1.024662122875446002e+00
9.664058654392981840e-01
8.339756648320251209e-01
9.478391397574253974e-01
9.000019409058097608e-01
1.011267597077832647e+00
1.093965287892314064e+00
1.138490225887279550e+00
1.077978384898909736e+00
8.155429745449499501e-01
1.140103692364687227e+00
1.042476854811410725e+00
1.041666934301895608e+00
9.684001276111893208e-01
8.591232390301963839e-01
9.368979432262758422e-01
1.071417620803025716e+00
1.110487078050741871e+00
1.009708186006848640e+00
1.135954297341049246e+00
8.980274089566779860e-01
1.079139850055832239e+00
1.113905132859604796e+00
1.101862191361191234e+00
9.777400116175691824e-01
1.133559447177669099e+00
1.207023592978606397e+00
1.133728155344317257e+00
1.185987247588341287e+00
1.220878131944183487e+00
1.119592120506701649e+00
8.981477016916806777e-01
9.263562502918443187e-01
9.446894322764582963e-01
1.115835945066615986e+00
9.878192171058877147e-01
9.153646152762227040e-01
9.867420328661586915e-01
1.175873429736131515e+00
9.713544932538349386e-01
8.491413455528808996e-01
8.927891698761099004e-01
1.009765985360574714e+00
9.094890924328001836e-01
9.069209937473399208e-01
1.063034295498493709e+00
1.127475532501417188e+00
9.418276331260635459e-01
9.199846644060538647e-01
1.021177565066426984e+00
8.362472364777221445e-01
8.570136836154327309e-01
8.703607415056677787e-01
9.049054014664226209e-01
8.233998082212747871e-01
9.865930732032859307e-01
9.799579196782750579e-01
1.169281828131947254e+00
9.269905200339874085e-01
1.116467361950911785e+00
1.128595334787855897e+00
1.037524873596203490e+00
9.845014844920503272e-01
1.007270602500697665e+00
9.521431232446952997e-01
8.303076017649380081e-01
8.347123867331167624e-01
8.778559770922966798e-01
8.872544607898291691e-01
1.163524076173245714e+00
1.023491718195344014e+00
9.656128382411950373e-01
1.140342693836083887e+00
8.942770964086506069e-01
8.601965207147506121e-01
8.808595827468664874e-01
8.178640616990185963e-01
1.024305334992074545e+00
8.573332737033363404e-01
9.237828291938873226e-01
9.169192327834254641e-01
1.122505187063121301e+00
9.199376924383415588e-01
1.078086275913735292e+00
9.270162104832262440e-01
1.069673111811733524e+00
1.025207780647704237e+00
8.418576718847592399e-01
8.299300895304637660e-01
1.019549765926529794e+00
1.089296898649230405e+00
1.032346296796730734e+00
1.124036201860995288e+00
7.775368366412442889e-01
9.003713380884358353e-01
8.512323836411390676e-01
1.176772207046712149e+00
1.108667305331993314e+00
9.657191928589383689e-01
1.115360952754346213e+00
9.334647075403355032e-01
9.641782345065557092e-01
1.068228550017952472e+00
1.005695330169629864e+00
9.892464279018629014e-01
1.024473347478370933e+00
8.689129291705602887e-01
1.177396141864169632e+00
1.049285047070257715e+00
1.022352676763236490e+00
1.049929937654234369e+00
9.211717997820694226e-01
9.810243430289891098e-01
1.062081023892194276e+00
9.920918828324234440e-01
8.760520593283367408e-01
8.493392994177776378e-01
1.010182952312394189e+00
9.259568524181954752e-01
1.155811578689785790e+00
8.743430806505233521e-01
8.715117854263951802e-01
9.823250263511387192e-01
9.396466253062212282e-01
7.993668162694328450e-01
9.914715779884477609e-01
9.465184708158560500e-01
1.205280380692348885e+00
1.070026348669596894e+00
9.863232495390513721e-01
9.235910851797204391e-01
8.658398529029694979e-01
8.770748918933599647e-01
9.163562677346299701e-01
9.908724236858302836e-01
8.970420475416065464e-01
9.510543922001649664e-01
1.056614570359393435e+00
1.117485072102846200e+00
8.882432489105733797e-01
1.019154211620705963e+00
9.059018732470001112e-01
