9.109633804049974692e-01
1.133376770207921380e+00
1.036147624546828183e+00
1.025474311173387054e+00
1.098984941331089482e+00
8.693857437026242252e-01
9.569320169338053628e-01
9.605039962234913631e-01
8.533482513935616298e-01
1.123259522751667738e+00
9.343221172460645096e-01
8.261928774413598298e-01
1.226743148880544476e+00
8.359425159764590774e-01
9.846798905446672023e-01
1.027814557266988116e+00
1.081872979537107149e+00
1.091089101141536455e+00
1.164382936765445464e+00
8.464890897324521823e-01
8.390963373831350491e-01
9.853907044103020763e-01
1.013987433946852423e+00
1.036751838019019267e+00
9.677266095896690512e-01
1.071691833301996244e+00
1.045811926806256231e+00
1.104183853931905990e+00
1.103297070520240508e+00
1.081211841252828210e+00
1.053196267045810819e+00
1.050748312401229567e+00
1.160734349315502234e+00
8.665354343005784443e-01
1.017779971854446242e+00
9.890151186117573934e-01
9.106800570074461421e-01
1.024087020552931770e+00
9.174734141747641347e-01
1.000139724620929593e+00
9.797971415311677035e-01
1.117409887993373152e+00
9.939818003477982611e-01
1.131584785896172507e+00
1.165764524077690822e+00
9.531881913083584124e-01
1.056765175749110552e+00
1.175733097915791170e+00
1.107395482706056811e+00
1.048749816504627397e+00
9.596705462683163823e-01
1.103725400667822321e+00
1.150083967870824120e+00
1.096251371852442702e+00
9.973504404098396670e-01
1.073404929637465699e+00
1.155515379206260906e+00
1.094457202890189551e+00
1.030138252720881109e+00
1.122983077382614159e+00
1.124076830537410032e+00
9.622336140874747645e-01
8.774184089043255419e-01
1.083296883095317131e+00
9.849512006053455782e-01
8.100663092998336978e-01
1.111515578688378358e+00
9.951881914263758233e-01
1.038744536270477248e+00
9.427826167873772922e-01
1.051840166819120403e+00
9.019868566326167958e-01
1.013525639988566374e+00
9.160921470892734453e-01
1.082873280715767050e+00
9.870505211779143639e-01
9.247862492450991123e-01
9.589259315991924826e-01
1.043400834636735386e+00
8.386188802703775647e-01
8.575823762974008613e-01
1.145710432532403455e+00
1.009870745363976585e+00
1.012275650270060279e+00
1.091950571468124576e+00
9.254310677984687317e-01
1.043709796331789619e+00
8.732454261261533013e-01
1.008691346156292745e+00
1.077700280764300800e+00
1.083729599264199761e+00
8.945516207922619145e-01
9.072404666532849493e-01
9.185264885805113355e-01
1.094270792797855441e+00
1.042412454963989266e+00
1.053685048263525381e+00
8.780987464743386095e-01
1.076346906580905705e+00
1.015589234198464030e+00
1.127895557793138881e+00
9.148962956546575764e-01
1.007913745581963338e+00
9.131952388842137225e-01
1.116347275401324834e+00
1.066404863445674644e+00
8.361470818903153912e-01
9.907512853389561780e-01
9.551985351711388406e-01
1.165474103289579677e+00
1.045701190294617389e+00
9.585052714844269905e-01
1.009074534966833081e+00
9.446448781694146701e-01
8.161254347717598057e-01
1.077209085187193605e+00
1.044405879210698718e+00
8.190176872588366130e-01
1.112762242125074685e+00
8.645608021199342463e-01
1.017022901547862235e+00
1.081005348835662350e+00
9.079831546482592941e-01
1.003888772241512406e+00
1.005618887447662146e+00
9.432812914994714859e-01
9.849351336888216846e-01
7.973992569805290476e-01
8.457234933470031413e-01
9.034050352438026676e-01
1.031942149165855582e+00
1.074189074120960097e+00
8.967564405380866743e-01
1.016686472624545701e+00
8.050079471161708522e-01
9.883737395381839708e-01
1.186439306720974196e+00
1.074981035436052945e+00
1.090027210321504070e+00
1.048163552570609225e+00
8.334581665177229759e-01
1.125270291340978002e+00
9.354114126041521704e-01
1.027509283600480439e+00
1.065241080142629526e+00
1.092720829585382303e+00
1.097445356285229323e+00
9.459850760290240412e-01
8.465903929834035502e-01
1.126064516150778738e+00
8.840590741826686028e-01
9.248983023299754969e-01
1.095062815971563852e+00
9.901000217479170029e-01
1.097086155482556835e+00
1.044574405474981704e+00
1.058818782989530805e+00
9.385709741676246942e-01
1.089688026652529285e+00
1.022082823392538531e+00
1.043474943137391087e+00
9.955035269037993961e-01
1.059260162041122832e+00
1.009729207161130349e+00
8.938898139274861210e-01
1.071434561541352526e+00
1.073064424794231364e+00
9.610304141980794412e-01
9.448325976871383425e-01
1.105090506411325446e+00
9.520330354763411052e-01
1.002940086500847539e+00
1.038525521748775438e+00
9.926757824102959704e-01
1.081149576638317233e+00
1.070346020642045870e+00
9.132487885273730122e-01
1.008214495155086210e+00
9.113000940528355187e-01
8.360332699958723524e-01
8.310871240684440941e-01
8.554230752292176776e-01
1.140522797291556145e+00
1.145209229897597769e+00
1.013129559831885462e+00
9.003165599034927968e-01
1.018791709633795950e+00
9.598663307541290823e-01
8.700581793580938195e-01
8.505567359739389932e-01
9.985304880545693429e-01
1.096058523523846251e+00
1.182545170463395134e+00
1.085910023272254055e+00
9.693833433455329995e-01
9.436158266201493117e-01
9.828432603206829210e-01
1.200139519374390229e+00
1.021925404260714876e+00
9.109320684933941425e-01
9.441581156645399986e-01
1.000823930308542664e+00
1.078407475222502132e+00
9.359173496740139653e-01
1.020704856317129039e+00
9.738963490465443185e-01
1.101075990660248749e+00
9.336425397930081527e-01
1.092286761480796509e+00
1.067517868336884224e+00
8.741442693106028505e-01
1.140075726476541984e+00
9.923153494482369608e-01
9.088090236759481799e-01
9.674897389436503126e-01
1.139755078481100359e+00
1.122589287543459102e+00
1.127707350849637580e+00
1.107579929098010840e+00
9.153753260970078909e-01
1.071775393061374926e+00
7.890928470715503629e-01
9.679329430569845183e-01
9.252339199920088797e-01
1.008410735637633060e+00
8.839722376990317709e-01
1.058013825716450640e+00
9.489719823672875254e-01
9.938176691325530943e-01
9.891460479295639541e-01
1.001314427693573705e+00
8.439828036681517043e-01
9.410486776647208895e-01
1.129074345809230717e+00
9.535489428199382944e-01
8.550557383711447912e-01
8.586430621771884431e-01
8.605874452854234136e-01
9.168517471249373330e-01
9.016505183172209836e-01
1.182208062292124273e+00
1.038846249322218585e+00
9.312024014602779953e-01
9.296082552720106307e-01
1.132579648188576371e+00
8.652158826859170926e-01
8.431361359851907711e-01
9.030707086440388220e-01
1.087174729221896952e+00
8.938268086276333069e-01
8.802335138008660076e-01
1.005300222121405351e+00
9.970675156349346757e-01
1.159448207587654434e+00
9.791625367164777938e-01
8.544483804301101770e-01
8.515204970735537060e-01
1.118107750894143271e+00
1.030896370759096570e+00
1.039994512090239409e+00
1.009619781800722205e+00
1.090444846721704497e+00
1.216725679073706656e+00
1.122526262543690256e+00
1.046341002870479153e+00
8.167789236334792591e-01
1.077515876690010144e+00
1.044655193723686981e+00
8.635205302623416568e-01
8.182278809583697354e-01
9.860695850915891514e-01
8.931486042628022926e-01
1.021302932357969651e+00
1.045623663194353625e+00
1.068953925714082986e+00
8.771763237246672507e-01
1.049395735961193399e+00
8.578648176023411231e-01
1.075951339456135747e+00
1.095220877839282680e+00
9.428321734973874602e-01
1.150960783309735280e+00
9.778932776028698148e-01
1.122675522833139761e+00
8.524604279985863453e-01
8.964374670570183223e-01
8.499654790271121696e-01
8.197977423977370615e-01
1.020975041318544552e+00
9.678157913190159611e-01
1.105743437498131199e+00
1.133853646369776369e+00
9.728427759180171552e-01
9.903805867379283923e-01
9.923238606717998955e-01
1.101677185915982182e+00
9.846017936231665768e-01
1.022769885176637583e+00
1.070580203146557885e+00
9.374317291178131395e-01
8.747204352216702006e-01
9.159413288427235011e-01
8.942452594331669058e-01
1.129581338471750573e+00
9.360522814087763877e-01
1.080544990492931845e+00
9.309570114792130591e-01
1.085858118535976358e+00
8.825035409456640778e-01
1.114427455454345850e+00
1.105410900088517945e+00
1.014584158024570471e+00
1.033728751431523207e+00
8.632368633149700710e-01
9.232734019051234142e-01
8.596928703151902607e-01
1.085965499970396930e+00
1.048043442731217079e+00
8.581228265374812869e-01
1.007086112615940499e+00
1.111403789204469472e+00
8.708271133895741922e-01
9.176135999809029720e-01
8.718180720555102070e-01
1.016318145951188967e+00
1.055050333113715766e+00
8.994617620788032397e-01
9.601654189971994269e-01
9.957296979941558934e-01
1.079038183155327513e+00
1.045998395424049487e+00
8.931934845519338140e-01
1.032965061670029883e+00
1.045725636499893696e+00
1.058184793494900022e+00
1.009935785109924655e+00
9.729763533838908796e-01
9.652415259167517192e-01
8.629041243970956288e-01
1.097126168743897567e+00
1.130029721829938660e+00
8.684418056794842578e-01
1.084394894027931322e+00
8.216925276898670027e-01
9.968995260878865672e-01
1.078188871252807379e+00
8.784423384075858987e-01
1.078137539395335409e+00
1.166027753187319327e+00
1.080836531869674433e+00
1.011193907338934661e+00
9.181789656948250444e-01
9.157648158791368287e-01
9.877002951250156704e-01
9.339344178257655837e-01
9.261321986689514674e-01
9.961399497468956810e-01
1.008970058007349069e+00
1.002670110301665751e+00
8.268043483439033725e-01
1.049915025084845466e+00
1.178079657133269009e+00
1.052465150653507431e+00
1.040029688595446533e+00
9.737241896959452081e-01
1.085910490123834338e+00
8.506155756829365533e-01
1.095110233867642169e+00
9.402003601253452469e-01
1.019846696539906894e+00
1.036208205640771984e+00
1.192879237422236560e+00
1.062882343999729029e+00
9.980572437389459983e-01
1.081482873949637158e+00
1.195178520964112590e+00
9.224439527974708231e-01
1.007153381370896383e+00
1.134191027036346000e+00
1.020956732352103824e+00
9.729700045826822352e-01
1.004454194991712512e+00
8.871492615744914767e-01
9.611835831569413013e-01
9.869219602522982804e-01
1.139769785554139325e+00
1.043600470640991373e+00
1.095697924899383668e+00
1.224982799989152937e+00
1.103264064873478167e+00
8.610934698413346133e-01
1.004327868803679635e+00
1.018554488258925250e+00
1.041437282019777255e+00
9.646276180868817995e-01
1.037966236741392656e+00
9.012706009305919697e-01
9.790307464324949915e-01
8.664153222988691949e-01
1.036975226651404070e+00
1.072697757982637112e+00
9.190374153383279454e-01
1.061551175277014591e+00
9.383301040777878299e-01
1.020075342030095866e+00
9.965229725968023367e-01
1.076176717683737127e+00
9.922515149196488027e-01
1.146900484458905689e+00
1.139779335452407061e+00
1.057160256928153741e+00
1.066302191642058972e+00
1.128685046103438783e+00
1.005303204081098523e+00
9.011547844178630084e-01
9.951151425023687658e-01
9.262290113261228974e-01
9.087505392500674350e-01
1.021118430922821618e+00
9.493248601743391468e-01
1.059777183334933204e+00
9.096700799287598116e-01
8.594298963082597220e-01
9.787865062380075587e-01
1.020063154563963792e+00
9.845956510230253755e-01
1.083658286482797495e+00
7.847979653857187765e-01
1.030775145462342168e+00
8.800748208126627503e-01
1.073298452139612058e+00
9.357674803871141034e-01
1.097526913184273090e+00
1.024249170444724300e+00
9.952033209064785613e-01
8.424813093316678714e-01
9.280535668643611347e-01
1.023086873970254995e+00
9.213847972439734857e-01
1.067786753969459212e+00
9.245998171026638124e-01
9.246048864680673773e-01
1.038929719812100805e+00
8.851369711160144149e-01
8.963602679392179695e-01
9.615838718564759802e-01
9.107913730156191878e-01
1.055139022144016447e+00
8.771050742903518938e-01
8.902192629937610846e-01
9.901340882847642355e-01
1.002405401245590966e+00
1.032869079561274939e+00
1.054057599885842134e+00
1.071370821647763538e+00
9.515393700845173885e-01
9.193141957262547237e-01
9.754927004656881451e-01
8.512614622063010561e-01
1.154664890079249773e+00
1.084250098298124243e+00
9.462436798030818830e-01
1.121292349470736305e+00
9.830806105531504357e-01
1.055030007670512804e+00
9.171895147655471092e-01
1.127494869625097484e+00
9.046988677893006425e-01
1.040339562239522619e+00
9.703808778028385484e-01
1.085766824266807706e+00
9.274157132071454424e-01
1.029883302681421142e+00
9.785375727626040021e-01
8.853200140616557245e-01
8.913360952923861102e-01
1.109290613523671087e+00
1.042611372097324018e+00
1.057094432431145536e+00
1.154266269776847320e+00
9.678091223583518143e-01
8.668288315403922528e-01
9.028177943744952749e-01
8.400450301708467515e-01
1.128372222823333493e+00
8.796464419754956854e-01
9.957660699726371689e-01
1.048696878126246457e+00
1.027260239822252785e+00
1.030292806935095395e+00
1.022089637786028238e+00
1.153143923185862674e+00
9.286776627023953790e-01
1.064308178549159045e+00
1.086497362301398040e+00
1.068979445129149886e+00
9.047249108894550584e-01
9.777116655860333960e-01
9.061073454739408950e-01
1.000965714994711320e+00
1.031639264535678002e+00
9.763473776305445773e-01
1.047796412150380219e+00
1.071838990380311163e+00
1.062798721645695332e+00
1.181714559631993566e+00
1.172016508793102485e+00
9.749987681969135567e-01
8.647149570081602565e-01
9.183897965347652681e-01
1.077788769228597898e+00
1.036423564876239878e+00
1.143619554941600835e+00
1.014931529012973677e+00
1.050144390911046832e+00
1.045258698406659637e+00
9.337506245237789937e-01
1.107246683669476983e+00
1.034004753871950122e+00
1.086751036070906506e+00
1.223926867321589729e+00
1.190958392872988769e+00
9.532747116861371994e-01
1.155998828927783606e+00
9.900630715931966197e-01
1.155121009038772906e+00
1.010002887716382025e+00
9.127776284616223590e-01
9.313524811256792546e-01
1.052663486543504279e+00
9.033961946822746114e-01
1.007412919570505272e+00
9.873181484544152342e-01
9.509253449670272973e-01
9.453002839726609707e-01
9.592472496561587070e-01
1.107199159905885910e+00
1.130648615598278672e+00
1.121657092109776377e+00
9.811235693857651707e-01
8.924185277914749026e-01
9.376810881394761488e-01
1.041167717524222214e+00
1.074217702948575104e+00
8.670232559660346894e-01
9.395996009586918829e-01
1.101094503771106181e+00
1.000548726528956767e+00
8.291142207338195735e-01
1.125928168552413622e+00
8.808462648930315275e-01
9.916041765500371863e-01
9.989445937478762527e-01
7.992717633647179465e-01
1.033493626110253860e+00
9.702367219768568418e-01
9.473917898799458781e-01
8.013319882077382106e-01
1.242029771143186023e+00
1.047525827288763312e+00
9.890056576884519446e-01
9.730766827533088303e-01
9.905616406736590385e-01
1.198131508614350027e+00
1.089537940578826802e+00
1.101885924512404635e+00
1.126703826993220137e+00
