1.015498329657589682e+00
8.659332315197882934e-01
1.051874682314720699e+00
9.131294643207235051e-01
9.633407751004159358e-01
8.602934381592532986e-01
8.647396546348238289e-01
9.475521284709047531e-01
1.002481041868723999e+00
9.916321073661076291e-01
1.207978534682026650e+00
8.875588656764463735e-01
1.121143376678199077e+00
1.206405628625557336e+00
1.041881225389963861e+00
8.498711935702278897e-01
1.018164974981629278e+00
1.112894573755181638e+00
1.130428539782585062e+00
1.002437308914942982e+00
9.187558636365427134e-01
8.620061266857401705e-01
8.390319477739180964e-01
9.366155479301965237e-01
1.003641825006059252e+00
8.641505889050855593e-01
8.488211320047863717e-01
8.964958733964532023e-01
8.949622403493708855e-01
8.025728124565318922e-01
9.112028524724553602e-01
9.073533695141713373e-01
1.010810370954034143e+00
1.114224584361586334e+00
8.400779622602263519e-01
1.156208525964205869e+00
9.991825889571037678e-01
9.663998339697958961e-01
1.079746939415977325e+00
1.045800329847355936e+00
1.033762521124678369e+00
1.152080840110039972e+00
1.057700335236178901e+00
9.824810575929092682e-01
1.156484572877727546e+00
1.072707686752333522e+00
9.784274978597560235e-01
9.228945515186917081e-01
1.030156951601463478e+00
9.371989908621616294e-01
1.092960276504330919e+00
8.441389929257738789e-01
9.210292700343321037e-01
9.991384434508855383e-01
8.976504025745193349e-01
1.045955315939756991e+00
1.155299930080626591e+00
9.493113353720529224e-01
1.088391563050835620e+00
8.449523595954835375e-01
8.530141242557358616e-01
1.052472389224871741e+00
9.306531789763231588e-01
8.705757153786792824e-01
1.023771702669775019e+00
1.004925165039077584e+00
1.113689997004835952e+00
1.137354845118563773e+00
8.439314847760384097e-01
7.740817202107963535e-01
1.085615313815803340e+00
1.107740908316621420e+00
1.172949589012415972e+00
1.172807957906982779e+00
9.040673781259220831e-01
9.192143857510501892e-01
1.073930950803822615e+00
1.104044962904817462e+00
1.084692518602809130e+00
1.186643447079181346e+00
1.054730734994380414e+00
9.370109535504707043e-01
1.095806837455798100e+00
9.927597295488228557e-01
1.017685878679073452e+00
1.140294347144582332e+00
1.074368865328423350e+00
8.951325698532082153e-01
1.030524408511859669e+00
9.973284610749328927e-01
1.153390450140693080e+00
8.302533671926924930e-01
1.053693367377928958e+00
1.040455645392047046e+00
8.742128809462750283e-01
1.010205462572256963e+00
9.464040480175266445e-01
1.036174442672804341e+00
1.073806229486354624e+00
1.117614661303676815e+00
9.249521868723669105e-01
9.548482569519034513e-01
1.033802598345708645e+00
8.161070417746812966e-01
8.999157426197226251e-01
1.173466159240350137e+00
9.411944444502431395e-01
1.126809879038865647e+00
1.022687703248509550e+00
1.113537909228696332e+00
1.047301449864169509e+00
9.271863533035121785e-01
9.980225819991858094e-01
1.030381926091982869e+00
1.098256304539557027e+00
9.906609122370556575e-01
1.135640444791378822e+00
8.646978619594500870e-01
9.051773257930160188e-01
1.121066782447234234e+00
1.120429917208900061e+00
9.213920493422043112e-01
9.214428846636855130e-01
1.027378952537519652e+00
8.544376361470493730e-01
8.837441738299252059e-01
1.056342208382819781e+00
1.122097570278596246e+00
9.153536944877160852e-01
1.143054304050825420e+00
1.130691823632437032e+00
1.089815749089562580e+00
9.857981226727174917e-01
8.778138754672138999e-01
1.006099230842446124e+00
9.845296524628555090e-01
8.470029205699093344e-01
1.085687549463951074e+00
9.260640770881691797e-01
8.582676775769666477e-01
8.409992136172104171e-01
8.414830056754991627e-01
9.218962857815760081e-01
1.062711919384894177e+00
9.739743035658416925e-01
1.059245904831651819e+00
9.669142283870324484e-01
1.078783751804759161e+00
1.001610473617869479e+00
1.201784640044492036e+00
1.126698172422740063e+00
8.349884402774740977e-01
9.060420591872251350e-01
8.338641217985346410e-01
8.434958473047342586e-01
9.883671342787782033e-01
9.998068734362379750e-01
9.908126026113230900e-01
1.132774675461395875e+00
9.702500197271910487e-01
9.688990362378853138e-01
9.636573090721065604e-01
1.064578191146468900e+00
8.936338493202455879e-01
1.155194342976993971e+00
1.107110146660835737e+00
8.677677791545090891e-01
9.983476964354609517e-01
9.593553135212058436e-01
1.067830419734886904e+00
1.197177957784341773e+00
8.508386215098138194e-01
1.079852007641791456e+00
1.082712670269902588e+00
8.874534518389673998e-01
1.089110783810904204e+00
1.013282787466850854e+00
8.894998808177732030e-01
8.707669843292867862e-01
8.418813330470000800e-01
1.092030094915055649e+00
1.128549579089077382e+00
1.035182822428984073e+00
1.093689101442550937e+00
1.062471636250833962e+00
9.415820017516697282e-01
9.714388670455544883e-01
9.607784982013123365e-01
9.035356150929436669e-01
1.082707511503915310e+00
1.148873219048597516e+00
9.301882390816441637e-01
1.115793193503585856e+00
1.218253585281728668e+00
8.793697903449553266e-01
9.660280914734085123e-01
9.505878624520257558e-01
1.020385515805680932e+00
1.116732061296258127e+00
9.731909554279316588e-01
1.008211463752343606e+00
1.191734772705555390e+00
8.801903201367669016e-01
8.669730263202823917e-01
1.058106978521741626e+00
1.141150485443175544e+00
9.180245005899548838e-01
9.061838847860259616e-01
1.069501345795605074e+00
9.474225105932423396e-01
9.020169690821717712e-01
1.057960846625344287e+00
9.535019665204564898e-01
1.058147768286103796e+00
1.031803103237230790e+00
9.982225535008448780e-01
1.036506458664334218e+00
1.008770984964224127e+00
1.128403624927736271e+00
9.874030468690047080e-01
1.121952965716970230e+00
9.899212034326995147e-01
1.100850560847466353e+00
8.966708755860056668e-01
9.705960640654802685e-01
9.328035379006833772e-01
1.041809016783874497e+00
1.083221287200259342e+00
9.316972578520053005e-01
1.149628041478611751e+00
7.789581317465710253e-01
1.001853465055707826e+00
1.028948079899078660e+00
9.283948192776505515e-01
1.019831514376009496e+00
1.195130053489842803e+00
9.872637583279300078e-01
1.057520047350323456e+00
9.798361860282572833e-01
9.769783160065178551e-01
9.643327897100029134e-01
1.114709800086893798e+00
1.065417532745383866e+00
1.073337032472434061e+00
1.199813342468171395e+00
1.036235988738441582e+00
8.988870442734302468e-01
1.072337960595416861e+00
8.807000906563222653e-01
8.981774949936310870e-01
1.092698291579237591e+00
8.967555074732661557e-01
1.065192642356309172e+00
1.043620328783776419e+00
9.195579066797214818e-01
1.048293041456186181e+00
1.014079046047887678e+00
9.221874173258128859e-01
9.571375261060035555e-01
9.260510423659749080e-01
1.051729738080791288e+00
8.687152084913025707e-01
1.097066078530467337e+00
9.693737529713000178e-01
1.005176661364832302e+00
9.411788066858246538e-01
8.523468150407862431e-01
9.237170160216161552e-01
9.839262074592041163e-01
1.044080984341934082e+00
1.083124301167025738e+00
9.841695670694352582e-01
1.020467790023005694e+00
1.075239301661097047e+00
8.782271427740363512e-01
1.067485319503520325e+00
9.785506661731222522e-01
1.202365503453497686e+00
1.077471466679122303e+00
1.009796763731829472e+00
8.527207088737516205e-01
8.850466994690838751e-01
9.247218226275248920e-01
9.269849009943620377e-01
1.037646407807983451e+00
8.925604600253123078e-01
1.061837455008002751e+00
1.060549811400334219e+00
1.002325655023333262e+00
1.038350078156786482e+00
9.967281359387856199e-01
8.171101547674777255e-01
9.032890731440017529e-01
1.022769634632940683e+00
9.131021230303615344e-01
9.395973465045011075e-01
1.061212844271233635e+00
9.664776825632077628e-01
1.103770013439787645e+00
9.582210264643861164e-01
1.106509517121000652e+00
8.636233299724900281e-01
9.267833432902432556e-01
1.104057021530183036e+00
1.200002767415170757e+00
9.313323971793947553e-01
9.201647264414306582e-01
8.934132949667707990e-01
1.020063596449221066e+00
9.987558229317879954e-01
9.651167215600602312e-01
9.093121395748891000e-01
9.395359047182947343e-01
1.000263616628252361e+00
8.829489292761436570e-01
1.126845920344359264e+00
1.030837892065681771e+00
1.044091200297349920e+00
8.624382464822526462e-01
8.703692587880988984e-01
1.088403589994277887e+00
1.058670447212173293e+00
8.604996091398756652e-01
9.311321112783909060e-01
1.140484120371277221e+00
1.091261982555981724e+00
1.055864502084320034e+00
1.003633478673294999e+00
9.675427520721824326e-01
1.023512834163660346e+00
9.078999979204669390e-01
9.674785000629961829e-01
1.042754827024018782e+00
1.212543917841821584e+00
8.097865986550260020e-01
1.076164167735961907e+00
8.839768618611021367e-01
1.106127632789990711e+00
1.045880994295603772e+00
8.996132592768855130e-01
1.053892973101558050e+00
9.001862074139458381e-01
9.226612585628499730e-01
7.732995923193859422e-01
1.111142746114117230e+00
1.012850205003786863e+00
9.431899550907492102e-01
8.704782005634965625e-01
9.795207890166650611e-01
9.051361884401374347e-01
8.845592731830476119e-01
1.002645050275475125e+00
1.063155410358926911e+00
9.670035694124718972e-01
9.554587192413654950e-01
1.052829718647808388e+00
9.506963280025697571e-01
1.033456683798664955e+00
1.183070764248610018e+00
1.052412353263339817e+00
9.168684853370155929e-01
1.011832339177070716e+00
1.036347385173382651e+00
8.941583854807844123e-01
9.874711589776233867e-01
9.748535766794937940e-01
1.066157386901448900e+00
8.662064314912690799e-01
1.206547640950235811e+00
9.159151240080718459e-01
1.029264465500139947e+00
1.000394891716723800e+00
1.155958666323025241e+00
9.088125980433325868e-01
1.240097732536666220e+00
9.657988579379106486e-01
1.026573002849092697e+00
8.717376661660778403e-01
1.077523649950541396e+00
9.437317368457798228e-01
1.075142572593122958e+00
9.286441143234720474e-01
1.012524389247731804e+00
9.900308957535861598e-01
8.980431692653936260e-01
9.634571882932734255e-01
8.511981227554056284e-01
8.657838113797172719e-01
1.141633753836201137e+00
9.247118297178117396e-01
1.062020544814532563e+00
7.567994336431822511e-01
8.095383327723248978e-01
8.167460932373631355e-01
9.839584382264457973e-01
1.141520437805859212e+00
1.113296013903788628e+00
9.944437162534535135e-01
1.052947692789930390e+00
1.083658724296855391e+00
1.022298870485574884e+00
8.682383832906097609e-01
9.769050839902280181e-01
8.892896450668563713e-01
9.241300428073059292e-01
1.130332488134609958e+00
1.173805386052978017e+00
1.186084541670929138e+00
8.662708277207895602e-01
9.523758426234987251e-01
8.632533050099943095e-01
1.071792186672591018e+00
1.009831216832140610e+00
1.194534252427169152e+00
9.240420270690989923e-01
9.804815962442061661e-01
1.138758037888402130e+00
1.093018286731109567e+00
1.022343460035397111e+00
1.002861908758918119e+00
1.040351528232380307e+00
1.088746651200288129e+00
8.675956412006178287e-01
1.013289806471802779e+00
1.008225219959309360e+00
1.081450305711575854e+00
1.038345779444185268e+00
8.850489935806005182e-01
1.110545336491806090e+00
9.830959017730658278e-01
9.717861887598432391e-01
9.189300952598506989e-01
9.627584343471610184e-01
1.013680115889773248e+00
1.005440498785342474e+00
8.921775813649639453e-01
1.079725158665536755e+00
1.140806185962460528e+00
1.010730476464040573e+00
9.810484748209842287e-01
1.008381886051540333e+00
9.416681230592645058e-01
8.300520055947611109e-01
9.936975451873666376e-01
1.036676083358800016e+00
1.123819714847933193e+00
9.375704919878726784e-01
1.041047019260399553e+00
1.067984225333578507e+00
1.077466685573436500e+00
1.174513689632794344e+00
1.106775272038817981e+00
8.345331728577358721e-01
1.037978079292623868e+00
1.006157480060281495e+00
1.123310677740193997e+00
1.158952509677073417e+00
9.533425544777168748e-01
8.924956703895179366e-01
1.124247666265352441e+00
1.157551747777836981e+00
1.030051673597862205e+00
9.440948244829812097e-01
1.123088991723834029e+00
9.720100352329722471e-01
8.602490393599235841e-01
1.021303677290458456e+00
9.616064609785026640e-01
9.308247615486010540e-01
9.557089029278758030e-01
8.928764240789885953e-01
9.660868315046231558e-01
9.034783354148800960e-01
9.064185713040990855e-01
9.495038509789532899e-01
1.092684005682586834e+00
9.891997553602407400e-01
1.123534374887492193e+00
1.105744706589666171e+00
1.077458432830957769e+00
8.856107309539682504e-01
1.056698717362392070e+00
1.062778485015495766e+00
9.628098592080955864e-01
9.771993740254714123e-01
9.326284713123837999e-01
1.068888016988788880e+00
9.461369535255375052e-01
1.072826417584443082e+00
9.836268694531773438e-01
1.148625213580929172e+00
1.119365037915808214e+00
9.263604198285477764e-01
9.682140505041407774e-01
1.006472851499961019e+00
9.574895506428167113e-01
8.706517025077418204e-01
1.050526889153291288e+00
7.954624125925107148e-01
1.000905604647655656e+00
1.052933336499076500e+00
1.103539621815980531e+00
1.162213734738924753e+00
9.326096256385467687e-01
1.031812007197241421e+00
1.006341912993311327e+00
1.079033872593140320e+00
1.188124514010960420e+00
9.171994255511068950e-01
1.034152317248487440e+00
8.406401710918631753e-01
8.329645599792414590e-01
8.162276902023990477e-01
9.203552428694412590e-01
8.930083163849795724e-01
1.123966614737290204e+00
1.134335644287120637e+00
1.034077169832377407e+00
9.663941782212254195e-01
9.504587378553031041e-01
8.840333158297226657e-01
1.100810455127157361e+00
9.241740190074188011e-01
9.745782933597622044e-01
8.855911804828642264e-01
9.650691891671758782e-01
1.069055009298890857e+00
9.745811235893113711e-01
1.042482735671273364e+00
1.046136578854395482e+00
1.139020288153315130e+00
1.024130496844621652e+00
1.042321506258176322e+00
9.099439975112216805e-01
9.202900818211386946e-01
1.151710975579723462e+00
1.014627175535248282e+00
9.857368184419643686e-01
7.630314024343575197e-01
9.929241856344591666e-01
8.436536291136713661e-01
1.091672071608593031e+00
1.155904760408558163e+00
1.083700045604070183e+00
1.002033908680393992e+00
1.017646244045733894e+00
1.004983760948430005e+00
8.160737472900335687e-01
1.021286425897847128e+00
1.076641153700364173e+00
1.067827195976917221e+00
1.189942191887873646e+00
8.148199992956334237e-01
1.007510579155328934e+00
1.065870472315979534e+00
1.053479182293129535e+00
9.871313985386898082e-01
1.012122357921905191e+00
1.079529172464326781e+00
1.149317526250643651e+00
9.892585122513677387e-01
1.009556672834470037e+00
1.085442817988784725e+00
1.046227877916247717e+00
9.196305295250082334e-01
1.011893373096477422e+00
9.375078810455835798e-01
