1.235309339331821299e+00
1.139962081650935488e+00
9.694644567997748874e-01
9.863276155496931707e-01
1.115017741133143669e+00
8.802630210255611987e-01
1.117549567314544356e+00
9.041476364756184658e-01
1.111576773800073914e+00
1.104888978233018682e+00
8.545729589815937999e-01
1.018522395498069111e+00
9.400977697978269987e-01
1.083184852868549264e+00
9.246080313748787916e-01
9.512551154195529879e-01
8.666280558292989156e-01
8.604659761023110143e-01
8.701641662050438875e-01
9.129833643878088045e-01
9.288148581160544648e-01
9.281340522499701429e-01
9.775032188400416544e-01
8.981594486210722206e-01
1.124892795758099640e+00
8.844771201376719905e-01
8.679391956094084648e-01
1.109257718181886565e+00
1.142030061635647797e+00
1.158445108505150145e+00
1.047265122828539230e+00
9.563575382923666934e-01
9.428601929764033329e-01
8.860597826939876631e-01
9.521457470827153768e-01
9.113947612106680918e-01
1.171127253293080761e+00
9.142829814378623521e-01
8.315926184183264347e-01
8.512842084506608842e-01
1.057931838685363113e+00
1.021195343899365948e+00
9.418967074418069796e-01
8.736588397348830082e-01
8.492361412466581383e-01
8.765492516827970704e-01
9.178311947043051866e-01
9.761798854379126755e-01
1.016468276666073312e+00
9.601689794450747328e-01
9.504446255580842884e-01
1.028354319787086801e+00
1.032216132136600573e+00
8.567496714062508012e-01
1.043060527253623304e+00
1.106885473780216955e+00
1.113412276254209132e+00
8.897007785584978290e-01
9.348211614710635331e-01
1.120967381259373452e+00
1.066209990746702863e+00
9.196004459214255355e-01
9.477647930200814308e-01
8.895486821712088599e-01
1.033958764543184472e+00
8.692383119022792926e-01
1.100793676723222037e+00
9.708482498830076635e-01
9.011848433597112740e-01
9.498014637051536146e-01
1.162131747143640315e+00
1.115207406082722397e+00
9.390499890301233776e-01
1.069724805461566897e+00
7.999248905202762661e-01
1.003044793851694649e+00
1.081772134065217328e+00
1.004077641808670984e+00
9.942375808992527375e-01
9.314947926085628271e-01
9.027313962455294494e-01
1.125269059150971751e+00
1.193859892088747543e+00
9.142405833751092725e-01
8.338997650081694246e-01
1.175190288298800789e+00
1.077421686010315849e+00
1.076553910219148591e+00
8.772860742150887514e-01
9.422253925260497542e-01
9.111391989893539156e-01
8.889624722539846147e-01
1.101559927968950969e+00
8.928488721781817627e-01
9.458573269289964891e-01
8.430792019848163399e-01
9.243593604840527611e-01
8.942659843464447755e-01
9.378997975000837872e-01
9.284027183698551067e-01
8.952415244306963782e-01
8.780820660315271642e-01
1.009518822358430601e+00
9.708011631637607497e-01
1.018366351338314324e+00
9.798391031843909360e-01
9.545429110953707053e-01
1.015704689221604395e+00
9.295416464882440000e-01
1.013479946792855690e+00
1.126943421431833459e+00
9.770355090175000257e-01
8.109425352354127092e-01
1.117902390674987645e+00
1.086002154811427811e+00
8.531562923024493816e-01
8.595061749659280714e-01
1.088087747178903442e+00
8.671954241660260188e-01
9.484471652233439354e-01
8.955075491309028024e-01
7.852772615946008727e-01
1.120571647252298186e+00
1.087861918886191326e+00
1.076761737895463700e+00
1.131351086854465171e+00
1.013529877446466498e+00
1.073423702259389545e+00
8.848406491891936954e-01
1.019563494774662571e+00
9.914860955156492572e-01
9.531595739733127459e-01
9.492309370805247504e-01
1.129237633070204083e+00
9.967692047473053485e-01
1.020900071320849367e+00
9.485647099104461688e-01
9.296330483425867541e-01
1.020724268396726142e+00
1.112480725310687424e+00
1.236489852290949543e+00
9.966252178941292783e-01
1.145352049067295486e+00
9.523137685255322893e-01
8.184464658513765922e-01
1.105346413869513711e+00
9.116846920510156549e-01
1.211907943148925471e+00
1.132034632798797125e+00
1.043366943243375644e+00
1.071410990633096860e+00
1.153698042603946705e+00
9.575071011448083036e-01
9.716955570906945505e-01
8.292439220840726044e-01
9.435354638051962617e-01
1.008620768059407036e+00
1.114362966098416674e+00
8.912178006920423723e-01
9.455626563036252374e-01
1.006186073115872937e+00
1.128892792582507854e+00
9.574379552166657481e-01
1.007569160266852393e+00
9.900860943946409032e-01
1.010120903341625631e+00
1.137014151495715053e+00
9.211506348227684882e-01
9.480125652180861895e-01
1.038028250298353550e+00
1.054008098344408895e+00
9.438889298037054232e-01
9.442651658846477059e-01
1.174441233985755950e+00
1.104565219790364594e+00
8.164991484975239189e-01
1.087682369745911926e+00
9.272073360493523486e-01
9.654886901868242610e-01
1.156783407773039229e+00
9.569506634654940669e-01
1.083931596892292681e+00
9.109198369672764084e-01
1.069239018686904075e+00
1.221447078011255627e+00
1.014479645827708332e+00
1.057692488754198745e+00
8.199564598103488144e-01
9.260616555097962443e-01
1.172309032473655588e+00
1.045685231047608132e+00
1.143517213938853194e+00
1.239599477628068991e+00
1.055438859723838885e+00
8.413103695035845098e-01
9.121401928554417893e-01
1.178882034523223599e+00
9.161185800033786464e-01
1.000252386348773115e+00
1.060524377468319512e+00
9.175558387011382155e-01
1.026175119834984439e+00
1.057104949012899642e+00
1.023609576133620802e+00
9.652123388249602698e-01
8.845472338490937281e-01
9.346947897507085212e-01
9.843329838923956521e-01
1.116184530515043072e+00
9.562120537450395918e-01
1.005123809780354538e+00
9.360310253134087599e-01
1.129049120441740550e+00
9.414956334790139936e-01
8.834796199301010455e-01
8.779887298457744738e-01
8.259484095923651514e-01
9.668990689838282693e-01
9.111003685365512972e-01
1.069215835384680346e+00
1.079574875422777858e+00
8.931989959903821052e-01
9.002630349998537174e-01
1.019135699692855779e+00
8.988493468766611816e-01
8.252545827127261147e-01
1.160363565398814911e+00
9.317779684010139007e-01
1.007690547273199178e+00
1.117632815371266242e+00
9.408288711410461858e-01
9.910379007421319386e-01
1.111516933580245947e+00
9.554601765634783694e-01
8.474673121447235946e-01
1.084443613371586679e+00
9.471887881870360015e-01
9.010478613800686487e-01
1.042669228412550275e+00
1.110627055633783833e+00
9.454147835314925530e-01
8.444367040250890799e-01
9.521556625631286686e-01
1.105889827415774906e+00
1.077024760623247701e+00
8.864582896608488305e-01
9.124953100496858704e-01
9.436542938259494528e-01
8.907534833401211660e-01
9.031355347043554804e-01
9.233936604882253540e-01
9.908359467114862262e-01
9.755274161798714871e-01
9.639509851365966053e-01
1.036833853914199244e+00
1.203875363060884940e+00
9.032308064340388576e-01
1.107268711241828463e+00
9.913538294370451975e-01
9.894821185394604424e-01
1.044030919672529922e+00
9.789209527319905346e-01
8.652668428932432931e-01
1.082629266100001209e+00
1.051702799081439599e+00
9.184443887646330795e-01
8.668574379583949829e-01
1.116700935020165764e+00
1.214475811491283697e+00
8.814722461957532618e-01
1.050537281427722736e+00
1.057083544619122017e+00
1.177941468190213836e+00
9.939823031435801592e-01
1.042032794034972731e+00
9.150450545359494203e-01
9.901671742524642550e-01
1.120777604769194191e+00
1.092903075558987025e+00
8.946516344477546401e-01
1.188985690466486833e+00
1.054631925410711712e+00
8.890897850624959187e-01
8.951066642441147803e-01
1.113126846846944851e+00
9.419704842449005966e-01
9.812123811947579544e-01
1.097869510998270126e+00
1.030381396579228115e+00
1.011137275122822254e+00
9.155822787515455197e-01
1.068710828596484363e+00
9.300605075066183947e-01
1.123202003391887915e+00
9.664916832997365592e-01
8.774093067718997663e-01
9.226383479943887078e-01
1.025115689605756719e+00
9.432769151355052673e-01
9.797468202913294233e-01
1.074716722924664136e+00
1.070948055657525488e+00
1.110278646190139940e+00
9.815382290718910330e-01
8.741780934882097398e-01
1.092416098405598168e+00
9.735087363790904114e-01
1.120741961553614274e+00
1.073311464945567506e+00
1.039697800973611308e+00
8.258197094061754395e-01
9.051100726271565922e-01
1.109174541216053633e+00
9.776574191853293350e-01
1.166369505822451469e+00
8.587195479634377460e-01
9.681108112640103291e-01
1.169654901494997068e+00
1.120988682297247463e+00
1.030588776555163344e+00
1.191575105425459080e+00
1.101561537115150147e+00
1.098570910268451550e+00
8.283144745313705259e-01
9.133165480645333290e-01
9.350877402073326516e-01
1.015204565343359011e+00
9.196522369235685668e-01
1.003164563873684800e+00
7.981613175624151513e-01
9.666041479196870734e-01
8.958664776684317488e-01
1.132740135349628474e+00
1.033118722190201844e+00
1.059082043710786625e+00
1.155189787698243320e+00
1.070618676732949748e+00
1.196309894038396493e+00
9.196220897514423287e-01
1.164116072997741336e+00
1.086536993462261513e+00
9.674631040506769253e-01
1.181785186180347225e+00
9.878841062479521984e-01
1.023802376003641212e+00
1.136085286770535330e+00
1.075187588420047469e+00
1.107458458722524464e+00
1.107982643301103298e+00
1.070626013769296669e+00
9.632947019432548386e-01
1.169602213478284858e+00
8.893861333377136580e-01
8.326817717281002063e-01
1.168158965150132289e+00
1.043334278673502702e+00
8.035860182899663418e-01
8.415578803879991687e-01
1.048641092492311744e+00
1.113843071221154002e+00
1.138125812779316792e+00
9.605328457638739881e-01
1.029103449249166413e+00
9.729768337402194822e-01
9.087784020957456743e-01
1.066049842290074157e+00
9.815144969970772681e-01
1.089879717000383108e+00
7.967958603904856663e-01
9.645439959768973281e-01
1.092409171339487894e+00
9.144297441781469304e-01
9.862317897429961899e-01
1.066884792005376115e+00
8.655221992874262416e-01
1.106141877555355091e+00
8.628389492182177989e-01
1.060921312868770450e+00
9.267337648675240125e-01
1.098730210035303800e+00
9.141017019911320540e-01
1.075844325347317110e+00
1.093202949606383978e+00
1.038522922792632031e+00
1.112163529510739490e+00
1.190519684313342097e+00
9.720283847040869230e-01
1.043906998762426985e+00
8.736525158016250625e-01
8.880915798180843979e-01
1.104202805015509270e+00
9.357794634896987596e-01
8.145693248092925609e-01
9.885029309788258001e-01
1.176012180335859858e+00
1.090311971459515084e+00
1.101099042382805759e+00
1.005188325669295057e+00
8.408074421701792200e-01
1.000185256044336723e+00
8.438485970099962596e-01
1.095777400245510957e+00
9.738698599893689245e-01
8.811424175713085116e-01
8.926707853372837231e-01
1.023170987233250617e+00
9.898323883960092884e-01
1.084039062126508357e+00
9.360013233900845719e-01
1.013903478021521920e+00
8.565829155473969614e-01
9.503274670363700549e-01
1.038493394489957478e+00
1.041071926669873360e+00
9.622317177028765212e-01
1.041687775862995435e+00
9.918414061032270190e-01
1.058656731254070449e+00
9.560432451529377040e-01
9.801985054023532040e-01
1.020449886504483539e+00
1.154053722488397993e+00
1.081618906293914995e+00
1.167130516528976480e+00
1.124143242438603751e+00
1.044769861035248937e+00
8.141800391858988739e-01
1.138459533091328968e+00
1.070123016265307925e+00
7.941679120937696901e-01
1.067018832561352992e+00
1.089795356593473041e+00
1.059812645959955502e+00
8.346194570880725028e-01
9.265443220656499612e-01
9.831156876356597074e-01
8.950587463781605191e-01
8.793568630275345743e-01
9.489205103280002884e-01
1.122401583848713358e+00
1.015278190295593630e+00
9.744575575952363344e-01
1.000299984575893086e+00
9.945909530850924885e-01
8.946824501346293257e-01
9.814808166645890841e-01
9.252112961327279006e-01
1.008103198343421214e+00
9.726165739309520220e-01
1.134395182951130510e+00
1.126665830400974455e+00
9.815320386320487422e-01
1.008191757534246724e+00
7.786214053924408462e-01
1.087165296885872934e+00
7.805322791544615502e-01
9.639232379442681520e-01
9.562206322319637408e-01
8.810564636660065396e-01
8.780489269882396641e-01
9.856014490893203472e-01
8.001520711990595114e-01
1.046673032870916398e+00
1.015149930819133850e+00
9.859062676079790588e-01
1.038215379594030319e+00
1.030417640224798426e+00
1.050800789667641899e+00
9.978892048302597795e-01
1.032797506663700737e+00
9.097952417703774053e-01
1.115286622666098237e+00
9.889993984386056258e-01
8.185685742389512409e-01
9.373804620755259442e-01
1.029151269088867782e+00
8.833857935041121712e-01
1.038340164691254230e+00
1.132825757650946175e+00
1.077673666557333876e+00
9.573033816538392138e-01
1.008614676076054373e+00
1.086561892790580686e+00
1.074545869269336595e+00
1.141611890490592307e+00
9.054693297051953360e-01
1.052149018125814184e+00
1.128722543103822806e+00
8.475649741626014588e-01
1.102707434947665766e+00
1.051025070996229660e+00
8.738293589909077452e-01
8.450578045377582503e-01
1.014156102633498424e+00
1.071276800966554976e+00
9.861687929356593996e-01
1.052585401455439440e+00
8.724873964867229104e-01
1.115979816672508118e+00
1.129729693498133347e+00
1.055704129376789036e+00
1.024236250888147737e+00
1.045028267152579460e+00
8.340589896003774983e-01
1.071162523929915844e+00
1.083932073694269027e+00
1.166357894783495608e+00
1.029607308672792820e+00
1.134571426918563830e+00
1.197001786704758208e+00
1.040255265880416724e+00
8.696724381818320415e-01
1.027872159021262943e+00
1.040121681584557534e+00
1.081625032954106169e+00
9.367694924073739493e-01
1.083529568179374847e+00
1.003343128660262984e+00
9.907920316989542453e-01
9.807300960135030277e-01
9.582410126544640416e-01
1.033564634886691591e+00
8.106930843956405841e-01
8.802875061924609890e-01
8.830550126483344142e-01
8.874353118656027606e-01
9.964003616534560237e-01
9.923762219568754706e-01
1.115752705063968397e+00
1.055695318075948075e+00
1.000621075660508064e+00
1.076449937743208185e+00
9.410872335087701046e-01
1.202091112740463652e+00
8.830190498238574826e-01
8.962776078822365378e-01
8.526091522991681160e-01
8.697597546257661572e-01
9.955066670967749332e-01
1.041795958314882364e+00
8.825988527626108526e-01
1.207094527348184565e+00
9.966374739193825105e-01
9.892381591645640349e-01
1.136527887807792681e+00
9.858696866686462723e-01
1.032619650494772667e+00
1.071536297721133790e+00
1.018930569860030388e+00
1.042089048765117543e+00
1.167808079414433209e+00
1.047712537738525018e+00
9.541645484898091389e-01
1.160670217226619005e+00
9.286688462170538116e-01
9.081844160247195541e-01
9.817485450355127874e-01
9.195802226574304461e-01
1.129455916562616347e+00
9.969754756001225626e-01
9.961532018241925357e-01
8.453285836706594392e-01
1.005721126569816271e+00
9.593160414749354326e-01
1.054492881645214597e+00
9.925560526873578038e-01
8.975705983071591287e-01
