9.644561471230495009e-01
1.017783058574274646e+00
7.831707405902263996e-01
1.086622758039484493e+00
1.097569673000557300e+00
9.072130862895394499e-01
9.571270209863842471e-01
1.174140981113059201e+00
9.992684557471145368e-01
8.270039597835348033e-01
9.327030702276593033e-01
9.822498515704352062e-01
8.630349326283495159e-01
1.224739591907786362e+00
7.586206450406012269e-01
8.706723923562265099e-01
8.692272938126155424e-01
1.120958428823138009e+00
8.864745831726712488e-01
8.409708728264154720e-01
1.126796598333374977e+00
1.004656989196478722e+00
1.106394580468984756e+00
8.606370663946167898e-01
1.048177547336798687e+00
8.060148005962839424e-01
1.035872680500987242e+00
1.008908230598621003e+00
1.159119971929870818e+00
1.077597200481726247e+00
9.046290478779541733e-01
9.954365419747046584e-01
8.444326408333110434e-01
8.208411025875559375e-01
8.280610198834930102e-01
1.007818270782592673e+00
9.909035143477804564e-01
1.137354497794139885e+00
1.101013286132489721e+00
1.069301846846534731e+00
1.056047615927186989e+00
9.247152349115661529e-01
1.008258852917688131e+00
1.018673256622445678e+00
9.218788621962176189e-01
8.176328464396622753e-01
9.676938093983162847e-01
9.910106690775806193e-01
1.124157729993640942e+00
1.206575273266380366e+00
9.735848375451675585e-01
1.043738557431952874e+00
1.146396303670363492e+00
9.020052991966240885e-01
1.039834834804134189e+00
1.083693896175514926e+00
1.048458139510240583e+00
9.552031156992089045e-01
8.493609626169995597e-01
9.187251984659853266e-01
8.353344018491901668e-01
1.041033370195205476e+00
9.918333908810469390e-01
8.030255400597727800e-01
1.056557226447892628e+00
9.391141209333508932e-01
1.062736795313332649e+00
1.105489621066496841e+00
1.113238314452085431e+00
1.130332982682144882e+00
1.012256189440529308e+00
1.107197213840729555e+00
1.003776806940645638e+00
1.120688794275245037e+00
1.155891995085263968e+00
1.126383164587414498e+00
7.637121048262729417e-01
1.184172377294878897e+00
1.017661251883389628e+00
1.164893150156219637e+00
9.492942903381886843e-01
9.832617157716363465e-01
8.842563188608985048e-01
1.134165533551929617e+00
1.099446621507178978e+00
1.100620905556955353e+00
1.017890187931075108e+00
8.992002976244342083e-01
1.055942672834059959e+00
1.183087156210263835e+00
8.302595195770188230e-01
1.148005794845738281e+00
7.840459804604981153e-01
1.016493687748035502e+00
1.037601552208800904e+00
9.268988629923418099e-01
9.486482266940832186e-01
1.027510906675788815e+00
1.047447998351847431e+00
9.894524662680683758e-01
1.043584123597422364e+00
1.077135339865686658e+00
1.067094572601892333e+00
9.915192769028042807e-01
1.025839722343991234e+00
1.148899610343548927e+00
9.333008710502834759e-01
1.122849555758236528e+00
9.509371325483741977e-01
1.065441822911058933e+00
9.701589954095640733e-01
8.887432335109654025e-01
9.232975905185123455e-01
1.068260314580879333e+00
1.000868581901518395e+00
1.105488257743107106e+00
9.587121324955256707e-01
1.048928886174342656e+00
1.075913388498309420e+00
8.907742450465145900e-01
9.309092597652732781e-01
1.019671068120162838e+00
9.607932124989565503e-01
1.100171512514640959e+00
1.002093334267858404e+00
9.982142086156990946e-01
1.129279466324109693e+00
1.021686534727332285e+00
9.947542793735406619e-01
8.971501238250496613e-01
1.019894498642434089e+00
9.039706561329481360e-01
1.047764600896555987e+00
9.765051974678207181e-01
1.106148152108467730e+00
1.012694118011883360e+00
8.339479604681210301e-01
1.001513416198723361e+00
9.869712543795512438e-01
1.150266925220126746e+00
9.043027019108519360e-01
8.588738830678230851e-01
1.024259345111498076e+00
8.967912494988765637e-01
1.074816556676914558e+00
9.360939607296789866e-01
8.063447448502536474e-01
9.211746310821057326e-01
9.410929805081034161e-01
9.259370601153332769e-01
1.046747948760538005e+00
9.535663812412247253e-01
1.027341827459130830e+00
1.015570716957321817e+00
8.111494231373277408e-01
1.108065658235242612e+00
1.158488496789364053e+00
8.691515600845778344e-01
9.270456904208661530e-01
9.720764060745737956e-01
9.810797565733908598e-01
1.184917535383477549e+00
9.776664744670882090e-01
9.197111361738994351e-01
1.011626282760927253e+00
8.204671656164403970e-01
1.045424678284954334e+00
1.030915020357040746e+00
8.552707797363393594e-01
9.156111728930589333e-01
9.160373570088320427e-01
9.513087099606557517e-01
1.106471040911142900e+00
8.778165465123597411e-01
1.010818754197694513e+00
1.026247112336827971e+00
8.507130484200938758e-01
9.220534295414337667e-01
1.094233084148918511e+00
9.045453644086363099e-01
1.059954182069165807e+00
1.121794435460275352e+00
1.155256294992273114e+00
9.873004144006969351e-01
8.748163162418896022e-01
1.102096708400393643e+00
1.150322906157602576e+00
1.046932399599224794e+00
9.648320538097959753e-01
1.118703733110884890e+00
1.191677377309709351e+00
1.100999978661280521e+00
9.481874417700864033e-01
9.145842219721063149e-01
9.351555367029525945e-01
1.163575649222124309e+00
1.128066899844775373e+00
1.024135391955068419e+00
8.491460034673332657e-01
9.453809046816572526e-01
9.047411336502735324e-01
9.448833758383594628e-01
1.005227206629232040e+00
9.311648966615342360e-01
1.003113702937867613e+00
1.164016842618959435e+00
9.097889064751361055e-01
1.138642013983750312e+00
1.070406592100035859e+00
1.197665932534113464e+00
1.092717705848753829e+00
9.536779647381613545e-01
9.975385523001560895e-01
9.977683866799398338e-01
9.549322077682882437e-01
1.204785400365942616e+00
8.115237712181979646e-01
1.044196560061342982e+00
9.508227660759076549e-01
1.052227853257611478e+00
9.779783081463212513e-01
9.848633289040308325e-01
1.124535593268279898e+00
9.944466575309558465e-01
9.951801914485682854e-01
9.736131119500708309e-01
1.157475620974339980e+00
7.643339348388431542e-01
9.138522460623028643e-01
1.008525193657240804e+00
9.143699958714854858e-01
1.175806929186387073e+00
1.148151181244071228e+00
8.547235118932952069e-01
1.212358895122093383e+00
9.467875197349174821e-01
8.793358770565760096e-01
9.464813474414207617e-01
9.686096072008432145e-01
9.345328448802672217e-01
9.395635837658951051e-01
1.097897730306586661e+00
1.025991456605891416e+00
8.799478328858643117e-01
9.767401767564453108e-01
1.003554358026766957e+00
1.030059946297542828e+00
8.851950308786463717e-01
1.158761938331593466e+00
8.681725724580517944e-01
9.159431312683965487e-01
9.717077111551525315e-01
9.816855642510495805e-01
8.461819097672720336e-01
8.862852990507582573e-01
8.962310896444035668e-01
1.031092465049513907e+00
1.034158286611956745e+00
9.734886390836210435e-01
8.030813019943516817e-01
9.888455654367560577e-01
1.042399180287845173e+00
1.071289164743145061e+00
7.948729990472245266e-01
8.850755203612210575e-01
9.237271910090596450e-01
9.958131261273039936e-01
1.085752019475828334e+00
1.077476536180543842e+00
8.682469143651865284e-01
8.037375867853955302e-01
9.089233706423665016e-01
9.934541969527121985e-01
9.779518929070110111e-01
1.139482872821540926e+00
9.208280211920992775e-01
1.044687364440594290e+00
9.602602811551302908e-01
1.088160710477202420e+00
1.006557809487066191e+00
9.582328706513969507e-01
9.792885164673078568e-01
1.123609824788598388e+00
1.025989819832406669e+00
1.024620962961144022e+00
1.113470275311989832e+00
8.806003425170083609e-01
1.005685040676199016e+00
9.083553026589141766e-01
1.025523051223306226e+00
1.000332239114824162e+00
9.082056062899674931e-01
1.013712091507236179e+00
9.041904191934126978e-01
1.044681202629092587e+00
9.884714437465615955e-01
9.783973283085329875e-01
9.293398727327801812e-01
1.130648402435001643e+00
1.068024333067845832e+00
1.163622170172498693e+00
1.173421074617560622e+00
1.153576597206908305e+00
8.897158366983166644e-01
8.899784005615282156e-01
9.905045384474129300e-01
1.061960300742433416e+00
1.198644003602646890e+00
9.849117257523085645e-01
1.079289013634835648e+00
7.982561761459389116e-01
8.543714995630025122e-01
9.187930934613783851e-01
1.038929044243020572e+00
1.150820791470457349e+00
1.078965852827694416e+00
8.471015243016595253e-01
9.460849580733436959e-01
9.906924629087092704e-01
9.978222807912833225e-01
8.360602111800952141e-01
8.094759577771936110e-01
1.018102985789882231e+00
9.504901059051926726e-01
1.174392163381161591e+00
1.022130860593798651e+00
1.027522603246634247e+00
9.107629758111053242e-01
1.168975391430597810e+00
1.160421701138699468e+00
8.896715908607891743e-01
1.135106928783754299e+00
1.119577642740801737e+00
8.525201316415802477e-01
1.191724620698555448e+00
9.696008420714083975e-01
9.336025816966694313e-01
9.497951398907633624e-01
1.097679516375366759e+00
1.028193544725072073e+00
9.247014851849291173e-01
1.005005976375153542e+00
8.073234526003627565e-01
1.077633478736362393e+00
8.780158919499257975e-01
1.049328202223200446e+00
9.536806819930012669e-01
1.192310909806511443e+00
1.131034401712963211e+00
8.092523245750511407e-01
1.147448823047635846e+00
1.031644003380832508e+00
1.139416178795791490e+00
1.111965551214772585e+00
1.115878416243918148e+00
1.031461269042984963e+00
9.918203716185950425e-01
1.104400848838105631e+00
8.558309210273830070e-01
8.590612669542126989e-01
1.094974993507936256e+00
1.078090223390532731e+00
9.371433621016771465e-01
1.155453175911507202e+00
8.578844945312464887e-01
7.776376472565007525e-01
1.127300326652646012e+00
9.549075360508759713e-01
9.735594346026426038e-01
1.149953608917859693e+00
9.308097339020098282e-01
8.419543302781680172e-01
1.094032511822858877e+00
1.152486284290201057e+00
1.090086291213922642e+00
1.089065473273349571e+00
1.090039372379560279e+00
9.338061146924987455e-01
7.948065923599780813e-01
8.477615184592077746e-01
1.047258872373370231e+00
9.762018116680777347e-01
1.113321299930009944e+00
1.042762774371467582e+00
8.888198270447407179e-01
8.441939857871498809e-01
9.134387313368116379e-01
1.059917426428200748e+00
8.777508037322189205e-01
1.010444790881622978e+00
1.016762934414167541e+00
8.517619985370872282e-01
9.880192692152098832e-01
9.407240499917519649e-01
1.062424802624665876e+00
9.780788717908683871e-01
1.076816409102470562e+00
1.042921980367097934e+00
1.014837767817374115e+00
1.112204169172314794e+00
1.170279563646439369e+00
9.976187713994120188e-01
1.078914847967815005e+00
8.167359745830997664e-01
9.593381655005415176e-01
8.481428742127934406e-01
8.910159904931176378e-01
8.377825394046951590e-01
1.037532900430659710e+00
9.810429335511408055e-01
1.024292791646361112e+00
8.892007684395377698e-01
1.114286723646588984e+00
9.154792452991170615e-01
9.974483798934150602e-01
1.034410930026500530e+00
1.084566034675729984e+00
1.009642711480919886e+00
8.477618248784138943e-01
1.062654212411696664e+00
8.784822602603630237e-01
1.051523918491842124e+00
1.180184436073570486e+00
9.558122905788397627e-01
1.067073106593293463e+00
1.012461898419352080e+00
1.142808376745028109e+00
9.806628574827864764e-01
1.050192625834697857e+00
1.092820956915516728e+00
9.276724805544767083e-01
8.597584323664886341e-01
8.210098904125782138e-01
1.106006098872053922e+00
1.208726568601386164e+00
9.160022015841879917e-01
8.437271395853006561e-01
1.018001884161624515e+00
1.006821182701915340e+00
1.001086021992105390e+00
1.181330099949528867e+00
9.987503758285146693e-01
1.065331580161223091e+00
1.180173597336876767e+00
9.321467000046196327e-01
9.382562245895624820e-01
7.713602638382262011e-01
1.090928318411210629e+00
9.165912492071267570e-01
1.075358563680513413e+00
9.278416026483511381e-01
9.717248435970323728e-01
1.133466600865525864e+00
1.129406869963677229e+00
9.741007235045164858e-01
1.028014777082515874e+00
1.066960184095497643e+00
9.001100281810133774e-01
9.789939810337493498e-01
8.539725826099379136e-01
1.064279817614713242e+00
8.615961110695125047e-01
8.891481042397884060e-01
8.166906405112070999e-01
1.114671414831357232e+00
8.425535448761169999e-01
1.100963687090483756e+00
1.051335026008194173e+00
1.017073180673134125e+00
9.264355349084822944e-01
9.209429671518136740e-01
9.099797717012605425e-01
1.095601933868733724e+00
9.616999835987801726e-01
1.023131370762838666e+00
1.064752983787138119e+00
8.931747846321754780e-01
1.089648957601462520e+00
1.088609048974772175e+00
1.042554275252860485e+00
1.044406718196811745e+00
1.119302890770776049e+00
9.649038434000585251e-01
1.077818725163910418e+00
8.344325841130073584e-01
1.174726611287930655e+00
1.013588530057301318e+00
8.893250978191661327e-01
1.105752714096254863e+00
9.946325080590112666e-01
9.509997647449404123e-01
9.224964132086159729e-01
9.033079076379073591e-01
9.199226634214565657e-01
8.783756667555144837e-01
1.114066293352047987e+00
1.059801253531471810e+00
1.133803091060917367e+00
1.083880435380875529e+00
1.006888992467881216e+00
9.757832930616160416e-01
8.414661791007576053e-01
8.546753633590026267e-01
1.102416367296858324e+00
9.087133724473936969e-01
9.372429771260365472e-01
1.170118406512318021e+00
1.114538932702223262e+00
1.015723225722713119e+00
1.046431091190863416e+00
9.710606640505854426e-01
9.465623030808758553e-01
1.114489107564124115e+00
1.066094442666191133e+00
9.200299107404290577e-01
1.138433699677218414e+00
8.718877245625726857e-01
1.138194826352573186e+00
1.097908022549084039e+00
8.367651629468559893e-01
1.072224991983249387e+00
9.082486986223989867e-01
1.026678528413031977e+00
9.668080249749406718e-01
1.088744080824082916e+00
1.050772149406606903e+00
1.084413099888835053e+00
1.155134477019157391e+00
7.841164601787886657e-01
1.010332421480501175e+00
1.020740974601720197e+00
8.580674182885710266e-01
9.129774479122754194e-01
1.117934382398320103e+00
9.816984910920943941e-01
1.113361145253994655e+00
9.062680660997035620e-01
1.097974109014987487e+00
9.660954702180218900e-01
1.029527743090332903e+00
1.042314912145216432e+00
9.304144230574868946e-01
1.169543258282637277e+00
9.237110208921039955e-01
9.519457530274169077e-01
9.987035797668839532e-01
9.484912564501091214e-01
1.158130354730924738e+00
1.009402795254167984e+00
9.112125253943115233e-01
1.133500711496510993e+00
9.323174883388678502e-01
1.000367108829075535e+00
9.278026878995870863e-01
1.066408280249653728e+00
1.075197689557623404e+00
9.437913131153744528e-01
8.453127487971561216e-01
9.942231580271867486e-01
8.451617594658181742e-01
1.102390640441047287e+00
1.061313459013591531e+00
1.125379485983169836e+00
9.244410688001398757e-01
1.049136177541051929e+00
1.028922600936465148e+00
1.161605209421921581e+00
