1.042612895659789096e+00
8.304981010036263100e-01
1.126001283840325495e+00
9.761496459418318450e-01
1.069480709483583425e+00
9.952698776146816639e-01
1.126741585521124911e+00
1.057776188764643965e+00
1.005785132688685302e+00
1.077668574261896550e+00
9.863823685016626097e-01
8.229321799067381704e-01
9.495635075808213088e-01
1.125643864803413052e+00
1.013787587411844493e+00
9.282385401390539359e-01
1.140779726369529845e+00
1.208222853700725130e+00
9.497952631181523220e-01
1.047972977479676215e+00
1.044485767520165531e+00
9.570963343419371938e-01
1.038433097142713368e+00
9.276668530157029524e-01
1.156454840655870564e+00
9.485603672419680166e-01
1.024001049570963273e+00
1.099787871668003847e+00
9.708054908497862900e-01
1.187551822155730186e+00
1.127605513424081440e+00
1.172092106390407507e+00
8.882343517017128320e-01
1.079769305841976612e+00
1.122718106305458097e+00
1.126192347646104874e+00
1.121650858341644019e+00
9.180025881813895783e-01
9.853512879884144260e-01
8.802519229866005990e-01
1.020410691931069591e+00
1.061619040368356082e+00
9.022778569232505763e-01
9.899146645580294557e-01
1.096122830568933004e+00
1.105225534676086196e+00
8.517452448522206954e-01
8.684386746633130372e-01
1.020887604853566000e+00
9.608964753640141243e-01
1.125405511055135310e+00
1.084367299986602307e+00
1.038752364915611182e+00
1.070099618761628069e+00
9.679094029658519283e-01
1.158245369510437328e+00
9.102675268710550549e-01
1.094485326492569577e+00
1.000382627386556145e+00
1.072773801602249000e+00
9.410590238937996954e-01
1.000405896832610164e+00
1.103750619343753625e+00
9.721275304381349347e-01
1.032617300960979367e+00
1.172577885326039349e+00
1.086806656972514329e+00
1.144349632089854074e+00
1.098443278878834084e+00
8.620073762228814829e-01
1.014386999510723530e+00
9.913986650475862250e-01
9.070157681890738122e-01
8.239542986448525896e-01
1.124490829712344153e+00
1.205985776066284432e+00
1.036270699405678952e+00
1.145838538555477459e+00
1.045134834283794500e+00
1.036424174369547480e+00
1.041660363335707551e+00
1.165125150710711432e+00
1.058833195830937601e+00
1.114730825158415817e+00
1.053829969240511977e+00
9.417494002221156180e-01
1.098005806173727894e+00
8.240825322594886870e-01
8.923273962699004302e-01
9.597352215338537107e-01
8.256818460235932911e-01
1.123245739946475474e+00
9.049897947597748127e-01
9.968629475791606076e-01
9.555606802404990052e-01
9.498682673732268267e-01
8.443329957865864932e-01
1.176068498605172818e+00
9.749536559101870115e-01
1.007788063147545099e+00
1.149739799732944157e+00
9.916566512763269614e-01
9.458992270130237578e-01
9.946861924128810317e-01
1.106444101232283428e+00
9.606758023079602360e-01
1.073883848692153364e+00
8.315342137166419345e-01
1.036596094831041759e+00
8.546564142787522744e-01
1.035084190342691501e+00
1.066717717833178813e+00
8.691442398856886742e-01
8.300528901931010228e-01
1.175161407702487226e+00
9.096053777319067501e-01
9.257103158726897041e-01
1.189799292333661329e+00
1.115542819066430491e+00
9.740047147957758833e-01
1.058083595924586451e+00
1.182041238128060945e+00
9.918808929380531492e-01
1.182220499940370484e+00
1.174865674251859060e+00
1.071096249230412800e+00
1.111819568232768507e+00
1.131351424089732438e+00
9.944060504220610941e-01
1.151232594756523175e+00
1.003572245959222009e+00
9.263446518528264395e-01
1.001293621010881818e+00
9.221273473046271985e-01
1.099453586813567973e+00
9.462749346873922107e-01
9.534826249732406556e-01
1.123225685284022779e+00
1.085047594203110810e+00
1.129058328405724065e+00
9.590733124024898304e-01
9.899979624131156619e-01
1.029696553102629197e+00
1.020821644280373253e+00
1.059444495856303625e+00
8.372333885998266556e-01
9.494727623488814494e-01
8.384430387963371922e-01
1.127011208009143450e+00
1.004097111834122646e+00
8.564103935674287627e-01
9.721886077525023762e-01
8.716705050204136551e-01
9.225984190259683970e-01
1.065216555447167313e+00
9.196256688799243628e-01
9.839252651754601953e-01
8.258185276331446723e-01
8.660497208672033320e-01
8.963302199894724875e-01
9.794185638126879923e-01
1.101796888546455300e+00
1.177674721795066493e+00
9.923171041839609074e-01
1.159476250525800722e+00
1.086104103656012398e+00
1.012359090667825923e+00
1.086079054380049813e+00
9.692886075816982139e-01
1.120952815254994572e+00
1.005148471979950386e+00
1.015408623181029757e+00
1.112900481393543028e+00
9.384505175274617805e-01
9.812359199029782042e-01
8.162619455136410629e-01
8.105369125349239923e-01
1.205495633669663835e+00
8.121236069816880621e-01
8.162358965640406083e-01
1.236244309851370904e+00
9.361037096564612803e-01
8.586432298185545653e-01
8.441890978681005908e-01
1.042668217435988476e+00
9.142161015418857062e-01
1.027377696298580112e+00
1.054753463496368004e+00
1.163232201228221907e+00
9.879849949667092179e-01
1.044787723562064841e+00
1.088287233591535896e+00
1.135953008680422816e+00
9.009641376836280413e-01
1.011711322459047935e+00
9.147809775260467013e-01
8.837531287878628294e-01
8.520894761006991835e-01
1.039961882009808214e+00
1.018000045181780999e+00
9.846919252556736168e-01
1.026716778303493838e+00
1.037418276012695983e+00
9.022412952473363168e-01
9.719199299114507085e-01
8.737595642930495732e-01
1.006941251194637399e+00
1.037568165046397262e+00
9.242809067869248718e-01
1.057154675989506964e+00
8.103057258536230378e-01
8.043813055347885932e-01
9.478107370924846453e-01
8.708897094269283379e-01
1.100542480660646083e+00
1.001573044320543948e+00
1.166286977131445468e+00
8.981929556234493628e-01
9.784937145523723290e-01
1.238420669678064412e+00
1.023949191583777729e+00
8.799977195741126579e-01
1.030195337498892805e+00
9.383791604023590249e-01
1.024728655819533429e+00
1.021584523587410587e+00
1.100178441362410275e+00
1.097730852319836359e+00
9.646686037141654069e-01
9.565957510389628826e-01
9.676248833696863283e-01
1.048279720341557475e+00
1.155825401672305741e+00
1.005809787303715286e+00
9.351946241179491803e-01
9.771311149957768727e-01
1.092779065386559001e+00
1.113875759385385189e+00
9.768159506981881623e-01
9.273762150121356296e-01
1.039950515101247364e+00
1.083875495287728752e+00
1.041945222053297204e+00
1.024648694829712881e+00
1.141409037712970420e+00
1.008436116242214187e+00
9.674241342462648330e-01
1.063309783035236267e+00
9.961502083992936907e-01
9.681998080190399314e-01
9.185683038674578027e-01
8.933294257143420403e-01
9.787931127027367229e-01
9.746189569087921889e-01
8.832441462083133743e-01
1.145694322325922609e+00
9.676658192088529731e-01
9.527103052633498770e-01
8.529471668699192266e-01
9.752504955963992028e-01
1.082433317178709498e+00
9.484721118759924519e-01
1.056543212672917065e+00
1.040053195889416138e+00
8.808711388536960563e-01
1.174116190354955291e+00
9.019931860073555629e-01
1.007687897271476674e+00
9.321259431398817297e-01
1.157724464493004257e+00
1.136223952124578718e+00
8.730391821285089504e-01
1.086502181190014626e+00
1.223478772798704650e+00
9.151838298062762167e-01
1.202653140274384302e+00
1.000400469929200620e+00
1.130705234364618672e+00
1.138224682853255620e+00
1.177013733832515285e+00
9.256860848521946128e-01
9.965999307432532595e-01
8.538886461528008009e-01
8.491605459570628067e-01
8.728953463120416867e-01
8.196437994538527949e-01
9.082433120113623248e-01
8.912446686718936695e-01
9.501653599524020333e-01
1.069105923957368809e+00
9.571775337131140926e-01
1.006673965639274027e+00
9.897104537091483412e-01
1.006240692246259893e+00
9.557793351642809299e-01
1.008611280899682994e+00
1.124531333608125960e+00
1.019929326448441476e+00
9.930041004703773488e-01
1.128345062506944885e+00
9.915118714805604139e-01
9.866026661031906952e-01
8.812170252058861841e-01
1.021686810033594073e+00
1.077722914492956541e+00
1.011198486803367658e+00
1.028247535350118369e+00
9.655892047189065241e-01
9.080274522727949105e-01
1.110053696027698322e+00
9.974835180405007273e-01
8.015877052591131591e-01
1.045235582364185234e+00
1.078739677746728409e+00
1.037702965223792573e+00
9.044571456606014248e-01
9.027160759147805358e-01
1.044440985331691385e+00
1.099380968659048552e+00
1.155618960400137674e+00
1.189420541433518608e+00
1.126715345384353917e+00
9.002705958865492297e-01
1.020458843719676434e+00
9.360227572353254644e-01
1.145009690277130954e+00
1.046367079833980140e+00
9.261767363174522316e-01
1.002862785429634584e+00
8.839910675433066967e-01
9.614807231773128127e-01
7.708338580950639951e-01
9.715162350027500837e-01
1.036169546819409648e+00
1.129082569844806594e+00
9.107235289224193675e-01
1.151028146047341716e+00
1.026970947249173038e+00
1.119440487242567839e+00
9.975346832597931090e-01
9.104211798583492499e-01
1.141603823416780683e+00
1.029041436994420078e+00
8.190769174909380279e-01
1.036015863421720473e+00
8.797427444110452743e-01
9.352006229890773570e-01
8.709304784138118816e-01
1.033360727006307878e+00
1.011240697191448046e+00
8.114522063177306288e-01
1.029992042623513182e+00
1.033692301502321609e+00
8.455312069489773208e-01
9.537883998108599437e-01
1.177796635508874035e+00
1.105456101565661431e+00
9.443489265215769812e-01
9.658535137554247196e-01
1.043319738518015516e+00
1.176609261738412071e+00
1.026398678716317958e+00
8.765055221217694648e-01
9.610383466225176363e-01
1.114906142849798609e+00
1.195661199345850134e+00
1.062077859106820288e+00
8.935011968748940436e-01
9.068936542202938877e-01
9.316737693265623177e-01
1.158232812121534172e+00
9.775828957299371735e-01
9.685188241606375037e-01
1.113172931420395972e+00
1.040342608513186606e+00
1.059006045050390643e+00
9.278865632259492013e-01
9.735940679932038044e-01
9.946371891869525417e-01
9.380196765633503908e-01
8.541231051712541156e-01
9.281794954092232874e-01
8.113319709176900485e-01
1.102354214240075736e+00
7.823138346384054254e-01
1.108016867725135191e+00
9.820723075585064965e-01
9.474339720936495457e-01
9.533904958161585341e-01
9.798333841640408659e-01
8.556803398790058246e-01
8.516372388747859290e-01
1.106255509335159148e+00
9.657240903129067355e-01
1.128690253853953163e+00
1.068182691918921456e+00
1.109329757093315383e+00
1.176667254707010946e+00
1.118447677754545122e+00
1.087356934063082869e+00
1.024539071990471006e+00
9.835821781378111250e-01
1.059702788899612669e+00
1.041645307076927152e+00
1.112745757492331400e+00
9.616233468587669364e-01
1.192853249191503373e+00
8.680147534930184872e-01
9.277788112779428165e-01
9.666823519825706867e-01
8.730609122357422258e-01
9.589908604619483690e-01
1.049729406836115153e+00
1.084949534304031182e+00
9.883525636609561404e-01
1.050931893778696224e+00
9.538798326857920173e-01
9.180316739792934166e-01
1.064784969875029352e+00
9.363195844983200899e-01
8.792039675849426805e-01
9.210146799883980329e-01
9.301896034503989164e-01
1.179209250431336509e+00
1.015625491672725866e+00
9.905168173960747779e-01
1.201622314595860441e+00
9.960062896729807713e-01
1.020392050621559799e+00
1.022912564261560631e+00
1.175778204201707533e+00
9.880065574151011276e-01
9.032213414294907317e-01
1.073413390229604580e+00
9.292313286096656189e-01
9.517411195027072335e-01
9.347148093472825714e-01
9.769768180516560374e-01
1.064732933421525862e+00
1.176954657914092373e+00
9.154891316323324757e-01
1.163176943339639724e+00
1.047221312352538014e+00
1.115946378615792600e+00
7.850294516505643694e-01
8.757735623917758394e-01
8.780945659115549917e-01
8.469373545647006507e-01
9.812862545601772624e-01
1.051527390342867019e+00
8.033743714221216470e-01
8.917134918321767412e-01
9.668897573696128012e-01
1.010467156529794908e+00
9.035613799980461991e-01
1.142633350146044169e+00
7.917349339373858097e-01
8.838977953544234767e-01
8.643727459916895617e-01
8.919000157560366127e-01
1.107336793271940234e+00
9.409374794706909517e-01
1.018984801717377930e+00
9.582128845827946328e-01
1.049036195311569664e+00
9.864513728758668165e-01
1.192600537526947502e+00
1.039180443923245933e+00
8.999342510782999405e-01
1.135365619209305788e+00
8.979832113981918162e-01
9.503141366326492978e-01
1.110494119687875259e+00
1.139747490341826097e+00
9.652686284359324187e-01
1.077250077316409316e+00
1.177592742924687297e+00
8.531913517598808117e-01
9.395162702227376483e-01
1.068702904774833096e+00
1.069104021736177357e+00
1.040717299317758027e+00
1.031897804411176400e+00
9.279902923968438300e-01
1.040591290874302022e+00
1.165597234951568861e+00
1.029474889561959428e+00
9.752942382530069843e-01
9.325255969815818835e-01
1.148886633575168181e+00
1.024105787711917737e+00
1.112099921686493298e+00
1.141933334451801008e+00
9.680836815130391404e-01
1.009849721092435759e+00
1.173646809227157028e+00
1.083749056120685283e+00
8.865710986323945830e-01
1.111414760200168272e+00
9.497290279918604305e-01
9.411458413818998281e-01
1.026348908163323470e+00
1.187158900051750399e+00
1.011733146413379414e+00
1.157906604947099405e+00
9.057317737601178198e-01
9.050926945820682024e-01
1.072961339566870009e+00
1.097415263059207113e+00
9.891470310496658369e-01
9.839852012257123137e-01
9.561788341682926351e-01
1.189486653475758660e+00
1.072937091463918913e+00
1.190359043062081845e+00
1.051787880010423226e+00
1.098306968503111491e+00
8.842053774446445580e-01
9.520275330703724670e-01
1.011466753400951379e+00
8.259489872307383962e-01
1.106231389118084163e+00
1.082773856263399059e+00
9.290811290557510205e-01
8.553015521721089032e-01
1.126651027238825931e+00
1.102522714746928978e+00
1.122536046811518640e+00
8.753408311515958884e-01
1.161598144204974092e+00
1.047858335486828274e+00
1.013429504130484160e+00
1.024775786941256150e+00
8.308559959281098806e-01
1.188683666858892707e+00
1.124212106873519135e+00
9.030488047661479056e-01
8.349602084796297063e-01
9.975281754880971352e-01
1.072911903267168787e+00
8.758474291051088212e-01
1.099318651608644171e+00
8.968427577090651859e-01
8.326891242440674912e-01
1.078200282491805551e+00
9.070404273205978640e-01
9.528075291888107312e-01
9.341044834215438408e-01
1.069420446952901615e+00
1.062581796875387230e+00
9.711547859893607804e-01
1.110218269335618180e+00
1.200007258384375719e+00
1.010495593302039419e+00
8.652945841254962023e-01
9.282758703463005467e-01
1.131283857755275291e+00
1.142776472000353039e+00
8.587457822329020996e-01
1.109955328188546586e+00
1.043188917248027758e+00
1.007583713681542870e+00
8.291849032153597587e-01
8.533117678168971043e-01
9.678302567760334041e-01
9.050731388272593714e-01
1.056120440994887444e+00
