8.609917932251796024e-01
1.129125805747270395e+00
9.567058796042366975e-01
9.267984917176339543e-01
9.040470476417706847e-01
8.416544125812976951e-01
9.302051049886818079e-01
9.613667058932449105e-01
1.025620306912403468e+00
1.083023526417966398e+00
1.103783688787910444e+00
1.013561003907401226e+00
8.985194620412318978e-01
9.870331188143584011e-01
1.079616200222920153e+00
9.867999271904814851e-01
9.217448242624806110e-01
1.113404474977652825e+00
1.129666656681322934e+00
1.126614299244039330e+00
9.827219186498870052e-01
8.738459431811367306e-01
8.220616732861957265e-01
9.394786680420643687e-01
1.016168292541560270e+00
1.025921325404182571e+00
1.014728711763430491e+00
8.962864957113267916e-01
1.160010543984522524e+00
1.181233197131761115e+00
1.070942173787505780e+00
9.961837073157109312e-01
1.075279952921864624e+00
9.064691702612239776e-01
9.129284881443031630e-01
1.081962968283457061e+00
1.107763222394284153e+00
9.373345475887493450e-01
1.052566585179594449e+00
8.171090157696491163e-01
1.130792190464061431e+00
1.004142669442793734e+00
9.230606375295369315e-01
9.148742457877103718e-01
1.106877963585765290e+00
1.098545459471712338e+00
8.863570808109740851e-01
9.486435285925363115e-01
8.369135976766013396e-01
1.161806467069323334e+00
9.350311852966112225e-01
1.138485112516391506e+00
1.063056566806551473e+00
9.037368169471260426e-01
1.019433369888867791e+00
1.025959683550949020e+00
8.871821224268916506e-01
1.111739032528479942e+00
1.151569323079449925e+00
9.191990070445773542e-01
7.891040852423950591e-01
1.041692306382359767e+00
1.184284007048644449e+00
9.409935977742542867e-01
1.160126297171236054e+00
9.235593105525313762e-01
9.460791784885262956e-01
8.426358592751438392e-01
8.684512153454526651e-01
9.786609345331809262e-01
8.606663581011517739e-01
1.003619229335733776e+00
1.064189496422977221e+00
9.992999486042017931e-01
1.162819266950359198e+00
1.015198055546903566e+00
9.960258460127655589e-01
8.359289266192155843e-01
1.188712213371567072e+00
1.046406274835760319e+00
9.815817265272266390e-01
1.084929718447025682e+00
1.093891916876691184e+00
8.219204860496898135e-01
8.664946597145671836e-01
9.570695208503090523e-01
1.014428800742243064e+00
1.195421317591836230e+00
9.660591848905257795e-01
1.061087481225121865e+00
8.509266644549446923e-01
1.135786155659804786e+00
9.642123511604411279e-01
9.961714076446221977e-01
9.040411331714965915e-01
9.570265654554434009e-01
9.491271313765029527e-01
9.906528809143048120e-01
9.832113787497247515e-01
1.019205397550998704e+00
8.476386354349016994e-01
1.009959917910226768e+00
1.110796174015444393e+00
9.571924000536915500e-01
9.473728763230819805e-01
9.144825537583423092e-01
8.163573865612918645e-01
9.176293106822406287e-01
1.145871832160927362e+00
1.097045445456309665e+00
9.691439754770807546e-01
8.900307090383500208e-01
8.930206471609404284e-01
1.005846917937688545e+00
1.007180782358046978e+00
1.148749293139268435e+00
1.136460112436423087e+00
9.989135062529743703e-01
9.763100776371229639e-01
1.148197805202577859e+00
1.050309236397914736e+00
1.191316841955592620e+00
1.049165342896936082e+00
8.724091003802035837e-01
8.695213384139344193e-01
1.015244118086074065e+00
9.721413535068704759e-01
9.128194840396546272e-01
1.101837702669415053e+00
8.132913789700526586e-01
1.084851827753068099e+00
8.662194002287003647e-01
9.598547210935319818e-01
9.208720439291798732e-01
1.137192659643228243e+00
1.120743713356661564e+00
1.039336299765361682e+00
9.463128187564037175e-01
1.060641606894423550e+00
1.088845396590658599e+00
9.367977217695470094e-01
9.172558501786240992e-01
8.550837804357411809e-01
1.125095798319219131e+00
9.682573893252646169e-01
9.117839480017655429e-01
1.091633795002230345e+00
8.533715498147703693e-01
9.855864794369233461e-01
1.121819411430559521e+00
1.153038132813696492e+00
9.454171379365617911e-01
9.530765421907704260e-01
1.055149442589325526e+00
1.124460662494509933e+00
1.191673531570603517e+00
8.755254440294540919e-01
1.156992532514926841e+00
9.296969387197620005e-01
1.178706407216016272e+00
1.108960425421531504e+00
8.720653586274419444e-01
1.082345958446438328e+00
9.566464332987236752e-01
1.127064193830497496e+00
1.040998773774299835e+00
1.107536116244804303e+00
1.092127153825493080e+00
1.060193480371411034e+00
9.604942810682708387e-01
8.034750415756120034e-01
8.604170802291650766e-01
9.513366736635393561e-01
1.185140745843947574e+00
8.231517673988668626e-01
8.866631593115048560e-01
1.013277265401119287e+00
1.209908593301130653e+00
8.713631236746746112e-01
1.041803847624538371e+00
9.940625418943875857e-01
9.274232296551881971e-01
8.915667121867274503e-01
9.008436848121033069e-01
1.179770553435427916e+00
8.903657017239638982e-01
1.005255029719491544e+00
1.153792439169680328e+00
8.344727814545644939e-01
1.054410568991551278e+00
9.259011450562175671e-01
9.320608832272615496e-01
9.766300523427640101e-01
8.720630405003075847e-01
1.061099384969731885e+00
8.894994671536216035e-01
1.008744617013114686e+00
1.161996180465151296e+00
1.181581744100808962e+00
1.062759569178391761e+00
1.063323725215595816e+00
1.207148509229332145e+00
8.798741350679694095e-01
9.315992185615026289e-01
1.004904069801222377e+00
9.653407122238053528e-01
1.013404384263642655e+00
9.739266852883370351e-01
1.040924581512248093e+00
9.734883196698147501e-01
1.031628050586554268e+00
9.889949710185849119e-01
8.354213482474304175e-01
1.043510510319924034e+00
1.078064127707932141e+00
1.017198602734908031e+00
1.017329735367520138e+00
1.088720856212217480e+00
1.025869442713234436e+00
9.176581198696083241e-01
9.342311911588059292e-01
1.011664971293101178e+00
1.051919355790800426e+00
1.128768724198576212e+00
8.537753058278048091e-01
1.138408864384158337e+00
9.460443008964039002e-01
1.072237676776268467e+00
9.300849490154707855e-01
9.828755603584933276e-01
9.688583806742500082e-01
9.946547522713586886e-01
1.005511270351602038e+00
8.303475629377261580e-01
8.385580506078238461e-01
9.942294241330555948e-01
8.665930881398595798e-01
1.014039956907206941e+00
8.449342011555038834e-01
1.098757355420868720e+00
1.056665344624076575e+00
8.736518213277064682e-01
1.054140499074425863e+00
9.890350682151630712e-01
9.265927673645700802e-01
8.651821811552411479e-01
8.189117713698881307e-01
1.008930288961018773e+00
8.770916393542061984e-01
9.758985205816073094e-01
8.905832938360196405e-01
9.215765965016430306e-01
8.886807996896457507e-01
8.263743149737041715e-01
8.881902216838177822e-01
1.021024992913644125e+00
8.491979650522524237e-01
9.750924128695275250e-01
9.578808930769651120e-01
1.043316706850407671e+00
9.234710618646355673e-01
8.778763775934523839e-01
9.575359353221968295e-01
9.314686447908755440e-01
1.127683616232110664e+00
8.641596368665755978e-01
1.067318651546973252e+00
9.281389112940019448e-01
1.118345719431742102e+00
9.527216513169007861e-01
1.018217090913807743e+00
9.857023952459342819e-01
9.529334701192373469e-01
9.688210580294482899e-01
1.109332808163686845e+00
1.036930281235905138e+00
9.682933506998421258e-01
1.039976284463181244e+00
8.744078011319385002e-01
1.100277487140835175e+00
1.026682813953180951e+00
1.008245742392899880e+00
9.934762270271368934e-01
9.128106803508283518e-01
1.007862319943307661e+00
1.021359820378126226e+00
9.712598966573779968e-01
9.245524980592685349e-01
9.665159745928753043e-01
1.182549589402745793e+00
1.076154339089405942e+00
1.021015466061412580e+00
1.041560754880466177e+00
1.045785224429891969e+00
1.154428941085076765e+00
1.057838135001505364e+00
9.319160117704492485e-01
9.760713916997206807e-01
9.761133567956693513e-01
8.510511495589314634e-01
9.545606678100602149e-01
1.077621666360575103e+00
1.161209043028293753e+00
9.217858771473654844e-01
9.311441898028154363e-01
1.130296161327287718e+00
9.560574492305680128e-01
7.772976895536796160e-01
9.211680118358985814e-01
9.031009790929247494e-01
9.026763181646273448e-01
1.018746021325861228e+00
1.151296866181540146e+00
9.826385992651394119e-01
1.112917248130800951e+00
1.185110262161979788e+00
1.121070357920572524e+00
1.097580376313772144e+00
9.351874171421623583e-01
1.139631760410255268e+00
9.941137520909659742e-01
9.755483204585388979e-01
9.090838238094329782e-01
1.057943712726258090e+00
8.818685177171048384e-01
1.074228471890559922e+00
1.098494982482357774e+00
8.516315549515547367e-01
8.833359350562955958e-01
1.091195715051894943e+00
8.081752317792583185e-01
1.140719924819938669e+00
8.747647687578614661e-01
9.553415493131239833e-01
1.071063688014195270e+00
7.619597489301868087e-01
9.420262639773673286e-01
9.318270765253897636e-01
7.846804125911148731e-01
1.190867167869520848e+00
1.123912428600076563e+00
9.563120925507020420e-01
1.085021976808146604e+00
1.123406792581926217e+00
9.471146937281798017e-01
1.021050192048917671e+00
1.242113911015154226e+00
1.043980878705464743e+00
9.179891442265168955e-01
1.028279069628323050e+00
8.847090890943685171e-01
8.717269943725709513e-01
8.740195353319256677e-01
9.685677563276690050e-01
9.075404219040024145e-01
1.085362838254524176e+00
1.082464428364440234e+00
8.892077255224122290e-01
8.553927942665042750e-01
1.181280679889931795e+00
1.024269129884154639e+00
9.969447155525248405e-01
9.692637774004031481e-01
1.047277658823056790e+00
1.086505749100963092e+00
1.175296453072589120e+00
1.139470007646864458e+00
8.275790648004499594e-01
8.394057534057379755e-01
8.936193168899495554e-01
1.175665106359738754e+00
8.824397576938590726e-01
1.048137068959687834e+00
9.246040472593697324e-01
9.262710640789659777e-01
1.129943911972220771e+00
1.152826995192270276e+00
9.428947013873498761e-01
1.012185317131235829e+00
8.922547442927251105e-01
1.105973201793873262e+00
9.654448458118791709e-01
8.938716525805394664e-01
1.025812423893182501e+00
1.145474863880150185e+00
9.536807389510215671e-01
1.097152499299139938e+00
9.319031065428766691e-01
9.303495765204399248e-01
9.012717227996962510e-01
9.461713077773047376e-01
9.678752585431609212e-01
1.013079112936649206e+00
9.614021365767193572e-01
8.687693748359195389e-01
9.969562713979505109e-01
9.126826740725777487e-01
1.157508425075429503e+00
8.538514320983463524e-01
1.082947469093056503e+00
9.233321290335240183e-01
9.761293010861433750e-01
1.159044675649370415e+00
1.102820026356512884e+00
1.190643740949243412e+00
1.051555717034661663e+00
1.077762354905394737e+00
1.184284380881085452e+00
9.321490631394426796e-01
9.838479572341913837e-01
8.368556075057052013e-01
1.096037017827122373e+00
9.267962519387022979e-01
1.122683567935472970e+00
8.606386466825650672e-01
9.222549583426841169e-01
9.681783424727024023e-01
1.066077588855585123e+00
1.091288137408029213e+00
9.560387138580460631e-01
1.038652375607489464e+00
1.175704005645482386e+00
1.068116524209195450e+00
1.044947436774881000e+00
1.018126480481763796e+00
1.011855346090753338e+00
8.664015731403615916e-01
9.024637787712774806e-01
8.523074010664681843e-01
9.889185918325329450e-01
1.120322814861844263e+00
1.083474707911740165e+00
9.649148289047018157e-01
8.217606675525095383e-01
9.873188021259307057e-01
9.948760712667721329e-01
1.005666173470880276e+00
1.018201242237048998e+00
1.107342112703451287e+00
1.058564276830875617e+00
1.102859973298849550e+00
1.088024096717016276e+00
8.163382499388910363e-01
8.971474340348468690e-01
1.007722353253953873e+00
8.488096164481735428e-01
8.931970319476043585e-01
1.013222317029989883e+00
8.801562743346308393e-01
9.619378337047974625e-01
8.870154891671273578e-01
8.814281921568131173e-01
9.681191256148100610e-01
1.044192711306209720e+00
8.055194956164032360e-01
1.043354847182247358e+00
1.037065491756621993e+00
1.034932785418562373e+00
9.893849974985078344e-01
1.047345831384851822e+00
9.471281622094969155e-01
1.184236903873752134e+00
7.943749441474767803e-01
1.071042557098291104e+00
1.067250256160049426e+00
9.167448684382029089e-01
9.710451987807109386e-01
9.833254273043567917e-01
9.465125903984819011e-01
1.039046218806140232e+00
1.020824564401190848e+00
8.655495907128520905e-01
9.749294027875599067e-01
8.372046442221244833e-01
1.158040939962952764e+00
8.100345284386101241e-01
1.167903703717974251e+00
9.292504971172289574e-01
9.107413304411413613e-01
9.463682404019863048e-01
9.522502337314305842e-01
8.231479985821318346e-01
1.128308541206072491e+00
9.930097819918617397e-01
8.879025991366544801e-01
1.019384741971551822e+00
1.046162367807667026e+00
1.035110688721092798e+00
1.038005047144064719e+00
9.683431501328206847e-01
1.051838267629035872e+00
1.104858466503045644e+00
1.179354688754818969e+00
9.274766262611164880e-01
9.383871595070250038e-01
9.780343132853103194e-01
1.180890974563607809e+00
8.492869647945167078e-01
8.447429065254183911e-01
9.922659644573695870e-01
8.743699430723522736e-01
9.395363390773905365e-01
8.865641366545367053e-01
1.068731400604650217e+00
1.066695588234589209e+00
1.048509639921837211e+00
8.414130377048558707e-01
9.631562816455867537e-01
9.499354030637126023e-01
7.872631808353891536e-01
1.042575279184885018e+00
9.985560113976499341e-01
9.116456101624830222e-01
1.016734269690268366e+00
8.885152453227227465e-01
1.068788643062353882e+00
1.148411325871608879e+00
1.036945024489817291e+00
9.191473940845200641e-01
9.558314946920498656e-01
1.030199215952689151e+00
8.906351579045033162e-01
1.031224529342070095e+00
8.931922823204303530e-01
1.015082194335837018e+00
8.538328737660265677e-01
8.352950076120042588e-01
8.292942058783410175e-01
8.325954213170254636e-01
1.092269061856911971e+00
8.558944882614594185e-01
1.139011276638978165e+00
9.010818124718253941e-01
1.116070484886332093e+00
8.257751493790397301e-01
9.051296364610139644e-01
1.127676299335654608e+00
1.089370779980574744e+00
1.091705145517193554e+00
1.059081836795555454e+00
1.007252025223750014e+00
9.345946812229948275e-01
1.088082126752603074e+00
1.205070791060983471e+00
1.145837406537349557e+00
8.625597684015513522e-01
1.124502699934494032e+00
9.655667952058757386e-01
9.807359771908399360e-01
1.211661596327415547e+00
1.020823039881980865e+00
1.034632863301985894e+00
9.336071546822757306e-01
1.185874024263728677e+00
8.844972214700008717e-01
1.083606016181782428e+00
9.464378516695979293e-01
9.034466921590846855e-01
1.120479771168615857e+00
1.097196694196211020e+00
8.310514745742622056e-01
1.104832372723389078e+00
8.971044343987100156e-01
8.152745071199496429e-01
9.260260127277173403e-01
1.066568411676161343e+00
9.579550946333886818e-01
