1.065581398657378331e+00
1.107541017067805500e+00
9.380041189065748686e-01
1.052827630888335309e+00
1.140037602386420712e+00
1.048486106127619166e+00
9.603805975002269735e-01
1.108968707995649394e+00
1.054926148442603129e+00
1.007236190562615930e+00
9.819882614107200425e-01
8.902905360090443976e-01
1.026646300914404897e+00
1.216507680512504130e+00
8.233456556123726067e-01
9.463905522098263745e-01
8.417254324663956400e-01
1.135217169890066824e+00
9.244130226148987717e-01
9.643204953308268657e-01
1.058588946816927612e+00
7.874139496269414451e-01
1.184863174360229809e+00
1.073665189035309719e+00
9.615293343071074084e-01
1.002456447746493007e+00
1.159681662591457663e+00
1.084254942157543811e+00
1.108124111172340331e+00
9.151099019114803390e-01
9.341207098770435424e-01
9.474872716530255978e-01
1.031164125133419818e+00
1.060539612615742477e+00
8.892119635986529547e-01
1.004570857985736199e+00
9.714749154456528979e-01
1.218989754358859035e+00
1.043163425942089440e+00
1.128653821756766096e+00
9.055244115442786512e-01
1.077927678328692407e+00
1.144153760677571796e+00
1.113970978135506718e+00
1.179083281267533145e+00
8.893768859297188634e-01
9.112619696894168619e-01
9.124378201523908327e-01
9.884453697563291286e-01
8.474433899297584283e-01
9.987111376430444221e-01
1.148874343883722782e+00
1.123646891554009430e+00
9.073923697917007924e-01
8.036253246777358417e-01
1.049956699699721163e+00
9.961077215051938882e-01
1.151369790713684171e+00
1.023034780650184494e+00
1.051690484017155924e+00
1.045965169470850720e+00
1.133836871638315369e+00
1.200478825444883935e+00
1.054771007916262215e+00
8.895306508287872393e-01
1.134988878701845172e+00
9.079133363638581811e-01
7.611777352270032715e-01
8.519345321454445674e-01
1.083789532906650033e+00
9.796793235424532398e-01
9.465464462276392821e-01
7.887758530156832038e-01
8.464493564181235774e-01
1.051734998067996418e+00
1.021365672493184551e+00
1.208734813358198101e+00
1.121897888522757958e+00
1.000121137747257416e+00
9.825293147636160462e-01
9.549643437716786032e-01
9.454222404954514269e-01
1.073845686235730623e+00
8.837021035269568836e-01
8.738854770361730306e-01
8.751046070331337523e-01
1.089731071627957348e+00
1.018846573256388499e+00
9.104938597373022358e-01
1.052881829654391144e+00
8.174003237602829319e-01
8.834270743592839148e-01
9.475382234734028852e-01
1.032460922317066210e+00
8.411488331801887375e-01
1.161908082633285044e+00
9.075914603232289046e-01
1.048897091882752708e+00
9.304070846414758122e-01
1.077798522928440805e+00
8.729653170472778667e-01
8.832414816406870539e-01
1.159742848810411120e+00
8.462946659467158739e-01
9.497785734090968823e-01
1.050787077055349794e+00
9.637295675898346348e-01
8.896820402978428133e-01
9.433673867696212856e-01
9.553727382660783807e-01
1.226787758103838222e+00
8.274653073477967746e-01
1.135297145046720635e+00
9.224852057856328669e-01
9.540037295136996054e-01
9.558405328812860091e-01
1.137005785197834351e+00
1.102185197105427505e+00
1.080895980268594680e+00
9.431626255192199215e-01
8.537189115635286374e-01
1.144294488019968581e+00
1.207291640362146312e+00
9.802005940980571541e-01
1.176619700073995078e+00
8.802777329432671660e-01
1.138957966404960054e+00
8.284481141352971756e-01
1.143067138890480727e+00
1.162758805653890892e+00
1.077972635736836216e+00
1.022237037289598582e+00
1.092793316609347976e+00
9.530637128719834372e-01
1.019980546825367096e+00
9.622091416144930021e-01
1.224115274009392351e+00
1.002044561774783960e+00
9.721464512418621640e-01
8.110113130965745931e-01
9.569410525081170071e-01
1.051281504149216062e+00
9.021692807922183643e-01
1.007637792663387044e+00
9.690138884534124086e-01
1.025817829476043830e+00
9.448488072993925790e-01
1.142810485955052524e+00
1.032114868728560841e+00
8.652629479530649093e-01
1.162289279256690788e+00
1.116133375787071724e+00
1.191537495876096253e+00
9.543791585647853903e-01
1.142620285081759945e+00
1.144192532593141687e+00
1.029479219378612864e+00
1.023359245310172971e+00
1.011000110685288167e+00
9.077770179460304956e-01
1.063091122705814184e+00
1.131355796666451141e+00
9.826395278001734956e-01
8.965617491673960604e-01
9.022505892787371362e-01
1.041288990357555289e+00
8.557301190692703230e-01
9.381329250577550294e-01
9.016584373730354152e-01
8.475036709569843119e-01
1.034246146756676143e+00
9.452386366898992698e-01
1.076479802754113813e+00
1.014871096858478872e+00
1.113428732458247472e+00
9.583007547075835797e-01
1.134595943483607705e+00
1.001308932663570017e+00
1.174071365652808563e+00
1.189399711369980572e+00
9.404749986077982626e-01
9.040125273393434524e-01
9.507397754205613172e-01
9.469165614483856519e-01
1.170977700177520564e+00
8.647937780000520824e-01
1.161548662168755630e+00
1.009735397650926458e+00
1.062042222330282781e+00
1.124562891493693151e+00
7.937664720980355249e-01
1.081854696894346324e+00
1.094804808198666546e+00
8.889517169595571033e-01
1.000818259105241692e+00
9.061295298571701018e-01
1.168600488812032712e+00
8.964441874425652657e-01
1.140349431385873746e+00
9.993144404278486714e-01
7.755818812538215479e-01
9.659956828387612493e-01
9.603334268310702582e-01
9.742998551067223456e-01
1.011277345229267155e+00
1.063175479277531865e+00
1.021389952078079366e+00
1.101125326897749002e+00
9.981177551744864207e-01
9.036411282928190625e-01
1.161020587114506730e+00
8.677860327933641926e-01
9.974099391511335178e-01
1.064995776168021102e+00
1.026498264451059628e+00
1.006605421513107057e+00
9.592629953981566260e-01
1.008825639471853330e+00
8.777961516957580868e-01
1.093037365322385712e+00
8.841240682914777160e-01
8.430360272512094078e-01
1.106567180358652758e+00
1.042818634052449456e+00
8.268669153556024165e-01
8.583834046441964905e-01
9.578039047393220873e-01
9.435021462689590077e-01
1.076888699244720637e+00
1.037477212249844571e+00
9.353300056842803745e-01
1.088811288129772903e+00
1.064306340628170089e+00
9.213869592532246688e-01
1.076186736738490746e+00
9.149388914141967089e-01
9.045785088380027261e-01
8.884749065535985091e-01
9.984199796312858144e-01
1.014290425972372178e+00
9.797555800102741852e-01
1.018346335235087219e+00
1.010266792092900490e+00
1.032806683603158859e+00
9.492491041864838941e-01
1.159621852684255217e+00
8.710476223085441561e-01
9.931479583827043101e-01
1.171978299362431031e+00
9.197603040302511079e-01
9.179235593434529328e-01
1.040680956801720791e+00
1.062731336307714658e+00
1.166965684938848336e+00
1.095407186086182483e+00
8.850414159842878714e-01
1.102011310234681796e+00
8.558134188900559103e-01
1.088253663371166802e+00
1.129618335146191699e+00
1.115050164627873430e+00
1.090211262801696890e+00
9.480573370433527103e-01
1.004827430987005332e+00
1.056365721537044777e+00
9.797973349609629956e-01
9.187331544451062815e-01
9.870601988106475488e-01
8.322045267349763575e-01
9.682387140384645097e-01
9.474675035017448010e-01
9.179405760588359442e-01
1.149881878929811974e+00
1.047245823040334090e+00
1.038584717009344516e+00
8.901408603104947748e-01
1.109031936410554753e+00
8.904325620542182795e-01
1.141092495667072271e+00
8.262586695317056806e-01
1.048192245952593193e+00
9.873822771541214127e-01
9.607545143789592013e-01
1.044340141987048831e+00
1.142439445816165744e+00
9.416059466180841664e-01
9.693036886038772781e-01
1.117026398897174699e+00
1.004281007279464788e+00
8.093384928693079239e-01
1.098576543157548047e+00
1.013969581976017942e+00
8.684274133590069722e-01
1.076891956060121780e+00
9.855524922390530573e-01
9.935193954420373785e-01
9.071765789062531393e-01
1.037709501751565844e+00
1.059292176964577781e+00
1.052677035429643082e+00
1.131544266066293547e+00
9.068724073067668812e-01
8.797729107215866984e-01
1.050009633343353066e+00
1.111400856935429893e+00
1.016156885764112783e+00
1.032970750156175788e+00
9.902080464153265593e-01
9.821299384572195201e-01
1.107245575783093461e+00
9.371104322171452949e-01
1.012757824189224998e+00
1.095784872771806473e+00
9.226459739954010475e-01
1.014700446910975495e+00
1.107667115217312315e+00
1.076743527891159902e+00
1.059919519367313656e+00
1.066512280486249908e+00
8.920537544556428333e-01
8.842809053124527363e-01
1.180706842129354728e+00
8.821239151114376176e-01
1.106438091869109019e+00
1.014983956995819669e+00
9.458918664945802357e-01
1.117919792244191690e+00
1.120290818204140448e+00
1.034513368528816812e+00
9.619480531823927372e-01
1.095796576706598691e+00
1.026190750569462518e+00
1.009587684872319313e+00
9.811253389224563470e-01
1.161077970371034551e+00
8.949351497676069078e-01
1.017026023571948157e+00
1.076274023007546488e+00
9.491065913531118170e-01
8.936147113272052689e-01
9.078906814663910696e-01
1.058634189984492657e+00
1.020159380445753161e+00
1.071540878706160438e+00
1.123586944883206984e+00
9.510997738413580205e-01
1.141934780645264436e+00
1.095024205450945587e+00
8.772510856211148678e-01
9.133740339223757054e-01
8.216691247905463236e-01
1.190608268608784215e+00
9.629563839232868627e-01
1.151631233124571718e+00
1.087170170032338845e+00
1.114234461124465003e+00
9.211042454263282941e-01
9.031909470056092015e-01
7.912019992375104449e-01
8.735459857113807569e-01
9.995276768386769373e-01
1.010144384230107661e+00
8.951564432595667808e-01
1.099790278109467279e+00
8.061211116246183028e-01
1.040730729864005610e+00
1.012534901022766887e+00
8.885240781100192109e-01
1.147574732513771956e+00
1.025030776417317879e+00
9.215814323546382969e-01
8.603064558325792532e-01
8.631940570103115995e-01
1.067102880821427124e+00
1.033986635496848994e+00
1.081732323609177149e+00
9.515057686116685787e-01
1.208564450249944855e+00
9.863621596086056265e-01
9.431423877336724271e-01
8.422482872963655831e-01
1.092597049882362281e+00
9.668012089682800347e-01
8.712231897149615989e-01
8.774186201050703238e-01
8.099891381934632983e-01
1.044444014164360723e+00
7.935077003282258179e-01
9.240182686464097905e-01
1.070756486340956881e+00
1.041449630030144347e+00
9.715892802752660318e-01
9.395731387963259795e-01
1.185508772717610793e+00
9.305840288472086996e-01
1.126945292988773550e+00
1.205619849279852884e+00
1.075794269844610129e+00
1.163649273616642166e+00
1.117003808972068857e+00
9.512184179125678929e-01
8.829926312885406636e-01
8.962406241341491775e-01
1.012697284536604903e+00
1.146888753277698347e+00
1.152993957672182157e+00
1.042225433687071767e+00
8.836790965115657315e-01
1.011032480772072528e+00
9.948030495071622514e-01
8.172279505034685254e-01
1.019281380417422334e+00
9.881706849140017290e-01
1.040762483520921045e+00
1.008598632806505746e+00
9.169426983228547989e-01
8.510604681755034040e-01
1.156379038918410318e+00
1.074039740858346192e+00
1.162620965511169668e+00
1.095434917943834741e+00
8.682482127013440021e-01
1.118871987704290527e+00
1.008603309702355011e+00
1.071491632697078478e+00
1.135739208780503162e+00
9.498989627417753212e-01
1.201818903412773976e+00
1.027569831379405274e+00
1.198045199912967540e+00
9.134412457309704081e-01
1.051645653303141081e+00
9.898319313956516208e-01
1.112232781743584198e+00
9.194298296784354507e-01
1.003320466920423648e+00
1.083736546271077739e+00
1.041974744866737357e+00
1.107107430829104455e+00
1.010845385954970643e+00
8.767311861194168054e-01
8.927314387702595111e-01
1.125158097900114562e+00
1.136729467077825406e+00
1.206775910077083402e+00
9.468357749898279607e-01
9.626913245686408160e-01
1.034131584492100631e+00
1.146339155722362779e+00
1.150971949729035160e+00
1.137292661353197731e+00
9.283250537738088060e-01
1.150655713118065915e+00
1.000148034775229622e+00
8.491751820911397353e-01
9.797283750939017599e-01
1.009164360842585317e+00
1.135916180172283907e+00
1.091986201600218864e+00
1.092553681161634316e+00
8.894786114061314919e-01
1.101348529763640949e+00
8.544845717698537069e-01
1.097580676320759618e+00
9.488875298560288662e-01
1.065628944156702840e+00
9.995468029360945472e-01
1.104089034943932957e+00
9.774119438601786003e-01
9.798851072493823811e-01
1.111732092046360698e+00
7.920332208449845091e-01
9.021470347319948679e-01
8.929565381353107290e-01
9.340379322877854218e-01
1.150726847679694798e+00
9.764817840586084152e-01
8.594393674770957059e-01
1.015600447239622506e+00
1.082089948572952265e+00
1.001783213272935624e+00
9.978372118195971696e-01
1.147533854347204452e+00
1.110441314393919132e+00
8.935098039977755757e-01
9.813512272722714203e-01
1.017818637210169630e+00
9.321447991776439235e-01
1.156938611428730113e+00
8.600864785694291026e-01
1.140885624106898977e+00
9.583957477776986478e-01
1.049935473714699530e+00
9.992733385017817938e-01
1.090806911523459988e+00
1.132818606847695975e+00
8.866042022253569632e-01
1.028393388405761222e+00
1.156439279463652436e+00
9.044847951684105158e-01
1.155602703927206321e+00
1.028403290774352330e+00
1.104115075988178374e+00
9.899998070751084844e-01
8.792707458060905479e-01
1.108020718274699945e+00
9.449441859001803667e-01
1.213480044421327397e+00
1.109983811278198118e+00
9.958687101766726668e-01
1.002745167722616015e+00
1.057056163176333330e+00
1.016917149553017152e+00
8.969148033187606117e-01
8.840032218819011689e-01
1.168040297404231653e+00
7.620685728687368599e-01
1.147100139673428387e+00
9.826144939405111467e-01
1.194429151239798870e+00
1.055256540686080546e+00
1.012124609367607730e+00
1.119051409953526921e+00
9.455592481274122107e-01
1.128980896577119308e+00
1.090209786362382749e+00
1.090139945087192253e+00
1.021739693800097326e+00
9.965195392567525179e-01
1.071281842169271803e+00
1.137487911286719111e+00
9.030622242770414143e-01
8.917507526908556859e-01
8.117565002715256828e-01
1.098020647066670685e+00
1.154516459466440548e+00
9.030606974800643449e-01
9.876035553688217172e-01
9.830112581465191290e-01
1.026331673130683964e+00
9.895530147334059556e-01
8.281690902997267401e-01
8.098423832686418855e-01
1.116259198491085014e+00
8.597231631719065570e-01
1.151061301787271285e+00
1.009667788285041556e+00
8.438413010517702428e-01
1.125270533899658476e+00
9.563782437910860468e-01
8.454341206636035722e-01
9.925177474409941913e-01
8.848489601966611495e-01
1.135651223113440800e+00
9.974105594352525861e-01
9.727718517275844023e-01
1.155874363873301336e+00
1.000518362344301027e+00
1.080658078876400863e+00
1.100426513100087433e+00
1.055891462794011249e+00
9.500204645857566188e-01
9.559283667999238787e-01
8.821667792480387682e-01
1.027896679967531979e+00
1.073421193149546760e+00
1.002450127552170223e+00
