1.007704323788976897e+00
1.030865197919506704e+00
1.111390442459946337e+00
1.018939631157586234e+00
9.745766457198747901e-01
1.108248223942196242e+00
1.011173908261249643e+00
9.678420947780979056e-01
9.775517471601203878e-01
1.070064677490990102e+00
8.208329394738862472e-01
7.622253132991161362e-01
1.137420804953228615e+00
9.999690250661052993e-01
9.675044728953143824e-01
8.876081631574921360e-01
1.036538121766852560e+00
9.407829168499129979e-01
1.076025202062586672e+00
9.334451869971081006e-01
1.040925695526059513e+00
8.527269828026604603e-01
8.801777281178819745e-01
9.264057121088944413e-01
9.259228758994317854e-01
8.612962121337404131e-01
1.089509562569415557e+00
1.090969278278936416e+00
1.159439150746080838e+00
9.632398404678124137e-01
1.006130465670351803e+00
1.115638915924992869e+00
9.984118126255262515e-01
9.054764777652788421e-01
9.810218619011519259e-01
8.983070511305073502e-01
8.619732254667529237e-01
1.080328523601967294e+00
1.097972690024380915e+00
9.780102028696946448e-01
9.586074226824700117e-01
1.067729895096311665e+00
1.096372552954711699e+00
9.299500879430679934e-01
1.222776201051151590e+00
1.033526476712918196e+00
1.113752216394143790e+00
9.673659735382873492e-01
1.064845002174131583e+00
8.549515666996339025e-01
1.065753247094008538e+00
1.000663117069030772e+00
9.787834022203210083e-01
1.170608146466020072e+00
1.119671092967042147e+00
1.105883585162673821e+00
1.008500089458084004e+00
1.159243024787913301e+00
9.116512453039835595e-01
1.040397627261253843e+00
8.602841879556655247e-01
1.115480821930786348e+00
9.588544675902432868e-01
1.005841138117695710e+00
9.845885907981763996e-01
1.016457686017208983e+00
1.015271247179668324e+00
1.078528241245066965e+00
1.117261691164501691e+00
9.732785716433127732e-01
1.101167100823053024e+00
1.017726627075862034e+00
1.107249333691942006e+00
9.522805686210902287e-01
8.227044409053922980e-01
8.610854432520840263e-01
1.146115014764544915e+00
1.026867181985179345e+00
1.195887032727926957e+00
1.060079547112955822e+00
1.167322851535899320e+00
1.123133301815714136e+00
9.551403881400439833e-01
1.084566162497587749e+00
1.066327714043290520e+00
8.051198990786525567e-01
1.022370005595531595e+00
1.084148429034568206e+00
8.127864918993084054e-01
9.844478121456665676e-01
1.161466355046349541e+00
1.150965021264472643e+00
1.003198679903140489e+00
9.303020488988484882e-01
1.128717306725367298e+00
1.169964446061610097e+00
8.596685884360717456e-01
1.108305590614412806e+00
1.004430900467363053e+00
1.012718940614322882e+00
1.050967342265918703e+00
1.124332393574819067e+00
1.021016460708962015e+00
1.140702556986427751e+00
8.187435993613100260e-01
1.072129966862768624e+00
1.032044228199234581e+00
9.006307549653864708e-01
8.435649048232116698e-01
8.364236290630729931e-01
1.081752533452592147e+00
1.034583543082411294e+00
1.045668762894425674e+00
9.071690075895800787e-01
1.130498279174373844e+00
9.058587729988606396e-01
1.115029198351978224e+00
9.521010726037850702e-01
9.430172468810755770e-01
1.158751341420034997e+00
1.043693115824373407e+00
8.268940127122611505e-01
9.533828807780337922e-01
1.081201153198636522e+00
9.616300172244547362e-01
1.030874875202282492e+00
1.157082412392639315e+00
1.021669583771377177e+00
9.450314627197305972e-01
1.039911705254811247e+00
1.162205760827230483e+00
8.269157954837506042e-01
9.159026476665407257e-01
1.040216711669856187e+00
1.032259992109197944e+00
9.544227761812524857e-01
1.136667881033169847e+00
1.064792463894007613e+00
1.037050303537292884e+00
1.123807257023489825e+00
1.131982941527814646e+00
8.679594941611039616e-01
9.174191190505891491e-01
8.704929675328150207e-01
1.005718475223460251e+00
9.362016853755561474e-01
8.616280696657264704e-01
9.452169115886074335e-01
1.129720454035888055e+00
9.596592842381452826e-01
9.520134615929900512e-01
8.773596970748155366e-01
9.877032639087139909e-01
9.974131611660617125e-01
1.027967587354265966e+00
1.003531472439354033e+00
1.081725195532158512e+00
8.718478549253965149e-01
1.029724903623535415e+00
1.047171045074809737e+00
8.321513861403908585e-01
1.148366226515078248e+00
1.062157880343296279e+00
9.874593681443872839e-01
1.004846084921922955e+00
9.578612519594393859e-01
1.090437193453644316e+00
9.687819772570943622e-01
1.113146682709272861e+00
8.539093834987578902e-01
8.644206191744214784e-01
1.185844297673034564e+00
1.038662176526246483e+00
1.172888599138463883e+00
1.121699764471141503e+00
1.089063583483244946e+00
1.067153249678687077e+00
1.164458464376162850e+00
1.073569410201966390e+00
1.144686523252714139e+00
1.003581226629809642e+00
8.952396668581734662e-01
9.078528179236187157e-01
8.475180387587362141e-01
9.675397553374989190e-01
1.032285492286659778e+00
1.036532523180750065e+00
9.118614961951129194e-01
9.893502942466564365e-01
9.626651850332894611e-01
8.683597872039611199e-01
9.850798818116625055e-01
8.633323777115373687e-01
9.824774656428451047e-01
9.391056816042899769e-01
8.658300157149499965e-01
1.072546859389377438e+00
8.092099876440063122e-01
8.955975233752120346e-01
9.438272202042208292e-01
1.022381271331432862e+00
1.066358355146340253e+00
1.053066778244701407e+00
8.722482076040845023e-01
1.033540439148890933e+00
9.238704178526507826e-01
1.165914952697300500e+00
1.022007607459827661e+00
8.696898043092100572e-01
8.489707282616155704e-01
1.050419844658715185e+00
8.560175926597686225e-01
9.654142533728272690e-01
9.938493311499754235e-01
9.389183855952401014e-01
8.866103676422060209e-01
9.873077013529256707e-01
9.476480843152016442e-01
9.367281056280784002e-01
9.974149817364816872e-01
1.029485854661847277e+00
8.487596371627470493e-01
1.079649519277207537e+00
8.378282005664876575e-01
1.095958451153393964e+00
8.388555315726835548e-01
8.829889277510893919e-01
1.070397460906032716e+00
9.770584421637747985e-01
9.417149223574785566e-01
9.824880803134075080e-01
9.162972584291431133e-01
8.762492551456455558e-01
1.215283006048666348e+00
8.852076601540683765e-01
8.978371150702357806e-01
1.162860449171128741e+00
9.332601768763638672e-01
1.036785219109967127e+00
9.364704141074705612e-01
1.080833157654562005e+00
9.051264702186097022e-01
1.109690667432464251e+00
8.787062208881338821e-01
9.918940383687575579e-01
8.711137401626873888e-01
1.006127858752836168e+00
8.753693250968621609e-01
1.023907731214517502e+00
9.496182982158865027e-01
1.060804064963584148e+00
8.276567709288036312e-01
9.515225020946378454e-01
8.675928089675464250e-01
7.853110731968886427e-01
8.271554902783184726e-01
7.604700152789307666e-01
9.896729112594080391e-01
8.830603961983021222e-01
9.133156961056012602e-01
8.890064807772645183e-01
8.624874954413688233e-01
1.046475038363284149e+00
1.036996092616099485e+00
1.105130448046950153e+00
1.031260421212161660e+00
8.547490109009923120e-01
1.092108934922234820e+00
8.466367125083936740e-01
8.257538784916178543e-01
8.995943823391545635e-01
9.568218080402695058e-01
9.627370272157509401e-01
9.900831751818124360e-01
8.432104222948997307e-01
9.286419626015889328e-01
8.483337323037596356e-01
1.060136785840784635e+00
9.372430940944020961e-01
8.697588006135413830e-01
1.018275104292142075e+00
1.070570728830126495e+00
8.406623018884873400e-01
8.058917554263393956e-01
1.000505394331993037e+00
1.023741864919758715e+00
9.615293973020027085e-01
1.117618601507593734e+00
8.054179234228446838e-01
1.056071302544350221e+00
1.146817337903406564e+00
1.080822178191766847e+00
1.074018548614279034e+00
8.804566162098973470e-01
1.168646493049692259e+00
9.745477666575329545e-01
1.173106040426121321e+00
8.422065928274056201e-01
8.376142196572327059e-01
1.158922077102310544e+00
8.664275283936900829e-01
1.050278503838092847e+00
1.086152416834424983e+00
1.114020372242148449e+00
9.664817520079151958e-01
1.085676271226618361e+00
1.188500206388939384e+00
1.187652215184087146e+00
9.336027854472570553e-01
8.929077621589287528e-01
1.211499812173324031e+00
1.161588292456180671e+00
9.023916742194467711e-01
8.658051412798000168e-01
9.585276281544559129e-01
1.053568090709881888e+00
1.091988690597733402e+00
9.568102534982181329e-01
8.405541590331591095e-01
1.111410213029929706e+00
1.082366597201036562e+00
1.046590619578719572e+00
9.018280198502348632e-01
9.466563393806466387e-01
1.086643967200316530e+00
1.026729091030027297e+00
9.182676388483126395e-01
9.241282811540573183e-01
9.532267475728349870e-01
1.045376775612123943e+00
9.516763806059924669e-01
9.193702564495807028e-01
1.147408904174424205e+00
9.952481772327664844e-01
1.076613756692782697e+00
7.572888170658655937e-01
1.063587555213380442e+00
1.098792532681872158e+00
8.091830359613656487e-01
1.137281161345540470e+00
9.928720207512979901e-01
8.931545891736236698e-01
1.237274555287918076e+00
1.042076532695318525e+00
1.039487255693729795e+00
9.202956546603451304e-01
9.846508783706650059e-01
9.540670472426672211e-01
9.601392288746090076e-01
1.003047762098812301e+00
9.642389301208202923e-01
9.283043942447259944e-01
9.709498736886637005e-01
8.755457643268100831e-01
9.668468651468314912e-01
8.925641494169666013e-01
9.735371718671093078e-01
8.794974710637197823e-01
1.170816324451646073e+00
1.021986538008545997e+00
9.313060366295192738e-01
9.247443673931242669e-01
9.595282197839172245e-01
1.009204212416095370e+00
1.081974573677089380e+00
8.473619445605158340e-01
9.720179982041428079e-01
9.287614263253349822e-01
8.892315225223450526e-01
1.078489613926632229e+00
1.047315263540961050e+00
1.091685982305467206e+00
9.399200029375773813e-01
9.441694693008026995e-01
1.142770228832398205e+00
8.927418165016336449e-01
1.081080972329463874e+00
1.001084530735986799e+00
8.788959313387798566e-01
8.834871971249180778e-01
9.142223541715357449e-01
1.161569729052953637e+00
8.507173061067134778e-01
9.871203833042996312e-01
9.765169227788641493e-01
1.159666512868891664e+00
1.086826359534191599e+00
9.846167514620325356e-01
9.065570475524917793e-01
1.105514656141310503e+00
1.100774864373309070e+00
1.084961463028606188e+00
9.049700055951576116e-01
9.916607015343983367e-01
1.001644621539070856e+00
1.150269797340981448e+00
1.100671606468064612e+00
1.112379097119077898e+00
9.303281935136189507e-01
1.198435973602913096e+00
1.030763721880146422e+00
1.162185942360111746e+00
1.165091902099830934e+00
1.112820011243975005e+00
1.042883176423107461e+00
9.818839010991848859e-01
1.169090722609534616e+00
1.140887452933486479e+00
1.151674898962825377e+00
9.068752792344378921e-01
1.017015606889679846e+00
9.116238822477926718e-01
8.501275498247644613e-01
9.746341439449142108e-01
9.863623804123740069e-01
1.162970887417756893e+00
1.171368035031631338e+00
9.629906656288722555e-01
1.191014694168627264e+00
1.005977256381557883e+00
9.338834064590728623e-01
9.056433852379528471e-01
1.018176201852820650e+00
9.199926018456576760e-01
9.131181700047732441e-01
9.802316091324585479e-01
1.105698426087566633e+00
1.035107257480417431e+00
9.214275574588708384e-01
9.114269531740711860e-01
1.138632583424792344e+00
9.711368831255745571e-01
9.228820174190861536e-01
8.946532059283840432e-01
1.038803744639174464e+00
9.893594354556531911e-01
1.045315882625245774e+00
8.889787632974125442e-01
1.093473544357928651e+00
9.002061063266024732e-01
8.728580177871205770e-01
1.085632111448817216e+00
8.534406957876133903e-01
1.066524362995752817e+00
1.007857994482226127e+00
9.010232264492596954e-01
1.067047805926877091e+00
9.008954067963761414e-01
9.875435572759787561e-01
9.987015885565424522e-01
1.109593189821541204e+00
9.960793737968722805e-01
1.121210012374172837e+00
1.122964111687864364e+00
9.709352007667084727e-01
1.030734858011213229e+00
1.091233426725066291e+00
9.074860307053784769e-01
1.053399503702587836e+00
1.039358946703191622e+00
9.730026989237841040e-01
9.704988082621417433e-01
1.009123781750367765e+00
1.002107196523280841e+00
1.153656116427631773e+00
1.204581662554271571e+00
1.143979571013064911e+00
9.981306166650097955e-01
1.012354544216451879e+00
9.799735430944933601e-01
1.050408227145128937e+00
1.006755568701847015e+00
1.155167938744978029e+00
9.949912128497467867e-01
8.249459362922917371e-01
1.115392265543452277e+00
1.005851634419223872e+00
9.853063835674726878e-01
9.150185182008605533e-01
9.271895924070109318e-01
8.743639625636705492e-01
1.022353753924743591e+00
1.010436019692956711e+00
1.192347996539273591e+00
9.083476621251117544e-01
1.002561682779142815e+00
9.046299221846938465e-01
1.212453723898854863e+00
1.040699643340969205e+00
1.069408916973433543e+00
1.037606765512544271e+00
9.713946630718903741e-01
1.023948740685139747e+00
8.940106584642987242e-01
8.175126261817844409e-01
9.190330979349541352e-01
1.111111328969988321e+00
1.196317127570110328e+00
1.078968587419111724e+00
9.809945057299929161e-01
7.995828300518269538e-01
9.261785007029073036e-01
1.070371339671808864e+00
8.412941501426507429e-01
1.065522053523519030e+00
1.133566784387650017e+00
1.003587751596620059e+00
9.754107427609877146e-01
1.021262776770505365e+00
9.957389507995342282e-01
1.142469992706991899e+00
9.154026041024792004e-01
9.683527084530886286e-01
9.091489749713046464e-01
9.078225392607673916e-01
8.269112148736380563e-01
1.062558985058386085e+00
1.137444226692642335e+00
8.565938492584731501e-01
1.131305220118767441e+00
8.070726193677528748e-01
8.718608599472748022e-01
9.771255752387251192e-01
1.040325200695873198e+00
1.089576563142623078e+00
1.108714741296765283e+00
1.008485290260832334e+00
1.102127633139109664e+00
9.981174715318168467e-01
8.586157761923609577e-01
1.060546531771599188e+00
1.145827586376334528e+00
1.144121149702236329e+00
9.894553146353469719e-01
8.717131311748786970e-01
9.094178781677966228e-01
9.843769337715327916e-01
9.123545614911379165e-01
9.567886129734624046e-01
1.067801803236570812e+00
8.875200208178829486e-01
1.094622991710814786e+00
1.123512480252250034e+00
9.077925832551783092e-01
1.040146332453590006e+00
1.150083209596485023e+00
1.166624763849368529e+00
8.838327002171395552e-01
9.953366276862891660e-01
7.961680934576347290e-01
8.233294607143335497e-01
9.578358088134142356e-01
1.175184773707813823e+00
1.024096728969546399e+00
9.584433985915817855e-01
1.113998531218439503e+00
1.113413920419564329e+00
1.061378259909464328e+00
1.084770203993962845e+00
1.017819753019608253e+00
1.015280230428250885e+00
8.965906112743186052e-01
1.057991659346196656e+00
1.118349497532629133e+00
9.954642625412652990e-01
1.005999530424064758e+00
9.749464984930076294e-01
