9.098754594296467602e-01
1.176933797976828178e+00
9.251858841087898799e-01
9.190637546358307874e-01
1.114065298734236098e+00
9.185710026408601125e-01
1.097193154917778468e+00
1.067296834290098584e+00
8.988660303030870935e-01
1.032804628632389310e+00
9.724395438336874697e-01
9.466299995218838692e-01
8.659924882638094790e-01
1.001730855502400930e+00
9.337946046572477288e-01
8.480145316974225800e-01
9.058542227693973103e-01
8.919252112231765839e-01
1.078905377481209182e+00
1.073387557319709584e+00
9.712497176886089045e-01
1.006567363870765730e+00
1.070492197610301011e+00
8.141831860485957417e-01
1.085644297611294551e+00
1.053389541305765675e+00
8.973588120614971464e-01
8.365196605517468686e-01
9.658363252242374575e-01
9.879123565130070173e-01
9.110812132528848251e-01
1.103352391395645782e+00
9.275542590076293337e-01
9.271573575712355186e-01
1.003174923502237359e+00
9.799479128110218928e-01
9.722794753208263696e-01
1.146208744724791950e+00
1.097514672205573305e+00
1.128849126906727118e+00
9.708511342575144587e-01
1.120859303957378650e+00
9.849335336291316079e-01
9.017582306937517167e-01
8.672304404661712596e-01
9.297820194383517034e-01
9.462476804077530890e-01
1.163945813558243669e+00
1.139175542270056241e+00
1.152429905951174671e+00
1.010626770608550995e+00
1.117187120675839029e+00
9.647867769853464281e-01
1.005225367562511796e+00
1.129256298503173994e+00
1.018207117225259140e+00
1.077431037617779364e+00
1.126075966142013440e+00
9.440810589336221526e-01
1.177188713731418090e+00
9.933176148857253418e-01
9.548898953741560280e-01
1.005131054871747809e+00
8.739671489876754684e-01
1.012936167323560621e+00
8.392111277445795103e-01
1.214719018390281402e+00
8.433918197173692066e-01
1.101049358103328268e+00
1.080480059886065325e+00
9.457055737982318355e-01
1.146323629005941758e+00
1.060731501236649610e+00
1.056241964359608598e+00
9.807885314755305783e-01
9.418963196727270226e-01
1.081213758396511126e+00
9.810698240242137214e-01
9.184757136131360689e-01
1.080832477930075308e+00
1.100759411620019002e+00
1.119386700382989153e+00
1.124980943775692133e+00
9.231398459736612772e-01
8.360536222534866724e-01
1.011306429587467193e+00
9.901136193825005316e-01
1.070809538750780110e+00
8.263422542153995298e-01
1.004150378710707336e+00
9.097741823627157887e-01
1.006002124157802768e+00
1.184744633768909594e+00
9.627609383269934984e-01
8.327667943575358667e-01
9.691687981090097992e-01
8.983826283740525831e-01
1.043830483741770898e+00
9.088260623626797097e-01
9.597737728762836262e-01
8.468225814803792550e-01
9.323800088111255935e-01
9.561760357375018726e-01
1.045994631685419618e+00
9.278427477717021699e-01
1.080857635050498367e+00
9.499622039222888059e-01
1.098233482155275054e+00
9.595769451440812059e-01
1.037559176276155126e+00
8.236648639932607763e-01
8.392343738823200283e-01
1.110836075304178383e+00
1.041089358336777071e+00
1.160943574317609084e+00
1.091082702474938548e+00
9.586775730276244634e-01
1.153395181906621270e+00
1.215809504151670550e+00
1.212060079457504713e+00
8.252698099707265200e-01
9.070011838984313179e-01
1.130046841043722550e+00
9.237014190530212776e-01
9.105647150297679904e-01
9.080948170161842192e-01
9.735214568870292906e-01
1.120409153865675744e+00
1.071206683555723016e+00
9.262526822541171656e-01
9.392986931873260614e-01
1.190510982647228655e+00
8.647036663231597586e-01
8.264869259315598127e-01
1.035796374454537760e+00
1.029944618181274141e+00
1.059551755811074969e+00
1.115074634979633661e+00
1.137934934313438173e+00
1.124374942345631068e+00
1.024836498528941320e+00
1.179954481105103259e+00
9.053299177828105782e-01
1.021642561726141762e+00
1.012204291344943830e+00
9.795426358640724196e-01
8.796457357832134782e-01
8.456378279261319575e-01
1.030957431926375678e+00
9.619414544484220508e-01
1.100849721911284052e+00
9.762596865942001489e-01
8.699759673697566864e-01
1.042126556518779612e+00
9.127579523910782644e-01
9.733535680693156111e-01
9.535888725560475176e-01
9.789305789555824422e-01
7.771131283366052855e-01
1.108403051243071369e+00
1.180264321593051058e+00
8.351073671036336465e-01
1.067214513519513464e+00
9.635829267263184006e-01
1.233861459155804807e+00
1.056161023019608569e+00
1.047549033507185756e+00
1.085087876895395542e+00
9.729822867920596696e-01
1.096173391109207529e+00
1.174833000990094911e+00
9.896437480698293543e-01
1.074371091174943338e+00
9.868463317246900512e-01
9.005285992611682389e-01
8.322091361318186831e-01
1.040558887848129332e+00
8.372378807874892859e-01
9.931030508584872685e-01
8.439730405657599466e-01
9.238162482045453316e-01
1.121593800297170596e+00
1.198958497528421319e+00
1.063461372661451243e+00
9.156051930879489653e-01
7.815293412662860373e-01
9.647032045239620768e-01
1.035799981048772134e+00
9.656113237405513638e-01
9.781688593802162490e-01
9.411592336306862094e-01
9.626364841351200408e-01
9.482991319983460343e-01
9.578638257735461181e-01
1.065389624376994027e+00
9.393937623359489564e-01
9.823163240206942426e-01
1.042728527294077834e+00
1.071002346504790648e+00
1.164349384014220057e+00
9.580251233749685902e-01
8.568954434636284478e-01
8.955934102014340148e-01
8.820557107491673321e-01
1.132620125073036332e+00
1.170119394915106970e+00
1.036963645408617074e+00
1.009803240527506141e+00
1.022695786588840194e+00
7.874833724431266058e-01
9.998078680174882216e-01
9.646716125193557367e-01
1.096792754427346583e+00
9.635848403535113293e-01
1.116349630405145010e+00
9.214757043540229287e-01
1.095651482286071676e+00
9.707992725708287640e-01
1.128251985214978159e+00
1.018733129490142275e+00
8.009644996451521504e-01
8.967898962685731945e-01
1.122468612388198395e+00
1.158381808038599248e+00
9.714897741725706526e-01
1.010259189284448578e+00
9.638370216810510094e-01
1.101267592369602699e+00
8.909925777536128466e-01
1.032010114592908590e+00
1.083150951850043953e+00
1.065219710974333545e+00
8.825870063982952374e-01
9.114858011046300668e-01
1.082120102300933029e+00
1.060593730843188087e+00
9.480378831173764675e-01
9.260478651392244354e-01
9.528307431413206574e-01
9.529198265214249286e-01
9.927970288074903227e-01
9.140093170587714200e-01
9.850522805660311132e-01
1.172947165165362682e+00
8.122998313509772750e-01
1.086505693735375866e+00
1.132408041298645029e+00
1.017634874495129127e+00
1.137168207524377195e+00
1.022140765188251921e+00
9.975078886177362048e-01
1.031410213315590019e+00
9.261743205679451307e-01
8.745615948037394061e-01
1.113570933753283754e+00
1.064915190058250971e+00
9.506399656618313987e-01
9.323105733082971414e-01
9.706618281109331559e-01
8.656817453961035413e-01
9.092523129755860634e-01
9.949022382573771139e-01
1.088667023847436077e+00
8.422829372844953255e-01
9.340218922858956052e-01
1.177524716091482793e+00
1.101095344653564956e+00
9.372807701058851748e-01
8.602920359666950123e-01
9.885235146279872653e-01
1.004235416086601607e+00
1.088192846611177655e+00
9.181398596393086642e-01
8.824645911631420203e-01
1.103721032535287083e+00
1.015724498129472853e+00
8.246829436766500709e-01
1.013959170407032540e+00
1.120738144960037097e+00
1.137065714501327873e+00
8.718912978210530129e-01
1.103263077342749199e+00
8.203794712585398274e-01
1.083493203981529041e+00
1.006051994321967458e+00
8.817404921165846732e-01
9.146089204787596350e-01
8.904640545946937991e-01
1.001293799455880373e+00
1.001168004244808341e+00
9.563616299293707934e-01
1.072061766979281128e+00
1.140307016218865099e+00
1.130051781329076022e+00
1.047225057014415261e+00
9.808763921353684800e-01
1.183787726136869445e+00
9.828861120471338308e-01
9.555316615264193292e-01
8.171012820741532234e-01
8.838128394162811929e-01
9.720008622173383905e-01
1.009203026556032112e+00
8.499937761469723574e-01
8.963438570796116167e-01
1.073681379255984947e+00
9.523464078391337129e-01
9.072573975446651673e-01
1.062215787724601235e+00
1.168864382678455494e+00
1.147093841533008751e+00
1.118671049510709947e+00
1.031220505604746984e+00
1.191969541639233521e+00
9.907752789431739648e-01
1.055419602492214226e+00
7.971889618191504434e-01
8.523898708318542461e-01
1.139208210509005115e+00
9.351327375255993335e-01
1.169330133038700481e+00
9.489185807914937154e-01
8.688735802216236426e-01
8.402032062028332859e-01
1.077817467119006389e+00
9.312637089535259483e-01
1.008354839666947278e+00
9.647964005887905703e-01
1.153895792680957211e+00
1.155593910901331567e+00
1.067923192329917725e+00
9.687981243539531828e-01
9.939495505862840918e-01
1.109479739624888550e+00
1.053214116665201372e+00
9.713476110666827701e-01
8.025857112818073347e-01
1.002201712326328265e+00
1.022097948478531082e+00
1.019397154455508270e+00
9.126833840979697854e-01
9.340152351376098672e-01
8.619567739102484971e-01
8.613351415788278453e-01
9.949756310255692959e-01
8.829490949372124087e-01
9.747842978180036866e-01
1.134292851171577299e+00
1.116389250728486937e+00
1.043719220961479399e+00
1.039965809230911198e+00
1.117640871034795591e+00
9.840771141557294044e-01
8.838211367783844752e-01
9.913625687094991257e-01
7.982560956350743808e-01
9.122114324099286353e-01
8.712880203835912107e-01
1.017053647233352232e+00
8.701283814811840989e-01
1.226134782963770098e+00
8.971941677509831514e-01
9.096766745233052509e-01
9.868050319202379406e-01
1.113791039526022431e+00
1.012614092051692616e+00
9.057620799178049964e-01
1.091103371967947933e+00
1.183823372761451775e+00
7.600938957114025118e-01
9.351623753000772865e-01
1.025218305201279323e+00
9.152014053239201363e-01
1.096311762130833811e+00
1.094737247256305057e+00
7.741739278331889462e-01
9.985499045808770013e-01
1.053495835983966344e+00
8.473518205217630550e-01
1.088627750448700526e+00
1.134197589153644659e+00
9.115909461394129387e-01
1.130069681183406782e+00
1.138136675331752778e+00
1.013604131727982027e+00
8.032538247668499221e-01
1.073775903139073451e+00
9.456058639400106713e-01
1.068169560846438326e+00
9.164075843288995715e-01
8.374200378454537130e-01
9.543146863223423981e-01
1.177659095695660518e+00
8.718544953207800763e-01
1.024266601901180795e+00
1.112882191128250264e+00
1.051049710260040015e+00
8.082408170832091621e-01
9.023863815812630529e-01
9.098862588030284249e-01
8.992181870369835295e-01
9.824969195195131233e-01
1.111835445239298004e+00
1.011466625042055423e+00
7.896057972177166207e-01
1.188057625124156358e+00
1.064189493469942738e+00
8.336443783739799773e-01
1.132244312785784413e+00
1.037976792987975294e+00
1.092647211003558771e+00
1.038134154373056006e+00
9.051086463751719657e-01
1.085423309884891552e+00
1.031050270034353122e+00
1.005035735156239118e+00
1.088267265779382154e+00
9.807933663409397207e-01
9.237206906206841817e-01
8.753669649656778962e-01
9.424839770775292891e-01
1.028182371317224231e+00
9.424585687882500729e-01
1.075278685419165381e+00
9.445688738321207367e-01
1.034077386027443701e+00
1.169327673282288149e+00
1.080276150132049473e+00
1.043868822742753055e+00
8.798301271713585558e-01
9.222756833129321929e-01
9.810987732481855073e-01
9.142131512230083912e-01
1.125356936843105338e+00
1.060079657208506498e+00
1.005089068948245234e+00
1.057222510614941546e+00
8.337909576063695649e-01
9.666532879107294640e-01
9.195078528093736381e-01
9.133337031655470728e-01
9.209840866578147267e-01
9.007969233286503563e-01
9.181498348646008889e-01
9.469282302136210472e-01
1.004672556784570014e+00
1.021871668315946557e+00
9.696310563025153373e-01
1.030931090040045017e+00
9.824362386012310822e-01
1.215827558502324601e+00
9.521687838834962392e-01
9.701008249987956855e-01
9.727032516362570380e-01
9.957228675288289921e-01
1.158450319990452781e+00
1.042751867400632193e+00
9.744760489889943145e-01
1.040618821699746732e+00
9.800397542771154269e-01
1.108441856804901038e+00
8.807214953535504876e-01
9.918296589001251995e-01
1.139852646434424077e+00
9.897327179887682735e-01
1.162250606097863237e+00
7.949413504995676005e-01
1.023224078121719671e+00
1.064533371484790658e+00
9.514808369183862524e-01
1.022300703723579174e+00
8.969665080282577252e-01
1.080248264927144319e+00
8.364586971615435296e-01
1.016450971700449957e+00
9.404727713919386334e-01
1.104547839626447425e+00
9.722221258525105547e-01
8.621685068059695700e-01
1.071949050318844243e+00
8.519230166253433101e-01
9.351220344109814064e-01
9.027812789619231726e-01
8.940509440061297219e-01
1.121449820349588178e+00
9.096508713933491030e-01
1.125461844565929903e+00
9.248775286810673180e-01
8.822351335004351425e-01
9.595411657176908804e-01
8.808883655630287413e-01
9.953922416076521618e-01
1.154191967302063082e+00
1.155314150053290190e+00
1.168452070528363640e+00
1.046101563816109303e+00
9.321091591794836706e-01
1.146193037088585109e+00
9.388493357603715506e-01
9.787131996722131522e-01
1.003764265304018855e+00
9.605674156079124781e-01
8.366705518386312601e-01
9.164847520707244399e-01
1.093895651056912444e+00
9.016725706553629927e-01
1.036265497107755396e+00
9.243768986484819372e-01
9.072667567461993876e-01
9.136471650617203899e-01
1.136245284293406321e+00
1.113722590095254983e+00
9.568769755951449518e-01
1.019251732758820417e+00
8.512507534069631010e-01
8.855461555341903601e-01
9.974522765492180865e-01
7.977282818015648536e-01
1.025694546272612140e+00
1.038017923849374080e+00
9.575976608456076011e-01
9.483003729442155416e-01
1.091472360703439559e+00
1.004896501449550561e+00
1.171171506343486435e+00
8.631157327384115785e-01
1.072246363419301352e+00
1.176058198088378193e+00
1.023238553596341305e+00
8.962622257274568405e-01
7.916966230083894995e-01
9.021410555643686324e-01
9.521756795326012934e-01
8.518913668258787375e-01
9.339884836562677428e-01
9.532157419967586254e-01
9.840410671610098081e-01
9.898303769259415574e-01
9.584398895367994831e-01
9.786892397283570855e-01
9.835964451659002794e-01
1.210230197780123529e+00
9.838250597157223165e-01
9.650802980235897444e-01
8.613478116692426800e-01
8.423093163216264223e-01
8.513482355573673832e-01
9.744130626499140080e-01
1.009046913407914747e+00
9.332074500508786841e-01
1.015139753581830728e+00
1.106002447436168712e+00
9.014834469585586429e-01
1.000903463887054201e+00
1.103881399311267275e+00
1.168746815033218311e+00
1.145776960262396171e+00
1.145681373451425955e+00
1.015393348879025437e+00
1.065786469245972423e+00
1.097757914787389488e+00
1.002373585434637615e+00
9.968467973050818554e-01
1.187851302581676149e+00
9.388474411945869624e-01
9.435934001216605971e-01
1.100989354486410665e+00
