1.093727636863965014e+00
8.485964172740524392e-01
1.057588540880592509e+00
9.582542713406416723e-01
9.875895161338292816e-01
8.239454851800620538e-01
1.014486465508631419e+00
1.145014895079530026e+00
8.907792860677297142e-01
1.123598628548297063e+00
1.182529578927100866e+00
8.385933020415454742e-01
8.838958291134311196e-01
9.906414239181462467e-01
1.058840665598758779e+00
1.081326300188653944e+00
1.075262233708459858e+00
1.125625832656061087e+00
1.184574899184768215e+00
9.556487300012839192e-01
9.874713249342383925e-01
9.500950560464563877e-01
9.437183332405729708e-01
9.919877416247034896e-01
1.017122903597919459e+00
8.578789202745968900e-01
1.039408411783102171e+00
9.393544244168161583e-01
1.063629306114254769e+00
9.186378127051424425e-01
8.956046247115609926e-01
1.127005324395329522e+00
1.206608688016527209e+00
8.220022058935942955e-01
1.128869562556634731e+00
1.080914623003417008e+00
9.203066795603345174e-01
9.790733422325814672e-01
9.435038617080562240e-01
9.832890031251655394e-01
9.274144515424506130e-01
9.935767367123733429e-01
9.836864850288011830e-01
9.500166647532962694e-01
1.127668529419359134e+00
1.208801088700730997e+00
9.765851834884476945e-01
8.532902372460482443e-01
1.049099132898008158e+00
1.063976936415255592e+00
1.052201342088402436e+00
1.038277900453772329e+00
1.051721636248116321e+00
1.129830486198186934e+00
1.039123411660771712e+00
9.176955746603070452e-01
7.754535149902392899e-01
9.151496320124639094e-01
1.009169150598719256e+00
9.689572566130804088e-01
9.113187053470510612e-01
8.720417805903117880e-01
9.151661533852464281e-01
1.099454863319426767e+00
1.092523507470887445e+00
1.131845117548550883e+00
1.094502948068621029e+00
1.059766305031160760e+00
1.197568902046894257e+00
1.109142603454598586e+00
9.574185349496296960e-01
1.054440594407823006e+00
8.542992289098129133e-01
9.503901685183746562e-01
9.509180088563013999e-01
1.011205856133894132e+00
9.240343648563862367e-01
1.112684499563545870e+00
1.042310817258272682e+00
1.032773655810037772e+00
8.901294714833101196e-01
9.812272075121840631e-01
9.729857523920587559e-01
8.664749982116140004e-01
8.654761551759547755e-01
1.110357043796485810e+00
9.246680301915519706e-01
9.855174083294531151e-01
9.036835480409708410e-01
8.614521985438086116e-01
1.047488590334668457e+00
8.132044171842762736e-01
9.735451485648165537e-01
9.628308703330555884e-01
1.028549333063163873e+00
1.181264490579592152e+00
1.222879230913958448e+00
1.031002495191896795e+00
1.086723748743729345e+00
1.059705011807910102e+00
8.094448620448768672e-01
8.713320438629305054e-01
1.035328233110252460e+00
8.759222170977851718e-01
9.215280597424519993e-01
8.644384445136017447e-01
8.127240835128937135e-01
1.084428000671836312e+00
1.011574300382718450e+00
8.502724321421337716e-01
1.075071885339611288e+00
1.069465414603468556e+00
1.114901313394106586e+00
8.610643721225385017e-01
9.906463809215400040e-01
9.362038410243390674e-01
1.080479662881705494e+00
9.424715935934291355e-01
8.423932950349266591e-01
1.080793885670678689e+00
1.180723871628716726e+00
7.774295016038976769e-01
9.624737991693745887e-01
9.816794776504493836e-01
8.521509472325153878e-01
1.038916202714691206e+00
1.114893539579568049e+00
9.295761553245980302e-01
1.171834793029921329e+00
8.491749685567386852e-01
8.698192461587657132e-01
8.979327075619949472e-01
1.080124801375372368e+00
9.274280854789436201e-01
9.644209516231529999e-01
8.971390351562243959e-01
1.126963887026856348e+00
8.536525911066434880e-01
1.093594001879561572e+00
9.392239728808615684e-01
1.089323834713904038e+00
1.075069241679894150e+00
1.031595487019161927e+00
1.122979773533320014e+00
1.011817084454306181e+00
1.104346605684411564e+00
1.159804659271036265e+00
9.259384863088055972e-01
9.512475946593602627e-01
9.310297103172179289e-01
1.196810418531424336e+00
8.574939840431644589e-01
1.031463026160198915e+00
8.374963887862370004e-01
9.093074568530834512e-01
8.611217329777822727e-01
1.246279074711982515e+00
1.081035231630918858e+00
1.068358164295805324e+00
1.024088232283542510e+00
8.085310484123473529e-01
1.001196019643187940e+00
1.074053193654309180e+00
1.124879309132333915e+00
9.641456956643439380e-01
8.908247633718431313e-01
8.794336427428330882e-01
9.055234895533730288e-01
9.158924113558795099e-01
9.815586568206637885e-01
9.464142209484657231e-01
8.922399751510496912e-01
8.997132580689239933e-01
1.016052689823889299e+00
9.571960360007101265e-01
1.091349732077038670e+00
1.105817428436533634e+00
1.075972414000454958e+00
8.559003664790036936e-01
1.029103342679363653e+00
1.123703126465172897e+00
1.081898009493799329e+00
8.534999561773108923e-01
9.940161524219266465e-01
9.374423318160091112e-01
1.006028768923789229e+00
1.091761095889674626e+00
1.095040617565453456e+00
1.154090729794984949e+00
8.654727657840222133e-01
1.156258481907502578e+00
9.121801586014021135e-01
9.315516213513308497e-01
1.042962363995837860e+00
8.824444091781713517e-01
1.023717492296481346e+00
1.093925165553295331e+00
9.751672397388788660e-01
1.030791229754722149e+00
1.009338799624191818e+00
8.225788560479375677e-01
1.021502923562349174e+00
9.482261122329096459e-01
8.226235504198255999e-01
9.014934213293249732e-01
1.132945321759290636e+00
1.008000489509104369e+00
8.486967382951089434e-01
8.865606996681242302e-01
1.140400601568646755e+00
9.098938200343936744e-01
1.036703855516139638e+00
1.238954400428024183e+00
9.792722586406787944e-01
9.104715941402112822e-01
9.892044833097350942e-01
8.939059783439357032e-01
1.070506707729620199e+00
8.984818245031616080e-01
7.812858269046563109e-01
8.296845726407969801e-01
8.617594147204530319e-01
1.098239503319476507e+00
1.143141171794397559e+00
1.081271386111711363e+00
1.182309994262879194e+00
8.197347837221008460e-01
1.103470913543365572e+00
8.963472790191422401e-01
9.581785167544374371e-01
1.018273941769121338e+00
1.020813304378210828e+00
1.184689561482459741e+00
9.644256846769342362e-01
9.029230707517765797e-01
1.136799634906757284e+00
1.100126113108674142e+00
8.782743615982762098e-01
1.036836428354596773e+00
7.994368066517900662e-01
1.045949123138449011e+00
9.801160357669275180e-01
9.287705857363661721e-01
1.218475524877533855e+00
1.005549864110678371e+00
9.627053277087063154e-01
1.100176150666511754e+00
9.937121955692203024e-01
1.040331800321897093e+00
9.807688235139715438e-01
1.059397223233612184e+00
9.610687479696091717e-01
9.031907165139562155e-01
1.049204233812043752e+00
1.106422849625934735e+00
8.512127935770668063e-01
9.499823996637717372e-01
9.876640667837948140e-01
9.074126379228335537e-01
9.260929210437716108e-01
1.000195344549273280e+00
8.804176333211375383e-01
1.182354100593471458e+00
9.407360066385199726e-01
1.136372439747317165e+00
1.155884084662534672e+00
1.037073031058086237e+00
9.243694445136845239e-01
1.105297482149148358e+00
8.387673624229015079e-01
1.093963163343125711e+00
8.923070451496433186e-01
1.007947075160577910e+00
1.010195429140169798e+00
8.382313751755652298e-01
9.664753209298135861e-01
9.312146695071596980e-01
1.037015324548737905e+00
1.086340812472676998e+00
9.575769218328601395e-01
1.095823613279578446e+00
9.661778430739311752e-01
8.819993170737082666e-01
8.557890244163417481e-01
1.179269371166552505e+00
1.079950413333683912e+00
8.842423270213816133e-01
1.022655398181950392e+00
1.161355148936633608e+00
8.431017710360815265e-01
8.791215919487853636e-01
9.125501049609978654e-01
1.136045494505019793e+00
8.442873001995881976e-01
9.688279572327007649e-01
9.997311720563624160e-01
9.182541873012978195e-01
8.906825876520110263e-01
9.274797265480386743e-01
1.123742236271601191e+00
1.092018850645433581e+00
8.899254495660311459e-01
1.047270081643597806e+00
1.057952068660044542e+00
8.979672502619655550e-01
1.024968340518026322e+00
1.089696657565546678e+00
9.043364621916403223e-01
9.269473773615841683e-01
9.545509109974953388e-01
1.001775829374965232e+00
1.029158141082562761e+00
7.627523184742678319e-01
1.033031063730972754e+00
1.014593450461062529e+00
1.112646908287355352e+00
1.160780044035007119e+00
1.082061666159761071e+00
8.826408208353466733e-01
1.047921895028902650e+00
1.164827956689408861e+00
9.209727318053191336e-01
9.350564761310444784e-01
8.069399712448970252e-01
1.130373219824589492e+00
1.159236283334948547e+00
9.338834819729868730e-01
1.022792781392051653e+00
1.133184150918761457e+00
1.108250289677448652e+00
9.736061326918330483e-01
9.195314106065985982e-01
1.088529099394524469e+00
8.682557761257312379e-01
8.004104262209612575e-01
1.005329360998182597e+00
9.926172012309306680e-01
1.124826501803565471e+00
1.069019392382559941e+00
8.847542384085482770e-01
1.032269700093094489e+00
1.095079866036826388e+00
8.505059319876879798e-01
1.121996627965342164e+00
1.049461968939084500e+00
1.015275086820665695e+00
9.909877442583078233e-01
1.056173021548685753e+00
9.264349128417246337e-01
8.646452492441907278e-01
1.175867353659365122e+00
1.009003738870425604e+00
1.167885797013032523e+00
1.018771190800528581e+00
1.050227445381602509e+00
8.617545897523740672e-01
1.122725860456435854e+00
8.756399976564024357e-01
8.236849559756083128e-01
1.068742422443077267e+00
1.035549203907657922e+00
9.194826059993930212e-01
1.067245452075344936e+00
1.174278453102399311e+00
1.144785680869571109e+00
1.229839727115455084e+00
9.746893307691981700e-01
8.904450692360186270e-01
1.059954888320818078e+00
8.748853944314943787e-01
8.462326724295627933e-01
8.370600939433530119e-01
1.051025863217976530e+00
1.012231430185591918e+00
1.118327154289879832e+00
1.045121335837003507e+00
8.446592746849199695e-01
1.158339120012424228e+00
1.015656941343073827e+00
1.008768219884955908e+00
1.110684525315088100e+00
1.161974216347015698e+00
1.040670389283016473e+00
9.332006143884566951e-01
1.116839559548867156e+00
1.079069203819172484e+00
1.049191429529099162e+00
1.128598862225412836e+00
9.970225929674725318e-01
8.053743649192224296e-01
9.503514021873774587e-01
1.076303069510274213e+00
1.078056069529306216e+00
9.168026352228136888e-01
1.144943987656733109e+00
9.883109622250256798e-01
1.183594348385325068e+00
1.113571743744228293e+00
9.463550776750782045e-01
1.049179905913310229e+00
1.140541557487853463e+00
1.033952583881760035e+00
8.272896646135223797e-01
9.467262653457948485e-01
1.097608742060743658e+00
1.099342398583786684e+00
1.184387278706191982e+00
9.504318140689553829e-01
1.136531184854339571e+00
9.622783002644231809e-01
9.810570772687865482e-01
8.389780294932885907e-01
1.155502185777973700e+00
9.723392081992097147e-01
1.122695363773259736e+00
1.157053491485557029e+00
9.156116575975020710e-01
1.042305582955230792e+00
1.131880644281605175e+00
1.159914141524736708e+00
9.502689269264308347e-01
8.437806803980199000e-01
1.023321424230720700e+00
1.053500629554769974e+00
1.047248915620099474e+00
1.030222160163881906e+00
1.083166362386166037e+00
1.129369754170838291e+00
9.233261766178093577e-01
9.992045971997514098e-01
9.498265333003410582e-01
1.128387525615791365e+00
9.444521141004770248e-01
1.078302686611670058e+00
1.075864255932573732e+00
1.046924151403121117e+00
1.037050489264373709e+00
9.067468040457780099e-01
1.239179585475996381e+00
9.961045964761421345e-01
1.026995646229634795e+00
9.578044157318117424e-01
9.166527352648053961e-01
9.992579721235359536e-01
9.920851045801744039e-01
9.121475122050880513e-01
1.066511415850214028e+00
1.114518298316227174e+00
7.719366742484610189e-01
9.096660649875296656e-01
1.046404015364490681e+00
7.742710742251475153e-01
1.084301054514414053e+00
1.173539803658812053e+00
8.857483114979975980e-01
1.129103910049341186e+00
8.338036432952362631e-01
9.785589643985521668e-01
9.993305517483753730e-01
8.387558932142360479e-01
1.113571431680731250e+00
1.092947220005021203e+00
8.511298809095267925e-01
8.466527634575093941e-01
1.181736930297172528e+00
1.095134111339031602e+00
8.551831060370596038e-01
8.551486392871701092e-01
1.078762219604054495e+00
1.020848924729370388e+00
1.151141646420969833e+00
9.878473685170987562e-01
9.679899877089440663e-01
8.721211017303862612e-01
9.563262332273472222e-01
1.165175128261845883e+00
1.161941144707490103e+00
8.233625765644521088e-01
8.549140203433318597e-01
1.100181786535525674e+00
1.138268931700012088e+00
1.086282834475445158e+00
1.023980878824865659e+00
1.215070033623276258e+00
1.060640469202799308e+00
8.859330550719859421e-01
9.999796432604990404e-01
1.014206053554654208e+00
9.780431041275821080e-01
9.543057714908917966e-01
1.104560954797086048e+00
9.391601240008655704e-01
9.294648805828236160e-01
9.499580801774508698e-01
9.861416784681877878e-01
9.258728878425117603e-01
1.058706544080614709e+00
1.014414874732729066e+00
8.832920807750099801e-01
1.096358952698530009e+00
1.029295505595801519e+00
1.018214720131078277e+00
1.088771692112384226e+00
8.408361505053506546e-01
9.737716996370492373e-01
1.010814226657800186e+00
1.085774997878958592e+00
8.119029043368704013e-01
9.480614469821397883e-01
1.213687483159288094e+00
1.031922647250713254e+00
1.030636025129364919e+00
8.776075710839632560e-01
8.585297804118054987e-01
9.196847526311917598e-01
9.282096155299741636e-01
1.013029611717118250e+00
1.109340716612179367e+00
1.044181885889110761e+00
1.027715399120779249e+00
1.093279112880892745e+00
1.045484524966838524e+00
1.110735676530491434e+00
8.387411822620751689e-01
9.666818369134084765e-01
1.106406500142912863e+00
9.380342701416031215e-01
1.181471024001972792e+00
9.218386769652088253e-01
1.067136903336506348e+00
1.050809676719594687e+00
8.225947460986228199e-01
9.784993895183561330e-01
9.775643960687119272e-01
9.904725368478862757e-01
1.037662822196724344e+00
9.593763196108620050e-01
9.682341494051383002e-01
1.085604603148031533e+00
9.775114288155862807e-01
1.088755836330290716e+00
1.104701110790772711e+00
1.135360403653902228e+00
1.011451983697664758e+00
8.515171786638418006e-01
9.346918043119062380e-01
1.043242017619537609e+00
9.228704612514818661e-01
1.058571296994642585e+00
1.053009064373040982e+00
1.026275987254595012e+00
8.003082787578077451e-01
8.794904206663796131e-01
1.087083588003179724e+00
9.672621757051844682e-01
9.828936875255175343e-01
1.139507760278341220e+00
1.182952455959406679e+00
8.774511323568841004e-01
1.052268142798933548e+00
9.535846849709281869e-01
1.046703643072676160e+00
1.047843362983748250e+00
8.103658206095885053e-01
1.108952864035735342e+00
1.189076034432156703e+00
8.921769389903482228e-01
