8.744702113006478372e-01
1.158166235560962987e+00
9.163409669852038419e-01
8.725899397541079239e-01
9.680318474119000705e-01
9.520867236177277260e-01
1.104751587885576036e+00
9.055097766056519060e-01
1.073385680713022428e+00
8.747760904914099189e-01
9.280668524855919532e-01
8.892346476210508666e-01
9.881855080580520534e-01
1.067439284968849211e+00
1.084986044891972368e+00
9.733772401097029459e-01
1.152880104086839497e+00
9.070942289469463571e-01
9.259344155961263256e-01
1.147501385064523038e+00
9.037643626226792293e-01
1.046603462340391033e+00
9.762497315401703624e-01
8.904369315173409349e-01
8.088122749390881383e-01
1.213228771992330479e+00
9.346088972132473582e-01
9.435423380206289234e-01
1.087048180716998713e+00
1.002640807589218142e+00
9.666738916184873798e-01
8.479092613525298638e-01
1.116088121723139537e+00
1.077563918627818307e+00
1.092917263847212439e+00
9.634259685961796826e-01
9.777677746162118932e-01
1.191798497539326762e+00
8.892329636413280891e-01
1.130193861778725273e+00
8.283706019086933825e-01
9.508329175750889206e-01
9.777574428892736869e-01
9.526745394355884411e-01
7.915312264253864249e-01
1.040167529611481179e+00
9.431492982494955601e-01
9.259384817104154841e-01
1.046983856340446106e+00
8.073705339715983031e-01
8.652125511804318325e-01
1.107623492995552184e+00
9.827148268862480052e-01
1.026123415752333567e+00
8.387273524584674123e-01
1.026175542091673609e+00
9.123408511168547008e-01
9.975559547447266917e-01
8.981351218294786332e-01
1.020225393585728391e+00
1.041113271570985876e+00
1.092640243801378475e+00
9.987256785418954230e-01
9.750118449133979848e-01
1.052548007624804383e+00
1.120302267670063578e+00
9.322491089072542092e-01
1.120288896310197790e+00
7.997961038281138357e-01
8.538631587432898851e-01
1.102843532678211114e+00
9.895841189003897753e-01
8.427720285258111232e-01
8.855871381906976758e-01
9.082321645284383571e-01
1.139698660744131509e+00
1.027877065769848164e+00
1.006157312067914145e+00
1.039918788193691768e+00
1.010503054707394766e+00
1.215104367708282451e+00
1.003173934783731180e+00
9.594873967490580302e-01
9.600630946854296077e-01
1.064374878692802673e+00
1.067377761528994773e+00
1.139085098606568591e+00
1.007437048642941368e+00
9.794684754463385268e-01
1.018045509818623184e+00
9.713559104436577663e-01
1.128324030534015865e+00
8.685526138157588782e-01
1.032076607697433257e+00
1.151551651774206597e+00
1.160849086409863062e+00
8.839060199702264420e-01
1.149262783674137367e+00
1.057682317065451905e+00
1.179987713623513956e+00
9.809334258995947575e-01
9.162056980027160069e-01
1.097018365454998756e+00
1.087247482313334901e+00
1.030267699154060468e+00
9.565701888376839657e-01
1.162922817806368636e+00
8.305641847081777218e-01
8.797799017905796326e-01
9.804011991032639539e-01
1.035988395599903411e+00
8.566775156428021454e-01
1.158969203811849535e+00
9.066290329365155332e-01
9.266805053741138387e-01
1.005917365591396440e+00
8.671164728719671366e-01
8.468505428787673761e-01
1.010799870029541081e+00
1.147488019848409202e+00
1.031995155545413656e+00
9.669323755876723103e-01
1.101917206156990181e+00
1.035279545967721759e+00
1.036927238072444357e+00
1.030684886473033579e+00
1.106599518315878550e+00
8.915864193611389155e-01
9.665359883354577297e-01
1.083391337289110634e+00
1.078471539465362117e+00
9.259975705800882473e-01
8.567400521883570264e-01
1.214635848395403173e+00
1.022242399505570276e+00
9.719563237443156201e-01
1.173838466785991574e+00
1.055748866291874810e+00
8.458597597754239361e-01
9.918014074587336859e-01
1.220131092364758363e+00
1.035832094305635609e+00
8.748887267124034750e-01
8.490385239561166753e-01
1.083816523501415885e+00
9.441631103926615420e-01
1.014982556068304120e+00
8.882670563002768027e-01
1.039960894354399645e+00
1.009300819824743067e+00
1.025065197961732899e+00
9.046988848914040426e-01
1.077525867253798397e+00
9.991458016559772171e-01
1.025363745249496139e+00
1.115805786898033336e+00
1.143365272624624396e+00
9.509055744406628152e-01
9.760738567863800341e-01
9.670513062520913472e-01
1.075668042998749963e+00
8.549601564645638030e-01
9.593980649335156485e-01
1.131292420243053876e+00
8.684387334915882883e-01
1.122772308336681402e+00
9.041762221744957806e-01
9.688639106775015497e-01
1.046100180063487040e+00
9.691831268170360003e-01
9.838591137141811105e-01
7.996531707582308357e-01
8.464162255826228609e-01
8.941095788613074857e-01
9.939596097820205811e-01
8.894827877893642931e-01
1.051201501780653746e+00
9.870624682851467657e-01
9.775012879604101368e-01
1.062930227674498074e+00
1.074768446890023599e+00
1.089852043787643776e+00
1.143864146405241922e+00
1.011765464569625905e+00
9.256929133525241271e-01
9.703840432434902574e-01
9.683870923911722661e-01
1.212112116409215901e+00
9.871749786111108094e-01
9.730809282698075213e-01
8.891650880753187991e-01
9.815823466620847704e-01
9.360688339220826215e-01
1.084024157772671026e+00
1.047639549443987184e+00
1.111997418191266407e+00
1.077073132456348725e+00
9.420244978546176151e-01
1.179013953143083882e+00
9.990272919946066033e-01
8.453991252629289299e-01
1.070866352375784647e+00
1.029738257824251546e+00
1.056828218126869778e+00
8.770338902466513487e-01
1.039142558644325032e+00
1.036359097441093224e+00
1.103370350083227036e+00
9.550535832070897735e-01
1.019509502433575188e+00
1.042667778884675212e+00
1.028217799761866225e+00
8.924796003823999291e-01
1.124069466138912565e+00
9.639072393122138926e-01
1.025062905356469711e+00
9.419852564654308535e-01
8.963155693269250213e-01
1.035434704738416700e+00
1.124182851756073243e+00
1.210322820165658175e+00
1.057796917570079653e+00
1.133963405476170916e+00
1.070298906891442359e+00
1.053716710831311687e+00
1.071556415775781090e+00
9.656656811642710947e-01
1.043933421670291795e+00
1.225278627951218668e+00
8.572734490611089164e-01
1.138448502314594935e+00
1.003218130734884195e+00
8.805878632198835820e-01
9.521899655170322774e-01
9.309312908524358665e-01
1.028426966200103765e+00
1.000673413196462080e+00
1.061470974819919144e+00
9.715967545332697686e-01
1.042483542987453937e+00
1.011126478148650865e+00
1.005780767720235724e+00
1.072653178223556658e+00
9.451894242776821553e-01
1.037105336975925329e+00
1.167749411817487371e+00
1.059461456061890683e+00
9.599167343332277724e-01
8.493293655115610186e-01
1.032878076110885335e+00
8.585878886543201194e-01
1.122092707415382584e+00
9.440740086118328822e-01
1.189887275059237970e+00
9.999202981136874335e-01
8.941825074450653332e-01
9.342979031526159606e-01
1.087403362135642038e+00
9.825687998800387568e-01
9.645730418092635094e-01
8.836510153292274072e-01
9.433797307827733736e-01
1.132983321697598411e+00
1.129039523869141304e+00
1.078217281928298021e+00
1.111457063019891889e+00
9.469840899597258277e-01
1.135662642733285654e+00
1.102591008798115446e+00
1.064644027426308481e+00
1.111397645281080537e+00
8.337158440396255088e-01
1.029194786599213485e+00
1.134992436165793483e+00
8.124614255539901464e-01
1.114053242262121213e+00
1.023790749785838283e+00
1.131687486527609643e+00
1.032915072349655849e+00
1.111778718740416450e+00
9.766165312789046871e-01
9.064366925170288525e-01
1.175325041210034671e+00
1.160180526662296874e+00
7.792735894173077327e-01
9.909340628340512769e-01
8.432546374435647696e-01
8.708700460263858467e-01
1.054923426150417454e+00
1.126294596549942906e+00
8.874296072951262104e-01
1.131544006036305339e+00
1.091067556004128081e+00
8.603415021852873767e-01
9.247389562271811636e-01
1.098351248149857406e+00
1.208575661534370127e+00
1.118191632677003167e+00
1.047974119557582462e+00
1.062325775234029379e+00
7.669695029178618118e-01
9.547024793672842513e-01
1.169463119460879552e+00
9.860083717643270962e-01
1.031728103939466790e+00
1.058086775883000374e+00
9.944675981497442807e-01
1.136603969535023406e+00
8.850467802499841774e-01
1.106700847324885606e+00
1.047590270379507027e+00
1.011665793419035619e+00
1.152529663972698515e+00
1.165597921367204082e+00
9.558299296586993954e-01
1.089745664122462987e+00
9.465552084604075267e-01
8.573366262264852100e-01
9.422442894127767143e-01
1.075501447603093075e+00
9.713955253670759626e-01
8.114256820047378582e-01
1.000631051937649563e+00
1.132746024624193826e+00
9.280096185301505152e-01
1.181255093996720795e+00
1.175247614009301556e+00
1.077712403679380815e+00
9.687552461409431048e-01
9.100425891274626089e-01
1.032911962605908007e+00
1.177539533464089239e+00
9.810574755326901819e-01
1.089256255242952776e+00
1.027401558001181936e+00
1.021141092146145679e+00
1.009763483293943942e+00
1.014428173570987246e+00
8.950016153290311083e-01
1.012621846511147172e+00
8.600031285737856912e-01
9.299823250854332146e-01
1.044042253992631286e+00
8.307910796441499990e-01
9.243623451094094001e-01
9.281731026955175601e-01
9.130770234743847968e-01
1.091238213838551907e+00
9.453192398332015411e-01
9.747651103594396904e-01
9.685979205538576275e-01
9.143623753486624928e-01
1.000396838181769610e+00
1.060436635292985708e+00
1.119574463627355243e+00
1.098650061279157875e+00
1.071079493408204186e+00
8.721163587907259096e-01
8.462667792541236356e-01
1.045535857483267161e+00
9.657643138092016910e-01
1.063994420153367093e+00
1.149141534659752883e+00
1.141798441834338318e+00
7.984552107598902326e-01
8.660030603034660768e-01
8.532831782305053681e-01
1.199861881044901546e+00
1.002154158132281481e+00
1.041008389211465435e+00
7.883519347273042488e-01
1.076309702203260166e+00
9.487589362014884342e-01
1.043583357854569460e+00
1.231334009058790979e+00
1.107464923292019288e+00
9.368016081451228105e-01
8.352875768933156753e-01
1.046899318122555433e+00
1.036501401867573335e+00
1.068120416174642706e+00
1.128917784995285833e+00
1.187715651256483262e+00
9.577886081454695111e-01
1.204245492006770668e+00
8.042411555466393303e-01
1.031561337071996487e+00
1.096697271987564948e+00
8.158449608120172947e-01
1.005523689471372606e+00
1.165169522271092051e+00
9.603131082131235452e-01
7.826500915951424275e-01
1.094161118213222039e+00
1.070524039069017608e+00
1.078784571818434346e+00
1.083191229004898837e+00
8.529023510731412738e-01
9.287886583182944911e-01
1.121174128855051411e+00
1.051451671016496947e+00
1.126936672005869111e+00
9.919753873907929398e-01
1.067602030080204489e+00
1.095081809175790788e+00
9.361619638452700620e-01
9.333702261777696574e-01
1.175824277181677369e+00
9.687719656105261423e-01
1.093037100050804789e+00
1.115686316335929185e+00
1.124168472841630351e+00
9.382296340420589464e-01
1.021261036354950580e+00
1.013042706610228993e+00
9.114451259533618011e-01
9.727548172504287827e-01
8.492342710204324741e-01
9.462459157081464234e-01
1.027350273166321992e+00
8.830593046688388625e-01
1.122968954908781791e+00
1.040197338475681299e+00
1.123675011196503037e+00
1.055581361754395209e+00
8.558659733310247653e-01
1.007974810491470752e+00
9.174842425482383490e-01
1.137586873257270925e+00
8.285680344298244071e-01
8.812962761467771911e-01
8.698043236936345846e-01
1.012504784997786178e+00
1.063461556948447573e+00
1.011903553275085299e+00
8.352919329988406361e-01
8.489895215927021344e-01
1.114428477010129814e+00
1.040535634286883671e+00
9.467848787574792979e-01
8.785946242089917035e-01
1.150086901980130971e+00
1.119633770647648241e+00
9.493355019372133885e-01
1.068601871040508300e+00
9.000978334502374167e-01
9.196237143046578355e-01
8.834480690828201421e-01
9.511944802250908992e-01
1.137274120305631797e+00
9.871694962893996506e-01
1.010631046639633102e+00
8.935843696536212022e-01
1.209356629752705636e+00
1.043012540592411774e+00
9.524112637017860816e-01
1.104690414557749634e+00
1.105858521493997992e+00
1.029200235980965994e+00
1.101455021867027373e+00
1.001412156879744941e+00
9.430602640740168852e-01
1.131096657291948970e+00
1.218509799437899943e+00
9.243055813899003770e-01
1.077864903682510755e+00
1.038845663914327977e+00
8.817832747890975709e-01
1.166052865503182545e+00
1.010777072271404009e+00
8.699885992186613404e-01
9.320312138829076609e-01
1.138627265531171773e+00
8.898289316466387877e-01
9.681791446003600310e-01
1.011448734995232579e+00
1.027194861707951823e+00
1.056848094140500072e+00
1.087646927412661668e+00
1.032281863866001181e+00
8.369832334552281816e-01
8.800340772302238657e-01
9.016658462249951267e-01
8.315339747283254646e-01
9.292889603790777109e-01
9.515514738186108268e-01
9.963231789485275103e-01
9.389645569598950026e-01
1.001976089189576369e+00
9.882069464812510695e-01
1.156786355572531066e+00
1.118309135942787247e+00
1.170058182818164649e+00
8.891761922149935549e-01
1.041086312971793104e+00
9.373700821155722673e-01
9.643663629606534782e-01
1.037516462273508688e+00
1.171478504176931779e+00
8.311361387913775989e-01
1.063148557968779606e+00
1.013639367859687113e+00
1.028427979825238925e+00
8.142404827290850022e-01
1.090747489398966152e+00
1.063974530121843287e+00
9.046258845872684473e-01
9.235138899833417181e-01
1.013326254234915069e+00
1.129938774466902274e+00
9.163797593144928921e-01
7.827842077669263654e-01
9.742354968952943173e-01
9.582842798668880224e-01
8.809878638136405815e-01
1.088959245065862502e+00
9.241897498387838805e-01
1.043054804832154403e+00
1.103304088584842413e+00
9.549589195303891387e-01
8.835794308599511648e-01
1.051298441188451616e+00
8.706253812046207408e-01
1.104343306302889571e+00
1.154238416312458604e+00
1.032515911188588653e+00
1.026856483051948432e+00
9.630515404561427184e-01
9.778383386286721990e-01
9.402674842120656296e-01
1.177729975973202059e+00
1.107494748609381574e+00
9.412052763289302515e-01
8.887129991790687633e-01
8.248171400371799855e-01
8.870248105438685027e-01
8.308955376328865938e-01
9.395619950501213902e-01
1.030714346969679784e+00
9.994338064330067217e-01
9.819201565673368881e-01
9.426627859641321105e-01
1.058950894099642381e+00
9.719355702920833284e-01
9.866296963427119149e-01
1.164614582492818240e+00
1.028245971109457368e+00
8.800860713787894696e-01
9.796736445067391053e-01
8.578226102429307165e-01
9.324287221203646503e-01
1.077789573249862576e+00
9.911379960411634826e-01
1.063389017463850506e+00
9.775928734392197450e-01
9.663610946437986016e-01
1.132954122585534407e+00
1.015910056594181654e+00
9.698979923866111186e-01
1.074892034804796337e+00
1.040894784549226237e+00
1.167454463828354383e+00
9.671953190754480900e-01
1.149182639010964513e+00
1.109329455543419218e+00
1.140422857181911276e+00
1.152320543764013383e+00
