9.670291562743018599e-01
9.435788308559613924e-01
1.102646835162232497e+00
1.010610579483189220e+00
1.108795921039561705e+00
8.784096523718452065e-01
1.160668869754763577e+00
8.852114619326314493e-01
1.026755808700747785e+00
9.436072889979770784e-01
9.866011580535553049e-01
1.061575038017767314e+00
1.053774199880504359e+00
9.555696822439456728e-01
1.164187632069560774e+00
9.981915350096528528e-01
1.125107046595362981e+00
8.391245785219059172e-01
9.515168730476071257e-01
8.802777488897532976e-01
1.009859416100892693e+00
1.117835758592703677e+00
9.806000908693079943e-01
1.023630474588315797e+00
8.774040106056808508e-01
9.544683645939235905e-01
1.034279377213754625e+00
9.171410854939001656e-01
1.025454678502951467e+00
1.106189204844109319e+00
8.430376506419250404e-01
1.001382542808318288e+00
8.486558505772472394e-01
1.053747462069991148e+00
1.079868285007181905e+00
1.008844770778113187e+00
1.058832559438779963e+00
8.233196280625983965e-01
1.103229928477659438e+00
1.115519396487479442e+00
8.984519509559243389e-01
9.314359076564660000e-01
1.162050179329104926e+00
1.144657490815457646e+00
9.120792805969746286e-01
9.768659303739225530e-01
8.211784286499472785e-01
1.105028129786703506e+00
1.191711292788466992e+00
8.491958872905633893e-01
1.187901033667300599e+00
1.024210448919315786e+00
1.043657864538104274e+00
1.182955505372933702e+00
9.702729689275462199e-01
1.111576033552901466e+00
9.868194779028881536e-01
1.037562803096475861e+00
7.811144539192951264e-01
1.107310964792401098e+00
1.017587829838110025e+00
8.631504907858973397e-01
8.591802979022391540e-01
1.035112481123798833e+00
1.048956843831592156e+00
1.051428992349653591e+00
9.460717151433721828e-01
1.026257239539940080e+00
1.011064923821440864e+00
9.727125885892203838e-01
1.053571500361053737e+00
1.040228894173281127e+00
1.066603828165807011e+00
8.485245354285247954e-01
1.103987499765004099e+00
1.005722074348752271e+00
8.344142086756394239e-01
9.583102661825748658e-01
1.093207360206176038e+00
1.142265019281508032e+00
1.055131791814982511e+00
9.287796190365527060e-01
1.015663318341179178e+00
8.720824988703709257e-01
1.102063801430957390e+00
9.292753810161153982e-01
8.804470556741252896e-01
9.486429700967389245e-01
1.115931794836098279e+00
1.036329549380854642e+00
1.053683746905731189e+00
8.674951103483153902e-01
9.589307252399862369e-01
1.063224600115467933e+00
9.794924219795414500e-01
1.067838962631111333e+00
1.051783991915182792e+00
9.610423392785341079e-01
1.025574556108003854e+00
9.417925217088103373e-01
1.102498161498234097e+00
8.437752387215571304e-01
8.372437710614191175e-01
8.441884914266406525e-01
9.092290945826799753e-01
1.038721931304819934e+00
1.153097440592808276e+00
1.019987055395273678e+00
9.476246150204147289e-01
1.149696534747854937e+00
1.016780101476923992e+00
1.064378896060885316e+00
9.616835184640040168e-01
1.090676571069515877e+00
9.853726983131128048e-01
1.068526429168493053e+00
9.065124135834063956e-01
9.031108704078347760e-01
8.725305406182820578e-01
1.073731016125146320e+00
1.152989299199889350e+00
9.997128997489566071e-01
9.589642072100347248e-01
1.180287750716368045e+00
8.868216963762938221e-01
8.447850416888106340e-01
9.241072477533449625e-01
1.053691948952932167e+00
1.157649973392907317e+00
1.115780690020047761e+00
9.619118205893462115e-01
9.372051862629577901e-01
1.087039275126551408e+00
9.125379333377759972e-01
1.129663828841569684e+00
1.159389832777484752e+00
9.817453083419895865e-01
8.826946918020628363e-01
1.043384217556182048e+00
8.934013614602137610e-01
9.825999141470083131e-01
9.764427970507951748e-01
8.635525754109358854e-01
9.141225819151692633e-01
9.088581903371618642e-01
1.000039610722886163e+00
1.004889537053053505e+00
1.095442997263518903e+00
8.824196056501298902e-01
1.148230452911676913e+00
8.705552409532701930e-01
9.758522983985919996e-01
9.740382740737203449e-01
9.689044897194509787e-01
8.851658376090317804e-01
1.131462001458676481e+00
1.084529935048026639e+00
9.973834197984006167e-01
1.202885687303217210e+00
1.132197214721582190e+00
1.072390355074481993e+00
1.129865824662126039e+00
9.181276696101620116e-01
1.078047293272856422e+00
9.851820226917235024e-01
9.368446126746534652e-01
1.108104914560999354e+00
1.135275469880397958e+00
1.036516440436581643e+00
1.024981717671671122e+00
1.039796934883385093e+00
9.173028923005199786e-01
1.128895593008780729e+00
8.837655993449990977e-01
9.367190002191406739e-01
1.063464873448493719e+00
9.701014762099718913e-01
9.226098061029464059e-01
9.715592852254509859e-01
1.163613022799525387e+00
1.029760943889903579e+00
9.280469994822209134e-01
1.056191348198777913e+00
8.730927823600329596e-01
1.112705988870720919e+00
8.404227952837447502e-01
1.064769396748492358e+00
1.183637109518651309e+00
9.762297538163919874e-01
1.083864483081126151e+00
1.058611612346941788e+00
9.888019576728523941e-01
8.160561219352908680e-01
8.162758061209676175e-01
1.100181335493735313e+00
1.009830158264510835e+00
9.623192261070507847e-01
1.131323256810664146e+00
1.036486803595793482e+00
1.071092795143924636e+00
1.110461277567473592e+00
8.382575809279214640e-01
9.664875440523701400e-01
1.142058196873805720e+00
9.807450760454130556e-01
9.143871684394920818e-01
9.617567721567918948e-01
9.294044298764272405e-01
9.064674982563132311e-01
1.113375301209038826e+00
8.286564408936496484e-01
9.338023401671957657e-01
8.877534720338005059e-01
9.279236125172181104e-01
9.260404680645617503e-01
9.753736241749741964e-01
8.863190900356866520e-01
1.104827961962935312e+00
9.995543727592124394e-01
8.957002935217764916e-01
1.108817365164888047e+00
9.879250661459806349e-01
1.009426305188449113e+00
1.009085828346960367e+00
1.044500976245302803e+00
9.225200032936764494e-01
8.300674438889901197e-01
8.109657864279795625e-01
9.751900686384828987e-01
1.057728167232060423e+00
1.102814398941445395e+00
1.112166335470289535e+00
9.290113593191560160e-01
1.013559884380009324e+00
1.109504333757593608e+00
1.070778670151503409e+00
9.678374302737520196e-01
8.954605850219021779e-01
1.092649744154408742e+00
1.143919565117554216e+00
9.726353275822624544e-01
8.363168517325031415e-01
1.165866418632955037e+00
1.104315086195812423e+00
9.043520781441447554e-01
1.044362153316223951e+00
1.081767662411732056e+00
8.976270227236167187e-01
9.144463022303648270e-01
1.015333975485009699e+00
1.094778989380146728e+00
9.412191561533659323e-01
1.132696778197052723e+00
9.106945233737420153e-01
9.975217985995912251e-01
1.056997685084310135e+00
1.162843926994212129e+00
8.765531123354415310e-01
7.808676513037310363e-01
1.155782080986569982e+00
1.156780520666375489e+00
9.574927062986446913e-01
1.163948672990152922e+00
8.982114215755581110e-01
1.020325254770196644e+00
9.248986780796922824e-01
1.106648959440977853e+00
8.976043610617847612e-01
1.147710547316775909e+00
1.092454107095661930e+00
8.948913059106908818e-01
9.232251190918332462e-01
9.211539554389909235e-01
1.057978958243106726e+00
1.127942397899394988e+00
9.309542216306461171e-01
1.091455248937758915e+00
8.539192133457453870e-01
1.079759436349991386e+00
9.943171124773682035e-01
8.573459281862467751e-01
9.906710157510658643e-01
9.394654868029643779e-01
9.548397474004413077e-01
1.147613440787558670e+00
8.380625503823307954e-01
1.046065995965773432e+00
1.140307653301991353e+00
9.653111159570300082e-01
9.193518309345570794e-01
9.327084227469362165e-01
9.714665747848585386e-01
1.065564296646938303e+00
9.459813039386113509e-01
9.993172127646473557e-01
7.886279143461916163e-01
8.036066436870981100e-01
9.966299179808568720e-01
1.140723896692467099e+00
1.016873337392023346e+00
9.688890598345690774e-01
8.460786587057409491e-01
9.614931658819609872e-01
1.100207038304055640e+00
9.499250037600717178e-01
1.092127531151381614e+00
8.595158943967746712e-01
9.360069069069012482e-01
9.566589452809306504e-01
1.194536835275308073e+00
1.042605478333244573e+00
8.387789197330208779e-01
1.098396690307387846e+00
8.927825031216183316e-01
8.685368962232271617e-01
1.146190784525625395e+00
9.615581549402489880e-01
9.577578894739162685e-01
9.707925152597355334e-01
9.878443674342467506e-01
9.492183678215702081e-01
1.169393851535233342e+00
9.169072516138545570e-01
1.122824336718544869e+00
7.999756017886204829e-01
1.061153080330293319e+00
1.122788722384900462e+00
1.061864234020675202e+00
1.117106851208875540e+00
1.060351661622752406e+00
9.961381934891258005e-01
1.092899995922504086e+00
8.162455326043118742e-01
1.030173240685547054e+00
8.596140824044524731e-01
9.695779742420908009e-01
9.960201604145937360e-01
9.761606311554766879e-01
8.984657706639509467e-01
8.125706740641037706e-01
9.516998366229224571e-01
1.042885372669788868e+00
1.002377011712301202e+00
8.654368407428361110e-01
1.089232876690518381e+00
8.911411913606679391e-01
9.034781879490549894e-01
9.335236819001051511e-01
1.025943184677830855e+00
8.787287247100552534e-01
9.707977349060308292e-01
9.685114663574704297e-01
9.470638726428119991e-01
8.417381684651228380e-01
1.135032466766105808e+00
1.091427709183947936e+00
8.743634930814991879e-01
9.172562097995273778e-01
8.890748078397010534e-01
7.962803627522657690e-01
9.046338370950266494e-01
1.013787599327564015e+00
9.629447453247625965e-01
1.020610637289323996e+00
8.486012343667012070e-01
1.038582339251358233e+00
1.103593779244131712e+00
1.107463166152568457e+00
1.046093105844021043e+00
1.144360980305747066e+00
1.039366731559870471e+00
1.035536151040761688e+00
1.051982935712975298e+00
1.062807181636526099e+00
9.318633750722471465e-01
1.053263895941852768e+00
1.102373188849976815e+00
1.052083207019285371e+00
9.392409926117881724e-01
9.118726539999058023e-01
8.997942899805606576e-01
9.238320370078622057e-01
1.044688552972112827e+00
8.711530574045056596e-01
1.064037455542821142e+00
1.197546426863800306e+00
1.110631221237874833e+00
1.095867166948331306e+00
1.105529795733236842e+00
1.120928580085683413e+00
1.031016601735226690e+00
9.843314152551516649e-01
1.032599230350114361e+00
7.935140949759424966e-01
9.125586329583117440e-01
9.535785701423089566e-01
1.100999441484403096e+00
9.488530495400704368e-01
1.097382792754771907e+00
1.156839083813996361e+00
7.852788836012647433e-01
1.012239722546021348e+00
8.509103873013195152e-01
9.838956815576840320e-01
8.956792901117344163e-01
1.142829218567993799e+00
9.580383803525900355e-01
1.131041859085565759e+00
1.050708531174200377e+00
1.045002349447342826e+00
1.117440654072792139e+00
1.105059940770065863e+00
8.974247605980805176e-01
1.001882222958965674e+00
8.570843508713146264e-01
1.026860288650055741e+00
9.793643912849179234e-01
1.116733585898507686e+00
8.099665981929691227e-01
8.210766713440549314e-01
9.967865365914800879e-01
9.664928115719768620e-01
1.099001034827935985e+00
9.048425733181952868e-01
9.902923882713440262e-01
1.067340690186402430e+00
8.970036855795715525e-01
9.523701088372764634e-01
8.504608335586664181e-01
9.124662832973393645e-01
9.260234021698116047e-01
1.135627539564652899e+00
1.021032782081048751e+00
1.146380772557520356e+00
1.042513035557547596e+00
8.898251489420514471e-01
1.194377684635259618e+00
9.235604453826863347e-01
1.076168719046596500e+00
9.878579511419027792e-01
1.065889903229045643e+00
1.020882663142713920e+00
1.043571708358270067e+00
1.215149895398713431e+00
7.894452469976569464e-01
8.817180914131514946e-01
9.529200385034983789e-01
8.599690387000309411e-01
1.017841720927214588e+00
1.176444594020373158e+00
9.850606456493565810e-01
1.003621417116838499e+00
1.082370337284358719e+00
8.767293183890927377e-01
9.684125206386593465e-01
8.908761659609153449e-01
9.575368132958661516e-01
1.028282214586040189e+00
1.115572771772553207e+00
8.495751132711687470e-01
1.187858705384015501e+00
1.155508668386673321e+00
8.451218487490712583e-01
8.927543202141399181e-01
1.108310684384212985e+00
1.130840263394188083e+00
1.078165356545417009e+00
1.110346621197893402e+00
1.110797758177921590e+00
9.713011862741924851e-01
1.073159955791629594e+00
1.022667955106124182e+00
9.792004327243772899e-01
1.120307917025147981e+00
9.184048340602162241e-01
1.097477981829296123e+00
9.948040639694410991e-01
9.452883519859226480e-01
1.125127290131136437e+00
1.009230673268733058e+00
1.044830331019118264e+00
1.075667524502988748e+00
8.731765916902769487e-01
9.412165778968151209e-01
9.102153328964310841e-01
9.689497628315546507e-01
9.617822791374350810e-01
1.151826690299127653e+00
1.068103355373828167e+00
8.796149073901415871e-01
9.086855411556244988e-01
8.555049913826573427e-01
9.816403228058490082e-01
1.098660507713469459e+00
9.824474733223927947e-01
9.167424852687928727e-01
9.927722663539070291e-01
1.028586389561974013e+00
9.241775628338098070e-01
9.548232106291854038e-01
1.175382248994156775e+00
9.729160838751360618e-01
1.011776327015930121e+00
1.000641146978342721e+00
9.842747728208034452e-01
8.687718187949308168e-01
1.123930680831437767e+00
1.105116208825957846e+00
1.011098053796923635e+00
8.173852808638712997e-01
1.107277371934737076e+00
1.054966050432907920e+00
1.023844726234112157e+00
9.641445114546557393e-01
9.073034096671580562e-01
1.023028267818281156e+00
9.174045959103289682e-01
1.058569083565557900e+00
9.935675125541063579e-01
8.284566813870805069e-01
9.775460484108888792e-01
1.204217638184606587e+00
8.802255117446367016e-01
8.834595577955353107e-01
1.069687549764704038e+00
9.731748480783353195e-01
1.046722279665629918e+00
1.141973306985106795e+00
9.274157684758395082e-01
9.756634205848333519e-01
9.007430828411080448e-01
1.065029541198475593e+00
1.234702015443145173e+00
1.207958733018167363e+00
1.051442423749146426e+00
9.730448161671994001e-01
1.014139676140568103e+00
1.184005537474270620e+00
1.124791575780576425e+00
9.621762628918837379e-01
9.612056760680185441e-01
1.171439579371663431e+00
8.285831525305378253e-01
8.491368231523485077e-01
1.101365646867956238e+00
1.012694664424890867e+00
1.060302208369904520e+00
1.186212767070700114e+00
8.624994841017550318e-01
1.207594222257924343e+00
8.630392807705680180e-01
1.073334820545561730e+00
1.145095842855118784e+00
1.000391578616165678e+00
9.673208246727227344e-01
9.153443517744977997e-01
9.454134811562406870e-01
1.082913914923948617e+00
9.918848951829704053e-01
9.624492641717684593e-01
1.002075455087823252e+00
8.916560207470896060e-01
1.057943653949540597e+00
9.469767008760858751e-01
9.923173337118892379e-01
8.469522366394334201e-01
1.127903321876263742e+00
