1.029720096689357822e+00
9.033258986629166820e-01
1.146109428644161987e+00
1.098717435933579845e+00
9.447296262533370070e-01
8.470588141833970131e-01
1.070312817257487836e+00
1.130748448984245869e+00
1.025516712685923038e+00
8.930424699515195908e-01
1.161581545453457709e+00
1.192606540495301459e+00
1.048707971245522508e+00
1.093034592723815202e+00
1.024915279054807726e+00
1.064923135047071368e+00
1.126863428211015705e+00
1.011683344679525476e+00
9.017978951769232143e-01
1.136049755558753205e+00
8.120039973950654577e-01
9.474854846561737709e-01
1.153544994457391892e+00
1.099491780482143799e+00
1.157431344248201821e+00
8.750930557098707263e-01
1.086800053481019823e+00
1.058191248220759384e+00
1.125730075130875418e+00
8.781736420005157306e-01
8.601968157506352242e-01
9.700718925108213764e-01
1.096047556157922376e+00
8.969288032975916147e-01
1.092668670524670205e+00
1.046930703820830866e+00
8.986761441550050744e-01
8.580381184632112079e-01
9.060940602349063511e-01
1.103398569299010035e+00
9.526428921235048364e-01
8.300326898494283512e-01
1.020218179817345305e+00
9.458253291914537897e-01
9.835272135204031763e-01
8.680574572197881089e-01
1.090251952985740402e+00
9.555211236335132696e-01
1.128420076343933154e+00
9.380286625137003176e-01
1.018653189197513687e+00
1.002808040462286110e+00
1.008840489887783853e+00
9.837856473688431080e-01
1.018246869673717692e+00
1.101318781247719869e+00
1.034798532905572443e+00
9.908404015824825439e-01
8.393696190240935717e-01
1.141205471338005317e+00
8.275789830261950364e-01
9.824298460210012518e-01
9.267743631001288396e-01
1.106923527520665473e+00
9.125895120181850562e-01
9.733773981709190615e-01
8.300152083515897061e-01
1.020245523535466381e+00
1.001025251888552736e+00
8.824837497143522835e-01
1.128502170318873343e+00
1.010217051610140748e+00
1.074912753401705334e+00
1.042030471876527198e+00
1.043013006641556162e+00
1.017644953759395232e+00
1.222805768629756651e+00
7.681973498256823296e-01
9.248141285788411547e-01
1.084933152741175189e+00
8.465027920978165366e-01
9.517902438725155401e-01
8.260516086180227369e-01
9.101692923958228931e-01
1.140069203351547822e+00
1.208373442690130473e+00
1.088753633609205629e+00
7.742053574599017107e-01
8.435552518276829836e-01
8.293019778466983460e-01
1.075715049175421711e+00
1.115849719502241655e+00
9.803532998283004396e-01
9.486250180206097227e-01
1.180041912569209206e+00
8.331315520812144770e-01
9.531982613106990687e-01
9.958359622591144156e-01
9.521012759293521199e-01
1.075706039635739408e+00
9.867290082329991385e-01
1.020615954642056566e+00
9.645586680696979220e-01
9.775936066594232976e-01
9.633923955667542671e-01
1.054016611491434219e+00
1.203665781264240620e+00
8.492633373803858410e-01
8.781676363057340229e-01
1.091547656407888089e+00
1.026188939141370549e+00
1.113505484991287764e+00
9.526302726664825915e-01
1.115828841151176753e+00
1.013694601689612895e+00
8.607421819345506542e-01
1.181422178018495028e+00
9.233108498039530598e-01
1.017258974974224239e+00
9.470547658839695293e-01
1.059078456246144606e+00
9.278744137830519101e-01
9.880433204490334242e-01
1.115593315197802582e+00
9.733429827833048886e-01
1.036925804143497221e+00
1.062491026949938133e+00
1.065779990036539004e+00
1.119749435688948580e+00
9.256622876102347242e-01
1.233264535576275023e+00
8.882493136659408428e-01
9.871603980977223802e-01
1.138285310219347313e+00
9.392679246082890065e-01
1.073643453056049690e+00
1.233450460765978640e+00
9.432780754266176793e-01
9.564883542534555749e-01
1.054595359793738751e+00
1.166038674013896603e+00
9.347962446562845251e-01
8.539751385128275807e-01
8.458678870806610739e-01
1.219518011980330163e+00
1.019360635508860913e+00
9.878253343648225604e-01
1.146595188598793058e+00
9.224521452541947220e-01
9.778564272595132723e-01
9.571426069056575558e-01
1.030997078333027561e+00
9.885662440203100143e-01
1.040504305698772169e+00
9.245182738072736939e-01
9.417568022076682199e-01
8.404952315545516361e-01
9.500023883622681353e-01
1.102811291168233954e+00
9.065088883855419999e-01
1.072551415556637577e+00
1.153239984813263286e+00
1.038569889649316735e+00
1.124263796594958453e+00
1.055185858603609139e+00
9.748950344087246034e-01
1.187154327680195021e+00
1.069927802216565471e+00
1.056855753980629808e+00
8.762019642980514167e-01
1.096049589381606904e+00
9.280538587774391779e-01
8.114760010323078809e-01
9.430398317531747399e-01
8.621741757412686447e-01
1.032457637871524225e+00
1.042342226549407780e+00
8.799415089150427471e-01
1.013372489526484177e+00
1.018777196847857613e+00
1.071226186498547950e+00
1.144384428660722541e+00
9.775666761638900359e-01
1.173278841762426472e+00
1.086960141694121029e+00
9.146110847278885458e-01
1.057295134990462016e+00
1.199410636186520662e+00
1.044105614309236651e+00
1.119093023767320449e+00
1.068214521361380509e+00
9.955362726783441030e-01
1.096823512061859907e+00
1.084528214252072242e+00
9.271260839348085536e-01
1.026148961438441365e+00
1.058730725384511961e+00
9.901933265243145765e-01
9.829700649242472110e-01
8.414253340328655684e-01
1.181434117606152912e+00
9.894012512159783279e-01
1.144544002316369324e+00
1.008121486855864779e+00
1.109412408008340512e+00
1.030611034752133781e+00
1.081971110538471503e+00
9.323808137481627289e-01
8.345690479503066195e-01
1.030637049546753614e+00
8.570760885823527353e-01
1.074395963683919764e+00
8.669394664510130522e-01
1.050124781153852105e+00
9.733506908819347103e-01
1.038750059879884446e+00
8.145378286779595411e-01
9.999095475259232035e-01
9.920002298372405658e-01
9.522884983944192028e-01
1.078448085634998721e+00
8.984045660523356513e-01
8.446311040601632847e-01
9.339448989809056023e-01
8.976080434441000566e-01
1.109628701807905182e+00
8.698676988713622826e-01
1.090465462324492929e+00
1.001694597289835009e+00
1.074518257969367063e+00
9.986741475366258669e-01
1.014033823356980335e+00
9.512580260299021706e-01
1.093205163647777090e+00
1.044285278320020938e+00
9.365423110395263429e-01
1.083993209961445103e+00
1.011617834164443730e+00
1.063567158505385635e+00
1.029348828915740865e+00
1.043635795146535372e+00
8.367832699523995998e-01
1.016337665744814878e+00
1.032940827549671869e+00
1.087870673742091343e+00
1.029954384843684512e+00
8.256590534917915836e-01
1.146448619961581983e+00
1.120202503205670830e+00
9.721553862642016153e-01
1.082648602564487472e+00
9.622861771049511237e-01
1.090049345971785044e+00
9.032035153027750951e-01
9.750244689332629999e-01
9.909981861154927296e-01
1.143773779311142658e+00
8.086089554195867724e-01
9.960884271805141577e-01
8.634504552173916103e-01
1.056636284563177819e+00
1.128598974822439871e+00
9.189442308168367379e-01
1.109522977793034215e+00
9.644505180665863264e-01
9.069189370529079364e-01
8.153495896027188605e-01
1.012273004563376100e+00
9.099650803108605412e-01
1.069940386579269820e+00
1.172146124675564227e+00
9.128642818983495610e-01
8.258443822301080317e-01
9.119180237833326430e-01
1.050192123545596656e+00
9.375094937065050482e-01
1.058652919200791409e+00
9.712655033274056882e-01
1.111558292427958561e+00
1.152771331810189759e+00
9.017419120190961479e-01
1.079822360147665528e+00
1.016575759857882399e+00
9.422662593139705667e-01
1.065480459130347057e+00
9.078223067154065351e-01
8.877443123042216833e-01
1.020062806851923298e+00
8.884497624468921106e-01
1.003658491004628228e+00
1.012089888460671494e+00
1.114345821037717288e+00
9.338250367116031070e-01
9.781961831669261365e-01
9.559877183041696203e-01
8.805287123065778099e-01
8.826198969147769358e-01
8.205489881368948080e-01
1.038272514434803062e+00
1.123015842769927719e+00
1.023706898280963173e+00
1.199542448703282194e+00
8.370456661234622064e-01
7.995603114272811229e-01
1.169203473712117747e+00
1.124118778894559911e+00
9.928441814373186736e-01
9.421491766924711131e-01
1.187265897214985211e+00
9.153995447655018936e-01
1.075083149524672876e+00
1.101742689220277960e+00
8.528338413593830047e-01
1.170936558070894362e+00
1.027565386932427716e+00
1.156227404275530724e+00
1.174506771965799334e+00
8.523996293824096515e-01
9.525904321681043507e-01
9.879889767659240096e-01
8.985753833065593943e-01
9.305854160687234700e-01
1.073417705841458680e+00
9.167921770624076760e-01
9.208641568068949290e-01
1.080878176728549800e+00
8.185693827667600564e-01
1.004676697320624257e+00
9.057379886012953962e-01
1.042185293655465417e+00
9.002836415891835031e-01
1.038454732926739288e+00
9.689882095998643141e-01
9.350419114227284112e-01
1.060942454054256467e+00
8.955382310575974447e-01
9.807076139298731565e-01
1.119258319307971039e+00
1.088463265862537499e+00
1.027437513257938750e+00
1.135301624269972942e+00
1.174319972105523302e+00
8.184224474428327678e-01
9.969678456602235617e-01
1.061113929044581461e+00
1.008101950713694350e+00
9.579693808779570219e-01
1.043705162809038356e+00
9.477361158482804360e-01
9.349712597424431060e-01
1.062493899247217488e+00
1.092594497818844212e+00
1.155722882114426531e+00
8.725081402477355974e-01
8.617444972824250815e-01
1.179942691661954646e+00
8.744601764624280182e-01
9.511127686530425063e-01
1.066235455030669854e+00
8.895871388895409959e-01
1.151251457699983494e+00
1.120921057477295202e+00
1.153752271325289236e+00
8.187003627794354754e-01
1.004679654773359854e+00
8.591102821622192964e-01
9.039652251094083546e-01
1.071511590739154141e+00
9.959925550745238887e-01
8.061465828865965744e-01
9.418567830560049536e-01
9.299288756633906639e-01
1.005829647135251914e+00
9.896062832276806276e-01
1.036433923522062539e+00
8.200338305676383444e-01
8.184532205400085747e-01
1.147460170874162522e+00
9.938605784292052769e-01
1.161564735480549393e+00
9.251215886120924825e-01
9.141556136558631751e-01
1.018314390898756416e+00
1.112307411226554521e+00
9.496005636277857764e-01
9.650599333476153063e-01
1.080641315427384397e+00
1.149359353762748670e+00
9.897730893164207178e-01
9.874408422033478239e-01
1.183995142917747767e+00
8.942321489750684194e-01
8.004019506776586246e-01
1.082910767454547063e+00
1.078026936066016184e+00
1.015059174009882881e+00
9.119085351800365613e-01
1.094608708615196990e+00
1.048483627647322614e+00
8.951673270167268548e-01
1.135399204379459182e+00
1.142998201467432473e+00
7.757926627993828594e-01
8.040693852240781148e-01
1.203052132014803766e+00
1.053333986592127181e+00
1.077290435473829522e+00
1.067455179251598718e+00
1.079765653100453138e+00
1.003177433369032645e+00
1.014658197576338017e+00
8.318568950299360942e-01
9.989252645825572596e-01
9.958229976380678083e-01
1.116562511492922072e+00
9.787905894635036130e-01
1.069173477811968809e+00
1.076332282915716032e+00
9.030801098903509239e-01
9.864867188335235682e-01
1.098012283708767356e+00
1.097613870384333001e+00
1.233308663895689383e+00
9.857194261023838333e-01
1.039117717726224743e+00
1.078960947466088394e+00
1.044875922356196973e+00
1.027282834619177798e+00
8.712320035064109458e-01
9.630405400904169522e-01
9.879217437408602809e-01
8.475998859005760000e-01
9.763837705210545170e-01
9.824468140666369198e-01
1.173406131148997389e+00
8.425695487526068117e-01
1.122383878723878681e+00
1.006206738617211771e+00
1.149370212777026889e+00
9.782295899992091703e-01
8.254776346169114820e-01
8.790986569429084518e-01
8.584759536809372094e-01
9.700023525830909765e-01
9.993220191800855634e-01
8.530409779117182900e-01
1.011080989452855405e+00
8.286048961690880565e-01
1.011678516748899970e+00
9.502296925462229149e-01
1.125486191869694341e+00
1.002489968502269235e+00
1.011382689037956251e+00
9.270301456539740137e-01
9.807396240422979750e-01
8.950363839694567281e-01
9.668468057821897332e-01
1.044965404465810987e+00
8.689691892269448825e-01
1.025031098151070408e+00
1.142019717891294972e+00
9.388499838977144574e-01
1.056522932568454864e+00
1.022623055236167255e+00
9.046369408713639260e-01
1.157927216325897346e+00
8.458370176261731377e-01
1.112319545405049848e+00
1.002909262596079154e+00
9.175657801802228342e-01
1.056338398688085212e+00
8.393202542178032077e-01
1.049267873757521841e+00
1.155481025829038888e+00
1.004259649928904929e+00
1.213298807338189400e+00
1.224632619066799544e+00
1.020557368645143903e+00
8.438439046892094453e-01
1.145735885319803637e+00
8.360803604845323811e-01
1.217161565598406714e+00
9.396593843334657414e-01
8.975186814730335971e-01
8.938108582415554837e-01
8.841468066832032235e-01
9.958843027970754047e-01
1.109460543938650900e+00
8.718239227161757032e-01
1.034819556079018543e+00
1.154781666855376310e+00
1.063551700569627334e+00
1.153350823530018721e+00
8.856597795905365444e-01
1.064852513083875962e+00
1.154992953491552177e+00
1.070583977181944757e+00
1.111049328205790054e+00
8.780208893804704040e-01
1.032203019684508449e+00
9.800428035274374450e-01
1.035912127094745783e+00
1.067848967354948497e+00
8.919973414040354154e-01
8.259915388385543622e-01
1.057994499227256080e+00
8.436990588291100046e-01
1.098570239168806806e+00
1.065716343877494809e+00
9.288428406129964898e-01
1.009204615266088734e+00
1.000223471302840839e+00
9.205672283457195793e-01
8.468270143989746757e-01
9.533636886416125833e-01
1.150201985593410026e+00
1.131327405962241350e+00
9.937108977664459442e-01
1.096690492160941499e+00
1.209294855325125706e+00
1.080421102412649992e+00
9.174853689403115187e-01
9.428897701717825486e-01
1.201193758362228081e+00
9.516905218331663807e-01
9.794091544163652241e-01
1.024380088447493398e+00
9.957990451100080520e-01
1.046392505876547752e+00
9.639988241768129296e-01
1.026049333175961031e+00
8.596658188435727377e-01
9.323448475010067682e-01
1.123647091336481552e+00
8.651623909712340410e-01
9.710852712012991717e-01
9.414412467830857167e-01
1.115611591732832863e+00
1.035051204348907516e+00
1.175227761291050887e+00
9.493006907963756902e-01
1.052541579709812103e+00
1.028546191394922760e+00
1.103392950245557724e+00
1.067235307858718008e+00
9.777669016051497852e-01
9.866852198420350550e-01
1.159644951843237237e+00
1.224490642256985895e+00
9.418179078995485565e-01
9.531961189116464617e-01
9.061843529276680798e-01
8.417178124533029049e-01
8.264714993521800057e-01
9.480334788216897568e-01
8.730933342087607851e-01
8.887884855583232380e-01
1.033859643254366523e+00
1.124627169429483153e+00
1.027815355263116626e+00
1.020659197072052216e+00
1.030357984871319577e+00
9.764989215792951871e-01
1.029517836546969489e+00
9.587428775860584729e-01
9.749102187773102113e-01
8.677009513859117451e-01
