1.097799100802227645e+00
9.671700017712940856e-01
1.090387686835873948e+00
9.819503062622657596e-01
1.036036848964430046e+00
1.042061891416274699e+00
8.725742220406780270e-01
1.028508022175405046e+00
9.831679083548459097e-01
1.062563256648481058e+00
8.850360427834400578e-01
1.012014324408980315e+00
8.960294298077209341e-01
7.918864551735684820e-01
8.068016474236313629e-01
1.078467923319582189e+00
1.031146301649240815e+00
9.278613907947566020e-01
8.795285760931890184e-01
1.122348482115038903e+00
1.014757299983425343e+00
1.140826815743807732e+00
1.145781029908449877e+00
8.212085555836090567e-01
8.866019421464407246e-01
1.046424970224209439e+00
9.031606588009329917e-01
8.627886974083641691e-01
1.165483171665067097e+00
9.803872041161821871e-01
1.061758978143981569e+00
1.086709393517153899e+00
8.339157682466760146e-01
1.156210003793194829e+00
8.625989516805586677e-01
1.069230313138211041e+00
1.155287291660081150e+00
9.549470427282845675e-01
9.450922447697398532e-01
1.051242575982964667e+00
1.031495587675530068e+00
1.036736705084990051e+00
9.912301301354483618e-01
1.015225553372562928e+00
1.155386716322085450e+00
1.061061288074289122e+00
1.085810813044419509e+00
1.023247609012541304e+00
9.813578682738175463e-01
9.893181020776101731e-01
1.108561514182287766e+00
1.034934008047212917e+00
1.082224674854142421e+00
1.195558008737633404e+00
1.004835843358607983e+00
1.059596209936543243e+00
1.032193020596389399e+00
1.074105951945710569e+00
1.092402833110919458e+00
8.343054817688344560e-01
8.893199862786782539e-01
9.868597419572442409e-01
8.410273309336162573e-01
1.001366158684829033e+00
1.020048490666479069e+00
8.463100520850215247e-01
9.432835919930750990e-01
8.257452338834121441e-01
9.383512105992610763e-01
9.541590570575045893e-01
1.152872481222481760e+00
1.097036439377380379e+00
1.074790022438002035e+00
1.116799070266713212e+00
9.968859589846394975e-01
1.059561462657614861e+00
9.755041145457783447e-01
1.147106638239576704e+00
9.077280310519800777e-01
9.047150210654193447e-01
9.827477598878335829e-01
1.091189180496423106e+00
8.868245463423589658e-01
1.170693613146283951e+00
9.677434717733758296e-01
8.992599588938336996e-01
1.000874712249328002e+00
8.905449051589295895e-01
1.082509720100968131e+00
9.256674391747876651e-01
8.502970906277129703e-01
9.872671348211474740e-01
1.169744946677440334e+00
8.176156480269374249e-01
9.873468711296615741e-01
1.205624269177577812e+00
1.057052428041684200e+00
1.113778115171519589e+00
1.064360190558153674e+00
9.965090208601986577e-01
1.025010500558735327e+00
1.044246771833233778e+00
7.840546930301610651e-01
1.031820778080974499e+00
1.168161157761203439e+00
1.059052542466997648e+00
1.037524034316451571e+00
7.828090390413894317e-01
8.576089698374784742e-01
1.158799389678095482e+00
1.196403332172395473e+00
1.213188847528184011e+00
1.092794995012493553e+00
9.809674033370632262e-01
9.779743155952069777e-01
9.387778232691659230e-01
8.440744672234206103e-01
1.042011158863112019e+00
1.153170528392693406e+00
1.019011921307851232e+00
8.842540197480965869e-01
8.340390539077211507e-01
9.158716620526393681e-01
1.063981943765854421e+00
1.087087540771205507e+00
1.121486925009612001e+00
8.381553523085016888e-01
9.565034648472479084e-01
9.020246349230862659e-01
1.136067613779951468e+00
9.068641466273075213e-01
8.416272286862480634e-01
7.801399969206872509e-01
1.089635169141269122e+00
1.051596642494661449e+00
1.058193795933160652e+00
8.897826386171887592e-01
8.084838661696022166e-01
9.466890701877401781e-01
1.103881479660085763e+00
9.596614262911055127e-01
1.002579681730768391e+00
1.168420398336618371e+00
1.049388577406521694e+00
1.125142960680514115e+00
1.102624942697652655e+00
9.169740849845919861e-01
9.151065050845021975e-01
9.213029961008045721e-01
8.646364591228213881e-01
8.701746067314288791e-01
1.095846167436604901e+00
9.599271303638875485e-01
8.119036937671861853e-01
9.015231693341740904e-01
9.446086708789094288e-01
9.944370565598464884e-01
9.529972206690795478e-01
9.569025145805413191e-01
8.790536553196911518e-01
1.071371569824108638e+00
9.488943177260800166e-01
8.291356677654460050e-01
1.015441811398972716e+00
1.037455512147356540e+00
1.167855084419073597e+00
1.138922830468491298e+00
8.114751450787809350e-01
1.107213751770192767e+00
8.468888231717666137e-01
9.298625533785932484e-01
1.066716480988126214e+00
9.283534266197375207e-01
1.028599696326728097e+00
8.701057175689100864e-01
1.097527000742353209e+00
1.009038658722436033e+00
8.467819027661829256e-01
9.092234083623249585e-01
8.537001273150220948e-01
9.763417023810724293e-01
9.839748246955064559e-01
9.910345427694663423e-01
1.150331822330855625e+00
9.541296433293898760e-01
1.217007370307035430e+00
9.549663209747841774e-01
1.073466093797348364e+00
8.915642847576812358e-01
1.051588068218463512e+00
9.698912154974054234e-01
9.273817532961063925e-01
9.360982862744269273e-01
8.389287099042084250e-01
9.619435088238283971e-01
7.819278124881424707e-01
9.991032544240399105e-01
1.094874450773996477e+00
8.932605800793299577e-01
1.218646108570963671e+00
9.861077813414004245e-01
1.022071836585686455e+00
9.666907397341049091e-01
9.164090151943752316e-01
9.248101245119011438e-01
1.208825018763316939e+00
1.122553020947513636e+00
9.500572480488592708e-01
8.978789574730101641e-01
9.863680752660893836e-01
1.084223081677815559e+00
1.042318771353132112e+00
1.109969491421235910e+00
7.939542209106479342e-01
1.002993716449968264e+00
1.097350017744390449e+00
1.148731033743522367e+00
1.126042939124402453e+00
1.052482517901117021e+00
1.044799779432460163e+00
1.101961692749998889e+00
1.036534522404816583e+00
1.116182040322134972e+00
9.246264757471936990e-01
1.236289548643922487e+00
1.052617178562004430e+00
1.187154847395719859e+00
1.083873701258553979e+00
1.013122143934174213e+00
1.091367744407905960e+00
8.571122456743522910e-01
8.758142004458204788e-01
1.126428700537404293e+00
1.114391152795253914e+00
8.726583686942516183e-01
1.063003493006495326e+00
9.992499697819272608e-01
1.139170925060646100e+00
1.169111367215330155e+00
8.566779364229725191e-01
9.187846004347347550e-01
9.088829368425457300e-01
9.173261030804382710e-01
8.835339387624068230e-01
8.862913434954199365e-01
1.015452094915854531e+00
8.135915140684049085e-01
1.120268088347203594e+00
9.361583598992477828e-01
8.883895467204188101e-01
9.421126502508558875e-01
1.021718542823157216e+00
9.600634790061903789e-01
1.075342693378685821e+00
1.061473174634766536e+00
1.050154975821789849e+00
8.159868581288129974e-01
9.169736792673832682e-01
9.662981611453643760e-01
8.097218069115929007e-01
9.983399924065288200e-01
1.015840382212554793e+00
1.028829482009733898e+00
1.086206568161521613e+00
1.020309440302180182e+00
8.712319700408108769e-01
1.024713235589000071e+00
1.186454453339887971e+00
1.000491122031006874e+00
1.125564556681645234e+00
1.015395191478350778e+00
1.024238449484117908e+00
8.965602853742161704e-01
1.183274776816060747e+00
8.968712204884898842e-01
9.666568316956303253e-01
9.720153365222712338e-01
9.956488718917244629e-01
8.753202605073939768e-01
1.037333885161400682e+00
9.127710392832143471e-01
9.613147558394631309e-01
1.019912130638265468e+00
1.081942536297590296e+00
9.181415252085008971e-01
9.986346953662736947e-01
9.640718533828811498e-01
1.111018072536071877e+00
9.052835396993011985e-01
8.967121813422378462e-01
9.172904582989174216e-01
1.080504812273226367e+00
1.020548843505146408e+00
7.687722800356424635e-01
9.167482959423840505e-01
1.108266389360962112e+00
1.087775311397863431e+00
8.336473765625350696e-01
1.050286067475961982e+00
1.072541228152880777e+00
9.248765752344110247e-01
1.074315804931005980e+00
9.214922291159193257e-01
8.118075742691157615e-01
1.067021853998071146e+00
1.155841494352351395e+00
1.081977988702180093e+00
7.989060479939986692e-01
1.061600538761801493e+00
1.043662160087186042e+00
9.702176772759881773e-01
1.150338430932473788e+00
9.805599399774358460e-01
1.223716013318959517e+00
9.879795024663344805e-01
1.146361125857415786e+00
1.211949562094619903e+00
1.110744019611367372e+00
9.114894369101773641e-01
1.165130856285522043e+00
9.829953325259608299e-01
9.963387335202389394e-01
1.023203442213640679e+00
1.056931586433901948e+00
1.018603456709574751e+00
1.006765369950792799e+00
8.612231019428320256e-01
1.049964921073980983e+00
1.039209869805721276e+00
1.132791750875516090e+00
1.043547449484611311e+00
9.908561465805805213e-01
1.081309122609400708e+00
9.538397955701087838e-01
1.070056473091381744e+00
1.006824188242473994e+00
8.477924480779337468e-01
8.187469067401493827e-01
1.066642385740950827e+00
1.030371758233174395e+00
1.144091575216383827e+00
8.999957030371434907e-01
1.046128881111872300e+00
8.326176228762729448e-01
1.025226019733329608e+00
1.013991962164077165e+00
1.070007956375883973e+00
8.520010566034468269e-01
9.170136656971406008e-01
1.014286396082310304e+00
9.477731845835226654e-01
8.497081906700980625e-01
1.059325485639121656e+00
1.025510904766648634e+00
1.116641335405596180e+00
8.571260205758706174e-01
9.003339795221517727e-01
9.453082654452931166e-01
9.290163472378638598e-01
8.249002459280387889e-01
9.660751215013755333e-01
1.026734098646489013e+00
1.004833881610364799e+00
8.857103378802584359e-01
1.176816883330200847e+00
9.947891177755319170e-01
8.555077514516158388e-01
9.306360149744713484e-01
1.074997996508531894e+00
9.174145300249458845e-01
1.006415541753813203e+00
1.036568459011615095e+00
8.508542183600865672e-01
9.841981604177896248e-01
1.133606927388599805e+00
8.596312696783630081e-01
9.081184752315543118e-01
8.212342671971879504e-01
9.712571784846600886e-01
8.462870380176108487e-01
1.104211235688852932e+00
1.035904938143225040e+00
1.107005801698137226e+00
1.086833332322163059e+00
8.978748102429012778e-01
8.531249838099570493e-01
1.148906430186421357e+00
9.591830031476917817e-01
1.016158144815307196e+00
1.144478349765121195e+00
1.124708026880814282e+00
8.312279074945316815e-01
8.740335132064771528e-01
9.980731933210261753e-01
9.502496822799367804e-01
9.279685451004844321e-01
8.601852389583450886e-01
9.167073425787457541e-01
8.215569071742856444e-01
9.979771861324141513e-01
9.968616623410790911e-01
9.286586972404732299e-01
9.400886372025224480e-01
1.010116286228977645e+00
1.016770612786557226e+00
9.288030065155277182e-01
1.069504141056299318e+00
8.570881306857016657e-01
9.640121899165610131e-01
1.038978844280655789e+00
8.753895584979095590e-01
1.032939507620194819e+00
1.046561461403696436e+00
1.024735024073257339e+00
1.115811388195096399e+00
9.883238206869242592e-01
1.222373401289447381e+00
1.040078211569918754e+00
9.886560314419462481e-01
9.038170613844402901e-01
1.173692683149713645e+00
1.170728415076759177e+00
1.069947412436048850e+00
9.522164315937797774e-01
1.050640198431845196e+00
9.524296164123113861e-01
9.617993907537440990e-01
1.013778953027971053e+00
9.912718627848585706e-01
8.898188844666545805e-01
8.673980000972228988e-01
8.789063864535883175e-01
8.814445065421262493e-01
1.019756794960307467e+00
1.046262678830877313e+00
9.633821876379824456e-01
1.130788803523205654e+00
9.553036053209884582e-01
8.813633950475101564e-01
1.084385302324220035e+00
1.081052018605505483e+00
1.110584849048949829e+00
8.822437612948137442e-01
8.939175434343104021e-01
9.125892602728531422e-01
9.327090086816109959e-01
1.021381578146872471e+00
9.727159910893692363e-01
1.012033762827733829e+00
1.063509323932529060e+00
1.010281650446443580e+00
8.479955137755020855e-01
8.801517376087306666e-01
9.617731704819376670e-01
1.051152110162464126e+00
1.082401093279058868e+00
1.095989511388193227e+00
1.123546756062121510e+00
9.174764821941319148e-01
8.911146331295753953e-01
1.067795795428138961e+00
1.053581883179148138e+00
9.510897499444048719e-01
1.120610842424669684e+00
1.062147867150450953e+00
1.014795710713925825e+00
9.489784913778799291e-01
8.776110114122122052e-01
9.375933749050846533e-01
1.074157603283386608e+00
8.909241355668326978e-01
9.890456662161777324e-01
1.036243463251051544e+00
9.324635366883424759e-01
9.592221182118361167e-01
1.145651737228289502e+00
1.165741692898459414e+00
9.844138547553733520e-01
8.893171909203303471e-01
1.077975253122333665e+00
1.083303054009242095e+00
8.311196806915686075e-01
9.690700310291504582e-01
1.081476791776101898e+00
1.003866256099853693e+00
1.011434365817246661e+00
9.974745478924667008e-01
9.234994903165737457e-01
9.772558902409174131e-01
9.560303847258591059e-01
1.067090917961556196e+00
1.002226588983398781e+00
1.017918366388846696e+00
1.112856378088332043e+00
1.143345992394375399e+00
1.091623559243076080e+00
1.159589132219425611e+00
9.936331644074013481e-01
1.011093234105355565e+00
9.805827984552554222e-01
1.047102321702925387e+00
1.058266192262232952e+00
8.083054795515595137e-01
1.097323351606788844e+00
1.218833333076142056e+00
9.973562587647526456e-01
1.041955788033535280e+00
9.963409579083140066e-01
9.382200420813255892e-01
8.614181695315794585e-01
1.077971334153635885e+00
1.019645868136582978e+00
9.344486570409007431e-01
9.189719495145893813e-01
1.075032226100775645e+00
1.021836115274758594e+00
8.889568095020358163e-01
1.018660465898178158e+00
9.099267288266688070e-01
1.139532353927695807e+00
8.988738604913342201e-01
8.663634916589368906e-01
9.496175183639974371e-01
1.067775595315679116e+00
8.057605452213667530e-01
9.317232522532934436e-01
1.055458114462258790e+00
9.615161918832433319e-01
1.082462418460079512e+00
1.057442309852590911e+00
9.622122960423917792e-01
1.146170485953479590e+00
1.013346273988722901e+00
1.209155590213560227e+00
1.225104628151943098e+00
1.115994219178387592e+00
1.073905837148432463e+00
1.106129945976616513e+00
1.182999844891132746e+00
9.649758269806123501e-01
7.895370505734367050e-01
1.041371192021532721e+00
8.737006871743768777e-01
1.014304853471699186e+00
1.150696255554112035e+00
8.729275993176913717e-01
1.167494226289921944e+00
1.049437596480005119e+00
1.050922739349464008e+00
1.151266994082683626e+00
1.177106372013183355e+00
1.157804517048705906e+00
1.081669699027553833e+00
8.802366885995629442e-01
1.153794591172125239e+00
8.418641189696314253e-01
1.080500803567662427e+00
1.173495728388608050e+00
9.799754848927225703e-01
8.765488344653012964e-01
1.134684147079108252e+00
8.707783577930610086e-01
9.356677245982970570e-01
9.300200720295259682e-01
1.149666546723886684e+00
9.074830615461229044e-01
1.023272235027165689e+00
