1.041900165457695815e+00
1.054975155675535792e+00
1.050335345672089638e+00
9.296672562414404206e-01
1.106941436977202153e+00
1.051472785251532205e+00
1.098309053814561009e+00
9.791725115490133025e-01
9.314790604693978793e-01
9.215936520860066317e-01
1.148285526548451729e+00
7.756278367283576669e-01
1.016897808761935362e+00
1.192188621488984746e+00
8.874749741843499518e-01
1.215519285390052273e+00
8.851200349233204756e-01
9.272002823674523331e-01
9.603819574884966404e-01
1.018663347846393341e+00
8.010905122885066953e-01
1.077582585503084722e+00
1.150975600815538291e+00
1.003920359307211685e+00
1.064841745610275892e+00
8.582424871137408484e-01
1.057925601478109545e+00
8.276403531785549994e-01
1.015799525728435793e+00
1.006099123260628225e+00
1.030567287389917874e+00
1.052935021274849836e+00
9.050605215144835736e-01
9.733673249804636329e-01
8.964938433680404994e-01
8.398270468719295501e-01
1.111847710782601029e+00
8.994465334670956880e-01
9.163997461829331836e-01
1.171787826838814883e+00
9.848873143881453629e-01
1.069803264084911554e+00
9.447137493612893788e-01
8.634715746549851412e-01
9.479874531797858328e-01
1.125157605903493341e+00
9.863081407900446962e-01
9.482554252595408739e-01
9.507912119266439532e-01
8.610637808736707477e-01
1.039909821474096940e+00
1.227426277665899068e+00
1.056813789088219657e+00
8.418235708883465840e-01
1.073839350314421681e+00
1.165851461680554646e+00
9.077741667389853664e-01
9.563976972479037997e-01
1.017260301162407066e+00
8.679865785101943398e-01
1.045738201558413127e+00
1.208378630035502166e+00
9.830074656797365140e-01
1.070855148463496276e+00
9.282969854066223103e-01
1.182636961924498520e+00
9.897781976857786823e-01
1.087697046952081248e+00
1.083958335762551961e+00
9.877795562903681770e-01
9.872855721354626413e-01
1.018690110211326827e+00
9.627322717714608125e-01
8.615770574428005535e-01
1.073444633603729992e+00
9.719203067347118585e-01
9.759556972933542962e-01
1.138404849430827204e+00
1.016902388330916285e+00
8.594487521478397785e-01
1.014580656410629000e+00
9.103645124139145839e-01
8.775546745858443520e-01
9.675282753807272762e-01
1.046086436558088195e+00
1.013395984138799388e+00
1.042373873913953641e+00
9.820930351365675381e-01
1.019100317474350925e+00
8.341884173774805067e-01
1.037803961543163789e+00
8.449239921457734059e-01
8.421036446623197946e-01
1.061390612411522216e+00
9.060018063962265167e-01
8.899901402573293652e-01
9.944897396877843132e-01
9.210365699651230642e-01
8.939820269564306976e-01
9.664805958339243164e-01
1.078593117271622104e+00
1.086179762717720987e+00
1.057601384924694576e+00
9.010688139996382295e-01
9.428242030812195029e-01
8.647990143621986370e-01
9.893046602796568001e-01
1.031596345775218637e+00
1.098153007777648904e+00
1.056530932311086746e+00
9.793153781269667846e-01
1.040413462732862282e+00
9.962752468063078570e-01
9.196627642717084550e-01
9.308617320690762975e-01
1.003683214497086196e+00
1.021626688130998994e+00
1.158964618187085183e+00
1.039102667090447296e+00
1.003672736251317810e+00
8.100364598931052429e-01
9.686156856023500072e-01
1.227603545945873398e+00
9.582235979091056066e-01
8.151684659522026033e-01
9.472891772828218038e-01
1.001655439193504638e+00
1.050065460916622895e+00
8.379073533809137109e-01
1.108106683505687196e+00
1.184744905268327875e+00
9.134159768506651123e-01
9.732048537044772907e-01
8.484590797409823359e-01
9.467486568660421486e-01
8.596106430474392823e-01
1.117498813998547336e+00
1.157060012621953682e+00
9.817126283023892563e-01
9.005178486660716519e-01
9.603504711344375000e-01
1.167000813401062764e+00
1.002682763848457226e+00
1.053022887900801230e+00
1.004135497776511343e+00
9.666491535320116402e-01
9.470142862467403333e-01
1.119287884972938185e+00
8.433628194098311548e-01
1.052029258518720090e+00
9.103249133884157018e-01
1.077628824440731048e+00
1.160775936476868608e+00
1.085217812981251750e+00
7.862007456818590478e-01
9.347672672131446259e-01
1.086934923120223440e+00
9.931565918404292592e-01
8.376648479136810099e-01
1.003842965372799156e+00
9.855551885417281888e-01
1.142625549964467524e+00
1.045239489961846013e+00
8.487276578660716275e-01
8.021983976438540331e-01
9.130067943524466934e-01
8.724076596355357927e-01
8.550729271565459255e-01
1.106363962697568537e+00
1.145163866980408951e+00
9.521434892909812486e-01
9.938693211915909931e-01
8.825910096738389665e-01
9.977335527263261339e-01
8.639892947157561398e-01
1.028484491039756143e+00
1.067820818714180664e+00
1.036341743712775765e+00
8.354560085526503421e-01
1.129909117374564120e+00
8.796406278842654469e-01
1.092343521879461044e+00
9.376328520392031018e-01
8.463893118922082293e-01
9.324120745415593881e-01
9.906871099300483818e-01
1.014621203958254725e+00
9.578642528141334545e-01
1.151549564909749357e+00
1.137229793855699000e+00
1.049152315885637066e+00
8.941618266822661809e-01
9.069085145485243915e-01
1.097178800028017376e+00
9.561549101818118679e-01
1.109623327567511808e+00
1.100448826819100612e+00
9.329002762140329308e-01
9.724279958344586028e-01
1.038466179379730070e+00
1.011553615069611833e+00
1.130167515800042377e+00
1.043403971163967547e+00
9.353447123692836263e-01
9.134923993477078730e-01
8.916817693173779702e-01
1.060064020154215969e+00
1.035167467496237448e+00
1.046591379259004473e+00
1.029249163248721954e+00
1.197713637604996384e+00
8.580820726242976981e-01
9.628730359832504693e-01
1.144665793902267081e+00
9.970052044308649331e-01
1.199682025573685085e+00
7.952473713284613499e-01
9.108988787022058720e-01
9.068723672986886974e-01
9.621127913566078771e-01
1.003193301857672415e+00
8.532025584409079766e-01
1.230477580849047570e+00
8.409621982766868342e-01
1.142081936316500457e+00
9.724389170894686130e-01
1.066623778507274745e+00
1.085639111365775955e+00
1.035551216185191192e+00
1.142793155066634592e+00
1.093347111801904248e+00
1.177095947327623904e+00
9.291205503491766216e-01
1.020687265752932005e+00
1.099116984341933057e+00
9.328443936001958869e-01
1.092347231344840575e+00
1.062834041467760393e+00
1.006967293091301840e+00
1.019393944500067928e+00
1.146575474421231755e+00
1.107861404132178373e+00
1.104082815825276898e+00
1.086408923427477857e+00
9.821831787593029439e-01
8.919946349155891685e-01
9.746648612355413022e-01
1.128194119442472942e+00
8.873303960405378721e-01
1.225271939925180797e+00
9.096154456277647515e-01
9.598579496396326682e-01
1.060887442393864122e+00
1.073373317899084745e+00
1.083410168307575194e+00
1.212837651249428994e+00
8.623883349498902007e-01
8.272420570460645717e-01
8.528122261705917140e-01
7.843275870047478060e-01
9.103241675461712923e-01
1.050744480190821672e+00
1.140851457338500685e+00
1.052486553286370530e+00
9.259432970590750767e-01
1.165314645648822145e+00
1.069312746243186840e+00
8.747441693102162574e-01
9.629585978892278852e-01
1.014060516449625693e+00
8.733780309652071638e-01
1.055013583227531804e+00
8.911191581645456772e-01
9.523826918140143594e-01
9.454556277905313832e-01
1.057291029833431706e+00
1.093426621486494277e+00
7.937892549758445160e-01
1.041649870271138534e+00
1.104271494093602479e+00
1.105395897632451163e+00
8.384077217599413823e-01
9.507472227996766057e-01
1.155145391329676752e+00
1.118318723190027564e+00
1.028049403650418414e+00
1.023775132758928619e+00
9.807654550379583114e-01
9.572664616584312114e-01
1.175102825486497471e+00
8.920785232385455288e-01
9.576108494614375966e-01
8.652943980445255701e-01
1.062754815362791261e+00
9.966620629534361786e-01
1.180142569275093756e+00
1.170068827142602741e+00
9.501570693261829348e-01
1.068847037114204257e+00
8.732379119523726585e-01
1.054633162161788595e+00
8.373662554142435877e-01
1.014676348372615111e+00
9.835312564072862251e-01
1.018133296475426830e+00
1.086563815534248079e+00
9.846090393142876707e-01
1.134327410405427061e+00
9.247088188991093860e-01
1.012268316098470677e+00
8.490111210752973037e-01
9.498530201361069514e-01
8.284476305090144876e-01
1.193011261737861206e+00
9.471596227889694797e-01
1.101962414643251620e+00
1.075241098834514242e+00
1.045768066882644565e+00
8.188299232950506656e-01
8.502243667027157281e-01
8.250220437771322857e-01
9.617827332839503640e-01
1.080495847199286708e+00
1.138543138915494302e+00
1.015700877445886441e+00
8.797334683420836576e-01
1.025032185624797698e+00
9.260384707938076332e-01
1.092611351164384903e+00
8.436204995006444385e-01
8.383682690933329518e-01
9.739458757498452579e-01
1.067747318735617457e+00
1.098341767666098923e+00
9.296567379351050597e-01
8.705684132167108569e-01
9.092543982483144438e-01
1.157379092795975728e+00
1.057136450846120290e+00
9.246589648363623404e-01
9.252327029486997478e-01
1.042967154732247215e+00
8.119287775781183214e-01
1.035210238027980179e+00
8.818521916402464189e-01
9.395372698823512003e-01
9.092105594815679259e-01
1.000345701475601645e+00
1.078996908948189226e+00
1.110121120182925747e+00
1.025246296251754119e+00
9.476849477008626454e-01
9.112350901661155911e-01
9.524135035149601247e-01
9.385088166142477872e-01
1.046781484902789661e+00
8.492416156476247924e-01
9.516321025441679682e-01
9.706129596650028279e-01
1.192498687933143620e+00
8.030058538301985127e-01
9.826594171669307265e-01
9.924747414539341062e-01
8.413064423492963018e-01
1.076023203277236995e+00
1.118638865070929356e+00
1.120249187522061485e+00
1.039503040176878113e+00
8.287271915239045050e-01
9.926533161650032966e-01
9.286522366615161950e-01
1.153072550119124351e+00
9.555585838551716726e-01
8.715546062687520301e-01
1.011122381718591479e+00
9.829846473339259871e-01
1.035636982395900851e+00
8.700952294546061561e-01
9.114923287151643905e-01
9.531047214160317527e-01
1.070912928604866865e+00
1.040749121098406560e+00
9.982733761065387679e-01
8.598618107412994149e-01
9.474181927225644451e-01
9.792054623629293797e-01
1.168824125012835058e+00
1.090228752916527322e+00
1.181852819095821738e+00
1.012365550565378580e+00
1.042365215579796001e+00
9.322466281332988380e-01
9.936984672915049055e-01
9.116028848479982294e-01
1.189431682375164279e+00
9.224700264543559403e-01
1.101071949154640572e+00
1.149506562401861665e+00
8.562375993638595695e-01
1.126723175789812625e+00
8.988744120484405409e-01
9.867827187367468333e-01
8.969996163153450830e-01
9.348079987852139228e-01
9.348288507153281746e-01
1.240529034883482984e+00
8.219026142284926451e-01
1.062584814294380786e+00
9.971911615527759842e-01
1.043428226219374144e+00
1.083287710780744151e+00
9.189036575497213644e-01
1.107477513662719293e+00
9.439588607417939148e-01
1.018457918042243504e+00
1.076772258266803117e+00
8.859546081245990301e-01
8.510736071216178367e-01
9.535699357434084256e-01
8.761231099099764386e-01
9.554370260410631754e-01
8.445001019975265644e-01
9.383403313790078526e-01
1.094771023292882006e+00
9.354017614600340647e-01
1.161019316756180864e+00
9.753791209777067372e-01
9.908318078187949851e-01
1.066091513628023568e+00
8.674955343819434894e-01
8.228037123862670388e-01
9.243981819634535801e-01
8.425941214711879512e-01
1.137474680955434359e+00
1.030562663352440511e+00
1.049529743042235008e+00
1.215584154320327182e+00
9.573628809009404605e-01
1.052277558148284164e+00
1.013445033619343683e+00
9.837336731702381876e-01
9.912963047522949100e-01
8.295960890077758165e-01
8.154811536826609419e-01
1.052662367815657474e+00
9.082419377550390305e-01
1.085151191329510434e+00
9.467238061592684328e-01
9.569016248529453872e-01
1.165074454113730340e+00
1.109695149466672248e+00
1.001796455060790958e+00
1.084399714178878149e+00
9.274827128993410330e-01
9.718637428413505752e-01
9.711014913466076148e-01
1.185600479052163259e+00
1.019871235078705585e+00
1.171670797722212054e+00
9.314327473312820072e-01
9.906478959836407805e-01
1.064817361619542657e+00
9.475178601593379213e-01
7.947482584746760059e-01
9.211189051802317618e-01
1.194050251667692963e+00
1.184645971276985676e+00
9.792262312122943513e-01
1.056770221301517321e+00
9.836058976374963958e-01
9.428056715037921309e-01
8.668047944248487013e-01
9.889906096476721586e-01
1.070473609532291981e+00
9.116197408407795688e-01
9.234366650692129586e-01
1.071005311052926956e+00
1.121617874954478511e+00
9.941751199251493976e-01
9.689056631561367983e-01
8.058806769358741739e-01
1.130031748113144552e+00
8.407130033291567717e-01
1.058169803016972832e+00
9.507662343812690597e-01
9.291944734515382720e-01
9.204232046075584428e-01
1.106393993292807965e+00
1.135563813686879087e+00
1.053140553072646757e+00
9.576994565002165949e-01
8.715822644272143149e-01
9.861245070682840286e-01
1.017419242813113023e+00
9.402937131396578163e-01
1.079820896296209476e+00
1.033086904122519245e+00
9.313560780336174183e-01
1.116013293786887850e+00
1.033037077487454658e+00
9.228193968864312202e-01
8.518918314667821567e-01
1.085027002862897660e+00
9.292241080955518928e-01
1.094233626205387555e+00
9.836951241801730195e-01
9.761522671860922706e-01
1.020056609129916803e+00
9.028984694756598817e-01
1.194690853369645200e+00
1.018255611715894515e+00
8.161001676659721538e-01
1.183514304446911192e+00
8.077238304499241295e-01
9.193323437265660258e-01
1.109056005874720974e+00
1.133973299708965765e+00
1.076215214456045288e+00
1.181986741841557054e+00
9.724017571239789159e-01
1.095249793345757450e+00
1.037644457558914102e+00
1.046516841050122659e+00
9.870700916253976054e-01
8.725618324396338110e-01
8.793138432233538193e-01
9.422926567732613501e-01
1.059397430535724549e+00
8.714725782777419383e-01
9.960069622493512576e-01
9.011898557991906422e-01
8.684247412578114389e-01
9.574452539305706722e-01
1.058751844887429794e+00
1.007966295763126352e+00
1.089421326258305900e+00
1.056382432838130825e+00
1.050490565910225715e+00
1.196005246822343215e+00
8.580412301160631472e-01
1.085678977023745162e+00
1.230930907062782964e+00
1.117486162496139634e+00
9.428524363636694439e-01
7.981701894721933144e-01
1.117733753918223272e+00
7.987388834086401879e-01
9.466518189570370945e-01
9.373624721130768833e-01
9.946955770032972488e-01
1.126292309193210217e+00
1.110553417494984707e+00
1.013862835052227185e+00
1.085546662488873881e+00
1.084225820337912483e+00
9.429329684026902525e-01
8.942429805984233315e-01
8.422084818356625480e-01
7.910868647290290046e-01
9.704919230041473277e-01
9.960479186220984049e-01
9.409014507496111790e-01
1.016859046654360554e+00
1.195005542891047767e+00
1.150815374934560653e+00
9.796770948870641149e-01
1.191383248513994353e+00
