1.044851375633395030e+00
1.024052865698896086e+00
1.107417273191817708e+00
9.939235304071858401e-01
1.087048761092799243e+00
9.860518799752049368e-01
1.132960205084647676e+00
8.717039364031198279e-01
8.278201835245635465e-01
8.933861252912398410e-01
1.010300724935577321e+00
1.134604674583812978e+00
9.904656763760577576e-01
1.064694825629828312e+00
8.975675701968995890e-01
1.134700720168933641e+00
8.785890720319723401e-01
8.814648340950397287e-01
9.564507503898376228e-01
9.835794832534985321e-01
1.070396620790423858e+00
9.861577930848478557e-01
1.116559430128845065e+00
9.379617829423617659e-01
1.043233840375626498e+00
9.911245221551571172e-01
1.080531620410098093e+00
8.679366599345680333e-01
7.954913427609420218e-01
1.038144704965314302e+00
9.424772932524863034e-01
9.182726375029597321e-01
1.097032383738014039e+00
9.860451087919455126e-01
9.353309912806873072e-01
1.201106443147674785e+00
9.384914764855181168e-01
8.725471098639016043e-01
1.007981624534818543e+00
1.102339424901832343e+00
1.108948829621615007e+00
9.583118248189022026e-01
9.516450764211463742e-01
8.807763433537731945e-01
7.994945872661904929e-01
9.695669790973959756e-01
1.039239750068092993e+00
1.041682012612263897e+00
1.082804188579093996e+00
8.481444838699541133e-01
8.759291013910623924e-01
8.491169703039991301e-01
1.106065422930813336e+00
8.880014769340511815e-01
8.343911863458375322e-01
1.104540973177682739e+00
9.837447947030589779e-01
1.149651113963589655e+00
1.215130252352793816e+00
9.819388858554611854e-01
1.019240448088108764e+00
1.185937230270546872e+00
8.693178433407933170e-01
9.341985375549382020e-01
9.551197483709976677e-01
1.004821669423088482e+00
1.089590368939492793e+00
1.078100214936923207e+00
1.127200078672349948e+00
1.165247532782909046e+00
9.723458567514233764e-01
9.683832845906158449e-01
8.043841685399206742e-01
1.211113658018234451e+00
9.013782222295249058e-01
9.144457237400321903e-01
1.183917716893295502e+00
9.486193140474693530e-01
1.042804134794530935e+00
1.044749766560301607e+00
8.969958659362922138e-01
1.079160762452716860e+00
9.996117688273634672e-01
9.335555173517873229e-01
1.146115428030969108e+00
1.137466346165038944e+00
1.023064498028785518e+00
1.028033829873410632e+00
1.012341271368468298e+00
9.283016608150668203e-01
1.019395228424500477e+00
1.153160501616778966e+00
1.057577287331197269e+00
1.149128418957680697e+00
9.396283903127290449e-01
1.087015733115320293e+00
1.183222705128375685e+00
9.684144384319708365e-01
8.749365291512047893e-01
9.375995999632820155e-01
1.187453927498823170e+00
9.780605791333241150e-01
1.008851435788636453e+00
1.089601335370365076e+00
9.661972764910329303e-01
1.021482795879173011e+00
9.250433653057745786e-01
8.807733487649982429e-01
1.078093253591553280e+00
1.023568508505682928e+00
1.071158595530833146e+00
1.128346804673808323e+00
9.421030090965141213e-01
9.634315488195297483e-01
9.022992492838115552e-01
9.910003399229625476e-01
9.765073682624019202e-01
9.465274268431560500e-01
9.561538815994822249e-01
9.631044054635822249e-01
1.044627216452305829e+00
1.063078537926405165e+00
9.937003976294165319e-01
9.606066064424721995e-01
1.005703920743831858e+00
9.469007913008880006e-01
1.148089065989259749e+00
9.309829131780260614e-01
1.020401616418730173e+00
9.377100362833696856e-01
1.074050857845328277e+00
1.105801858630614642e+00
1.019286578027684520e+00
1.100910169721525111e+00
1.130937214353483933e+00
1.083800692507929764e+00
9.461960076936459796e-01
1.013788075614083573e+00
9.778629495070534361e-01
1.113100403856599030e+00
9.875314381475640557e-01
8.407514005687407588e-01
8.957915759026524594e-01
1.014667023627625841e+00
8.013899366006510538e-01
8.164462054628232046e-01
8.778918766378271954e-01
9.344664182253643592e-01
9.991186122015885962e-01
9.293993753435947358e-01
1.096143877093211927e+00
1.187881824443360879e+00
9.532651083524587010e-01
1.106120130479918862e+00
9.544824410324765918e-01
1.080148603394703644e+00
8.491167500672232027e-01
9.410699586547381923e-01
1.059733797047855086e+00
9.186073277393509429e-01
9.986613314331187485e-01
9.646365476696190377e-01
8.257575312938454370e-01
1.154795506990974108e+00
1.102253513959098541e+00
8.372421576186177550e-01
1.167609450805075832e+00
9.510656998894349012e-01
9.158349895691542120e-01
1.103254257247740178e+00
1.157680411421089461e+00
1.110573353217044534e+00
1.002215824056164939e+00
1.042906647302396017e+00
1.028193521543513844e+00
8.967811438434483140e-01
1.160524692629731680e+00
9.927084022285150855e-01
1.068029827467450010e+00
9.027631934704669625e-01
1.186443302735813221e+00
1.069215965050453354e+00
1.080538757297637487e+00
1.072780233341248390e+00
1.081672329338428495e+00
1.231983640809709124e+00
1.101086792490829414e+00
9.275802801612835768e-01
1.060351785728872676e+00
8.615132229592281643e-01
9.864433956244050838e-01
1.045261621430625176e+00
1.036393140398446100e+00
9.801596234679076369e-01
9.375404080305562715e-01
9.113586103734805377e-01
8.945121786186707169e-01
8.987087643828450823e-01
1.078479979484236351e+00
1.202795698231230892e+00
8.388467348849777405e-01
1.024778252704956039e+00
9.361475362644876563e-01
1.002451572259896118e+00
1.031002996907562697e+00
9.210750857110596712e-01
8.830483163245510525e-01
1.149070829356075407e+00
1.034144936623981659e+00
8.874154589393927761e-01
9.400633082208449398e-01
8.240812112108696352e-01
1.028109007176611467e+00
8.174005217656902245e-01
1.061098188819274979e+00
1.107073080879241278e+00
1.069816472209007330e+00
8.648948226779835657e-01
9.406388653879097506e-01
9.351340643404504327e-01
8.832140637364098712e-01
1.137216298771230205e+00
1.080311547870107969e+00
9.745667109020337282e-01
1.063032054400068649e+00
8.262983283182803174e-01
1.175973891716154629e+00
9.173065847643194770e-01
9.670020392198146464e-01
1.017833259346573760e+00
8.909913391727164456e-01
1.062702895207436882e+00
1.119892326643209257e+00
1.033944048178722985e+00
8.869260096840054786e-01
1.047362055820609816e+00
1.165814631843622884e+00
1.038874703721643034e+00
8.236541860142664317e-01
1.072506328883775506e+00
1.014798436689560823e+00
1.012752362311182264e+00
9.588451785888814083e-01
8.536386271614501142e-01
9.303703984593852949e-01
9.499610030177347841e-01
1.124081632786186002e+00
1.054776089250562210e+00
8.443669513723610631e-01
1.008545870661347710e+00
1.106669914553821021e+00
9.919931157880577111e-01
1.143800615056855374e+00
8.906999035201946802e-01
1.068626656913162387e+00
1.079408206982863216e+00
9.545773568367736939e-01
1.027133301517906272e+00
9.247386527411805002e-01
1.011619278156739909e+00
1.007519082035666314e+00
1.138820190759564088e+00
9.521598152320063235e-01
1.118058583694673258e+00
8.101854563878991833e-01
1.054130343527267311e+00
9.690936818778248529e-01
9.654661168729412601e-01
8.416491400432599690e-01
1.128190409931916660e+00
9.380232718197909492e-01
1.130159770135225283e+00
1.063660293659092870e+00
8.719139311181287599e-01
1.093389902572899919e+00
8.680707505606689578e-01
9.890451354944287399e-01
8.070083069804262488e-01
8.599313809719094648e-01
8.647974392408999122e-01
1.113422731289843037e+00
9.146364274602060140e-01
8.514299133659666285e-01
1.176459344590804479e+00
1.070459778253569194e+00
1.091605871183392029e+00
1.067200749022666706e+00
9.865223445883841702e-01
1.119447362133786816e+00
1.020568132040040599e+00
1.102123296942301156e+00
9.817044314549311368e-01
8.889860297400791200e-01
1.094346886062022906e+00
1.036100397382442750e+00
9.419160576775580385e-01
9.696239125412875470e-01
1.106298720573851924e+00
1.132660256069777605e+00
9.807031234875506209e-01
8.219267749189596017e-01
9.884258884489159902e-01
1.065836605885413180e+00
1.143466881704641835e+00
1.067847187326057323e+00
1.085029356065697614e+00
9.789937005474040888e-01
9.911279865003477241e-01
9.355721743907834398e-01
1.114658011868350673e+00
1.180209058336691985e+00
8.653833697726636132e-01
9.596958408676634633e-01
1.125673052860056700e+00
8.259258162242326673e-01
1.117098054401549634e+00
9.683031653671451133e-01
1.106548150311623901e+00
9.800472107137325750e-01
8.468717103732417151e-01
9.554549048202101158e-01
9.213258876539165421e-01
9.446397385969660387e-01
8.593836619553301137e-01
1.146174377782849696e+00
1.020755405358537038e+00
1.003339684959202671e+00
1.078530227958821142e+00
1.173129605666490605e+00
1.043079625382258513e+00
1.056179313983010681e+00
1.017298965737139849e+00
8.965199484216422876e-01
1.041505199385537317e+00
1.164072426655678116e+00
9.231561425007630550e-01
1.009010884095774330e+00
1.099705075238192498e+00
8.878400486397435287e-01
9.221035236004748725e-01
9.813987626284340626e-01
8.558428800317268159e-01
1.044034535827928156e+00
1.010519395470548698e+00
1.026260634726403609e+00
8.631361940417010548e-01
1.115506364307718767e+00
1.147640349256694448e+00
1.088873518077241975e+00
1.020631481891436376e+00
9.073632969492648748e-01
9.800121181585395025e-01
1.002096845190900698e+00
1.118480387738372439e+00
1.026971277116614178e+00
8.348939005421980308e-01
1.049386073210142101e+00
9.525874646603225138e-01
9.485960276597478202e-01
8.211801401719385218e-01
1.089090937543099935e+00
1.043843193771903044e+00
1.079596921229231787e+00
1.010315520262727418e+00
9.610198465581871741e-01
9.508269151864421342e-01
8.394611972587679993e-01
1.131540990008327752e+00
1.125541889239511928e+00
1.150295598275057340e+00
1.187484941896009172e+00
1.097873222089648548e+00
1.131007723895812056e+00
1.036155168023149331e+00
1.078293762265415845e+00
1.104465137847658429e+00
9.741382517523082818e-01
8.534867246977680955e-01
1.020921910295210289e+00
1.196942319106953923e+00
8.856872719786271775e-01
1.054348699454149774e+00
8.827491438602119711e-01
1.200034142807893556e+00
8.067551073498298031e-01
1.196730780469878574e+00
9.145155985879458438e-01
1.006345401997590816e+00
1.069171458176080725e+00
1.054242417538618470e+00
1.119214139464492330e+00
7.914575750068806315e-01
1.062427733549857090e+00
1.079826516300898653e+00
1.085055908688038473e+00
9.752659458157241223e-01
1.017103737288720167e+00
9.924542628530210742e-01
1.062681174674984019e+00
9.286476461233346136e-01
9.494719161541347319e-01
8.540085810039921288e-01
8.878029399005875621e-01
9.697821193753197733e-01
1.133313429062752453e+00
8.699726052623448780e-01
8.823306476924506203e-01
8.134176037292417671e-01
1.059676451761174754e+00
9.216598842914147660e-01
7.954490585130835623e-01
9.438910013719684633e-01
1.033963258804541763e+00
1.154904781738771202e+00
9.416593727040496464e-01
9.763341777891227924e-01
9.702468108142415781e-01
1.186167319274711751e+00
1.070323252138401848e+00
1.190140279595167883e+00
1.065047030494670643e+00
1.013851659060691857e+00
1.038904145548024793e+00
9.983032652821336450e-01
9.626034839097087348e-01
1.077393197323549767e+00
1.058174194938426904e+00
1.135366430012789252e+00
8.601919781438777113e-01
1.098711740611650667e+00
1.137297728532653762e+00
1.160886790288183867e+00
1.040860860859333270e+00
1.064457207453148424e+00
8.686013309356115375e-01
9.802182079685889393e-01
1.018798758506660462e+00
9.645417753202623068e-01
9.802603881730924673e-01
1.154802478659331166e+00
1.062586109767255094e+00
1.179654420896621536e+00
9.074413160897989439e-01
8.644101448165661949e-01
1.044646040043737178e+00
9.576708094032830854e-01
8.677141284509025665e-01
1.052098251382838967e+00
8.524861333878698266e-01
1.012720810291230400e+00
1.171497905869352874e+00
1.063442024712763168e+00
9.983148012305540497e-01
1.083443155200081609e+00
1.142116205722113476e+00
9.116034130482894016e-01
1.078055584324721483e+00
9.636950208477214064e-01
1.043229033847490328e+00
9.364303497677879395e-01
1.002789484745718385e+00
9.206957948392976432e-01
1.031671428887390718e+00
9.652104647769086387e-01
9.922702500200504261e-01
8.774185961458048633e-01
8.637568339460452993e-01
9.793559978626729112e-01
9.017992966487697881e-01
9.656365970904630114e-01
9.264528643278278075e-01
8.729864228360699752e-01
9.939321921413321048e-01
9.457953822596136817e-01
1.154497389175019206e+00
1.019585268404614276e+00
8.849539497340916938e-01
1.069472411344858598e+00
1.051690757461765990e+00
1.030256507628863449e+00
1.027102293409380751e+00
9.510705447644972610e-01
9.912389038863698154e-01
9.997472330671361984e-01
7.779575666123736966e-01
9.756007945973605988e-01
1.068615684153022105e+00
9.624333224376822038e-01
8.672392868518232767e-01
1.014713755387840255e+00
1.118208300639664143e+00
9.561633721951647846e-01
9.861520328293926774e-01
9.758121070825358512e-01
1.060310796491230834e+00
9.009658576269873320e-01
1.001554575005827008e+00
1.104075835692667429e+00
8.248631516399406172e-01
1.151005119581515634e+00
9.598975993719465194e-01
1.072333248924976168e+00
8.812826167617943129e-01
8.578304619792329611e-01
1.041431504001933295e+00
1.007961733805620153e+00
9.675188043388627257e-01
1.198156970184951708e+00
1.003728496686140392e+00
9.340925962121164883e-01
1.004261159070289011e+00
8.426964483356016444e-01
9.584330582484310579e-01
1.003038057510545533e+00
1.103265563772317215e+00
1.101094622839163151e+00
1.033510553770944806e+00
9.452762690501106402e-01
9.574950052149159285e-01
8.118626898794010227e-01
1.135815529319607498e+00
9.617077138622642796e-01
9.382099364773357486e-01
8.895479550275346980e-01
9.596211423844285271e-01
1.076394850667605985e+00
1.070650597502128987e+00
9.000726639386231742e-01
9.972455743278856310e-01
1.139015018673286805e+00
1.037846798010334304e+00
9.302435331305426436e-01
8.836331634313899785e-01
1.080724725927387997e+00
8.612980820386215708e-01
8.352315966636286726e-01
1.115580901539264591e+00
1.087379632659905671e+00
1.054278581018170957e+00
1.156922181234231406e+00
1.179156609329914840e+00
1.069419871539778910e+00
1.023752216298658091e+00
1.178462700606528024e+00
1.047294837106350407e+00
9.701698972004692001e-01
1.049182054631186078e+00
1.119494646690398554e+00
1.038000517493872898e+00
9.256788928892620838e-01
8.728893633717726974e-01
1.168982957398050138e+00
9.090026329642977299e-01
1.028876390988793021e+00
9.718431597995937921e-01
8.924583667505667783e-01
1.093464048315771819e+00
9.297843883442629132e-01
1.038402199728479802e+00
8.614285999360553614e-01
8.182928629563518408e-01
1.090708299011909022e+00
8.508029845998198448e-01
9.275303429782617570e-01
1.028779643127345267e+00
8.864815684554392394e-01
1.083061345190838631e+00
