1.109258010911756687e+00
1.010637101948900440e+00
1.105141993170134507e+00
9.769026133629320485e-01
1.166235760980194769e+00
1.104102152206525966e+00
9.939143866799862170e-01
1.026021799556449121e+00
1.101747597237718646e+00
1.142756780257702554e+00
1.159746063685019646e+00
8.151173287990095551e-01
1.180054163838724079e+00
1.099881215178748484e+00
8.983715356818033904e-01
1.048449545313699716e+00
8.924583732192392649e-01
9.097461864606285475e-01
1.021188426196164123e+00
1.055562173110750734e+00
9.903089987472452060e-01
1.066647130523709297e+00
1.006376395196432849e+00
9.715652159684723399e-01
1.044973292824008970e+00
1.010394110182522454e+00
9.396625482816268748e-01
8.903114602731632132e-01
8.994026907775565238e-01
9.591136839546172688e-01
1.155813949359709047e+00
9.314658940949971377e-01
9.099417551995999665e-01
1.018535502861837472e+00
1.126557974510668858e+00
1.114008580169902674e+00
8.416042353394856956e-01
9.027570189365026199e-01
8.538394912310580676e-01
9.534090783218072129e-01
1.068734249221363619e+00
1.147069230515794791e+00
9.682148920482056553e-01
9.237037223855655288e-01
1.117433609339172351e+00
1.059095727290402911e+00
9.496004985657200415e-01
9.001435280844026776e-01
9.215694015742202927e-01
1.107547870636219400e+00
1.099386044909445026e+00
9.553602517897792357e-01
9.847982860329855814e-01
1.095819411109510533e+00
9.215271923524486208e-01
1.023514563070214933e+00
1.097867713774939302e+00
1.080196411103700349e+00
8.793359465649583928e-01
1.077135519992205026e+00
1.103778179389527159e+00
7.897142225709339325e-01
1.099375221303787509e+00
8.956363455834617238e-01
8.894168990335228342e-01
8.880466748709527902e-01
1.141363804412340421e+00
1.140131231521352095e+00
1.140931187976102601e+00
9.649617064522697518e-01
1.035481168502562443e+00
1.134014041071807588e+00
9.492732797058693883e-01
1.078497046303223961e+00
9.264834759422819754e-01
9.211001344749096820e-01
7.858462578020832812e-01
9.151725748537905547e-01
8.496152946127382144e-01
9.953326363832386559e-01
1.037017826276172894e+00
1.013617369311945238e+00
9.056471742116005696e-01
8.562347391775159133e-01
1.138271586095551680e+00
8.600689663522109729e-01
9.200437604287776683e-01
9.003559031287504677e-01
1.109019717219906997e+00
8.925863144217469625e-01
8.793868291992059660e-01
1.021916980251707185e+00
1.100745590796362361e+00
9.294505493643344662e-01
1.102739673043873880e+00
9.259310215151128620e-01
9.343025330570968734e-01
1.084723380199620779e+00
1.070903167291316294e+00
1.037435439750166388e+00
1.056198462049059206e+00
9.276412141813579204e-01
1.015482741908853459e+00
9.398413512643262191e-01
9.691057729139371801e-01
9.752668091310416898e-01
9.946801828534355128e-01
1.060519572623413787e+00
1.025578047565332440e+00
9.499537002582421064e-01
7.815748286830304092e-01
1.044874712610469603e+00
9.838516806822372729e-01
8.799414791228441501e-01
8.441187884604561820e-01
1.007175012052690777e+00
1.116752207786687157e+00
1.130919936157811057e+00
1.125187536811168565e+00
1.130848654986010171e+00
1.090565973816875811e+00
1.011105318826297284e+00
9.961818052505876375e-01
1.015560746071936027e+00
8.461596531419052214e-01
9.895222834491584907e-01
8.765949200866672841e-01
1.050035837741438494e+00
9.967217068642062472e-01
1.010055448330934524e+00
8.248877613240348516e-01
8.703256481170128511e-01
1.070850481089867801e+00
1.075554126025248358e+00
1.025997600284398015e+00
1.220489687975856219e+00
1.002729039541618850e+00
1.019153906196466286e+00
1.019834216793160442e+00
1.138192437239142762e+00
1.110545425421360033e+00
1.061120155236287665e+00
1.122471261405304732e+00
9.400336846867920482e-01
1.010433425890883363e+00
9.651335257186062222e-01
1.104079794836082762e+00
9.604055867495265852e-01
1.043557791805547419e+00
8.832052427988985599e-01
1.023657404866458176e+00
1.053575100845008494e+00
9.600239092586841938e-01
1.101902616155398418e+00
9.173593617096227337e-01
1.141914742114622072e+00
1.043723989699051113e+00
8.797288391429972654e-01
1.037668856531678951e+00
9.333040215720117549e-01
8.987563374133892280e-01
8.894331236999079016e-01
8.892547110378468123e-01
1.094697752600121365e+00
9.167438125398328364e-01
9.686686065534479972e-01
1.135485243087123175e+00
8.846458225599583836e-01
9.044850494820587672e-01
8.417020118018861963e-01
1.134335393491892052e+00
1.102944496291499155e+00
9.016157216588635004e-01
8.832790025855633553e-01
7.701691583082639347e-01
8.299596567054272622e-01
9.871048456305329122e-01
1.020608634279984717e+00
9.587195256817646616e-01
1.072763162733092690e+00
9.971363411284550615e-01
1.108788479222566625e+00
9.739764513797612988e-01
9.168876344177395721e-01
9.392718055052907689e-01
9.791831550805214501e-01
9.025730628444792458e-01
8.941277430515736091e-01
9.081981156625298368e-01
1.029050205366622839e+00
8.879056527513647934e-01
9.534820628206510662e-01
1.077869616508990935e+00
1.118682861947198237e+00
9.779128504848110248e-01
1.071246358636672502e+00
9.734850202870093394e-01
9.364133529517131294e-01
1.094820272713896037e+00
1.077228347833241395e+00
8.933597399053838650e-01
9.784709112646817752e-01
8.926283012703029041e-01
9.059335180864486192e-01
9.598657990431853637e-01
1.026398579142580925e+00
9.925145197854419177e-01
1.070209431014510493e+00
8.384789708314813739e-01
9.323834597227809162e-01
9.512859297649717272e-01
1.119573245305438780e+00
1.009114592028439450e+00
9.086651247195312031e-01
9.753202181716513763e-01
1.110081156602377161e+00
1.110441985723893410e+00
8.327787190231289438e-01
1.200661760143813206e+00
9.629035481249959005e-01
8.080143039351886936e-01
9.096546267631292482e-01
1.070963106191117786e+00
8.633678560019230064e-01
8.840761009452593466e-01
9.356726163768460669e-01
1.001653567622970753e+00
1.124071308814257319e+00
1.093875903432275365e+00
1.118389629982291966e+00
1.007434859278880879e+00
1.145931042118685017e+00
1.003256392492954063e+00
1.026093122677454561e+00
1.059943825399801254e+00
1.089883124729241981e+00
8.809521065067309475e-01
9.732602289696483666e-01
9.412206660057149676e-01
8.684708517960783025e-01
9.471030141214820119e-01
9.489219810682372191e-01
1.049863882660885039e+00
1.041511783178601824e+00
1.070101123387940278e+00
7.868495246907143414e-01
1.207571909119137255e+00
1.077091327228209661e+00
1.019295120430618429e+00
1.179054306155629117e+00
1.040522944688108131e+00
1.140801020268704447e+00
1.037947634271887187e+00
9.337092913675547612e-01
1.132083635619290485e+00
1.002583039758242478e+00
8.557654800426882646e-01
9.721879803530323327e-01
1.042229187741128049e+00
1.043567843055144717e+00
1.018460173813833691e+00
9.745901727831368655e-01
1.106177255430796924e+00
8.509502425894917010e-01
1.008037917917197213e+00
1.008415229623658593e+00
9.478116675677666914e-01
1.023138098076179503e+00
8.734560957809256454e-01
1.035426054149229280e+00
8.313614857808044878e-01
9.269694973259128279e-01
1.166789053186815917e+00
8.788054459752304703e-01
9.258076615104253726e-01
8.098096918451864745e-01
1.205258663632780225e+00
9.231566997170395084e-01
1.202701129316884332e+00
1.137635449505606244e+00
9.780681503754578010e-01
1.106771063384127451e+00
1.179507356818543462e+00
1.150065149441116263e+00
1.182839664599241392e+00
1.169631762136027264e+00
9.483896508652442936e-01
9.889611432918226086e-01
9.292057631136924067e-01
1.079818973007997451e+00
9.200411380187083488e-01
8.863960839985827178e-01
9.290234766750921080e-01
9.933306696507507860e-01
1.120742064362865831e+00
8.807720287441823670e-01
7.832567194464282734e-01
1.130548040647811447e+00
1.176112541399683575e+00
9.772189077826975989e-01
1.159320277042224401e+00
1.036589387587250055e+00
1.101360598526482049e+00
9.427439126405743330e-01
8.524138405326837642e-01
8.777407540382324846e-01
1.020084625209679130e+00
1.075926557088117574e+00
9.697268482383309962e-01
1.072566640171953134e+00
9.660796662252659761e-01
1.163688138788328219e+00
1.071308140959977617e+00
9.371803364510271628e-01
1.171875691613542658e+00
9.378956133942920603e-01
1.129645855728411030e+00
1.161451317282797380e+00
8.978275717201033013e-01
1.164245573250292987e+00
9.184967434374475825e-01
1.098790726845647159e+00
1.132594317830503350e+00
1.060915923451569709e+00
9.090807347325826626e-01
9.422996391988536224e-01
8.993833440866292328e-01
1.099946345054968466e+00
9.639158086622520161e-01
1.044221627808959774e+00
9.085686469436100587e-01
1.135608771129147376e+00
1.119070622216427724e+00
9.377860800444292044e-01
1.101813013069119496e+00
7.875425034036290795e-01
1.008412042116788587e+00
9.793578613455924398e-01
9.801602480441933274e-01
1.149325014079907614e+00
1.012150887427410328e+00
1.002690165823342472e+00
1.142208720428884661e+00
1.013985974373617038e+00
1.198549055346314063e+00
9.795672091260051451e-01
8.678094725517702113e-01
1.096723039029036784e+00
1.134721720833418157e+00
1.078369852496078085e+00
8.118655428552650211e-01
9.233702695596541776e-01
1.016726156418968463e+00
7.654675277569928937e-01
1.014576838679170701e+00
1.115658553084062143e+00
1.071131496870198596e+00
1.188730013995313195e+00
1.038023746486870236e+00
1.152398348436256992e+00
9.056177412694996764e-01
9.844306119301733382e-01
1.066003830018471099e+00
8.302590406002261503e-01
1.127924015122887313e+00
1.162005894201657119e+00
9.361647594255833038e-01
1.070547994781378742e+00
1.132757699566940612e+00
1.087790471196898645e+00
1.121687447797609094e+00
1.046577071823095340e+00
1.024764138751629527e+00
1.169213767463671783e+00
9.948228106843363117e-01
9.278899190781253470e-01
1.116767110822731723e+00
1.199173347861050676e+00
1.081482791841971380e+00
1.123069922720177249e+00
1.140715968923919021e+00
1.069481956817548651e+00
9.791856854004743482e-01
1.098452212907026659e+00
9.215057563562079057e-01
1.184651819731519007e+00
8.525327206202016894e-01
1.107057831832623629e+00
9.368114922956559676e-01
1.031034099288867356e+00
9.967580319751121465e-01
1.009125929723098114e+00
8.761916108245142443e-01
1.061436305226208798e+00
1.056907793524578087e+00
1.022590267511795048e+00
1.130175164695760071e+00
9.560808508207880863e-01
1.145301948539553250e+00
1.021652545883881436e+00
8.839545236807428985e-01
1.145111987348861771e+00
9.222107322898451809e-01
8.253558607181865625e-01
1.069731773182511114e+00
1.144197185098082326e+00
1.020852485738485083e+00
9.410412439618784930e-01
1.021597871793989531e+00
1.098332894283633676e+00
1.024813748194034257e+00
9.942782064651113361e-01
9.224736512808491273e-01
1.097395502121052413e+00
9.816037970509212673e-01
9.862346933652121894e-01
1.055391572165941927e+00
8.933191059354339547e-01
9.019707575096361785e-01
9.145662782384236245e-01
1.024212199003725399e+00
1.182459697462393544e+00
1.074911748363769126e+00
1.019425099640514532e+00
1.005522377255687605e+00
1.001895295580061740e+00
1.130211408993792244e+00
1.004489564791281042e+00
1.021256899165334131e+00
8.476136426162266257e-01
9.871725845330776572e-01
8.469443441469253209e-01
9.013470782493493427e-01
1.163381367483493189e+00
1.157053405907430887e+00
1.005558477386763849e+00
8.103066053532395063e-01
1.056152217912241342e+00
1.056560195014525805e+00
1.041210207011455502e+00
8.439639085552141928e-01
9.627859265733216265e-01
1.075565966893583303e+00
7.895327538702828774e-01
1.051058320521042200e+00
9.098394325277053829e-01
1.169542705490759893e+00
9.117437279223836732e-01
1.117281676911437760e+00
8.239017190360276022e-01
1.055219100213631744e+00
8.964238724003860126e-01
9.661319033290036717e-01
8.802492975210500781e-01
9.973983766826359787e-01
9.796981631843009186e-01
1.031565751273082476e+00
1.009826119185308180e+00
1.005771217763685943e+00
1.011389757627738639e+00
1.053642967444095024e+00
1.037220608308100145e+00
1.205887238033468201e+00
9.071085034904629030e-01
9.615634221912078283e-01
7.836895549718589926e-01
8.793826037558929443e-01
1.009747154127074609e+00
1.119846601792880980e+00
9.328417087679516939e-01
7.773535062084931946e-01
1.096354939822271612e+00
8.896752421646458853e-01
9.944767159329541695e-01
8.678029642700495483e-01
8.797965988890703581e-01
1.000590586432348550e+00
8.002464288406765380e-01
1.053679290884353748e+00
1.108809243673134493e+00
1.098439378433283542e+00
1.073780335219043591e+00
1.128585061076377682e+00
8.740981104455718409e-01
8.721250483794019681e-01
1.078319948799902672e+00
1.082075753622551373e+00
1.087310096307272822e+00
7.903528592212185622e-01
1.050623793088806490e+00
8.942028495438356650e-01
1.124511312057730361e+00
9.147632218757175693e-01
9.492608968838367467e-01
1.069303795194658013e+00
9.252753029088232051e-01
1.155430479893483131e+00
8.580428609958156150e-01
9.403245206015404811e-01
9.385778815555961829e-01
9.578395565343464924e-01
9.678232142309481922e-01
7.964477610288673848e-01
8.495522990754116321e-01
9.450007366053905233e-01
1.033010732241786522e+00
1.023950020384837734e+00
1.060509667770449971e+00
1.009185058468431873e+00
1.084681180004774426e+00
1.100399398705482312e+00
1.009105319095073394e+00
7.896496034880573500e-01
9.584820363004344923e-01
1.147694469548783180e+00
1.015160987292778483e+00
8.543564012193467505e-01
9.489304545971760652e-01
1.099240324600272434e+00
8.307102356200092297e-01
1.032147155494530955e+00
1.122971835024511922e+00
9.036706472504016929e-01
8.387453885220375049e-01
9.917350377000562212e-01
1.158420389313450150e+00
9.025627600928494143e-01
8.489583159325577721e-01
9.426332109375512580e-01
9.770374140945503605e-01
1.141590129925735164e+00
9.021527021213664455e-01
1.028868950026940565e+00
9.638355394023336853e-01
9.631163653816008363e-01
1.113616037640019707e+00
1.090212963324323825e+00
8.304246020484227220e-01
1.000800893764863808e+00
8.528152746374582094e-01
9.528167902867357153e-01
9.479999504044998027e-01
1.000957822302844802e+00
1.020705636659567261e+00
1.025020900703262239e+00
1.061825294927741803e+00
1.005455884018650270e+00
1.016476776598337350e+00
7.992892830125633008e-01
8.216336861523736435e-01
8.745777859168735180e-01
9.316727877585051498e-01
7.985838392685222775e-01
8.919458175332987127e-01
1.094765201760757867e+00
9.984265761768672531e-01
1.018890591110148014e+00
8.229951710596039582e-01
9.098287518491974257e-01
8.238959396899168119e-01
8.277693863702068056e-01
9.747179845484115202e-01
8.779250199434829316e-01
1.069222367442180577e+00
1.066352273092770364e+00
9.665238802609112945e-01
9.114624682736687244e-01
