9.656241476770699439e-01
1.085647895551975495e+00
9.461087282780971108e-01
1.059259802761513436e+00
8.574905426184625812e-01
1.005705247888053933e+00
1.087434125774830118e+00
8.820327542901416074e-01
1.007561298450366127e+00
8.741366533931007599e-01
1.030621048453049360e+00
1.160809476552300712e+00
9.204707200902313424e-01
9.680719430852723351e-01
1.024078395012935516e+00
9.543037088577177585e-01
8.855554283074862365e-01
1.023492250515500190e+00
1.175114363837288733e+00
1.171229003996012263e+00
9.703921698600604939e-01
9.386101842148613095e-01
9.784803929997440974e-01
1.020420318338080001e+00
9.867493754953509111e-01
1.074010609671693706e+00
8.347680133995245555e-01
1.108757071739286060e+00
9.240316452755039656e-01
1.048711373346788989e+00
8.350455285901327018e-01
1.017705787352692237e+00
1.035135906967228347e+00
1.015547601672353473e+00
9.255728560604969957e-01
9.533097197254465360e-01
1.084418325212102907e+00
9.512563332528718441e-01
1.153562306340191856e+00
9.755655402092124895e-01
1.048052975160492339e+00
9.398145442210217304e-01
8.679293614830654313e-01
1.049494399816933266e+00
1.026046777053102987e+00
1.131349260732293915e+00
1.217851300587342145e+00
1.016684970588858317e+00
1.141209012714007764e+00
1.165977531331691130e+00
9.173698298010024565e-01
1.034054493270650577e+00
8.980031679493889474e-01
9.868480274587637657e-01
1.142253534525684788e+00
1.118418172497128049e+00
1.053747044746869976e+00
9.995619506993267400e-01
1.099201025278653265e+00
9.990521100345384209e-01
1.050625720355378157e+00
9.357058033862488688e-01
9.065180790641320652e-01
1.018080951580483617e+00
1.040719273325808381e+00
8.729302774222092998e-01
1.181510668141403597e+00
1.000469946693082202e+00
8.950783964015932570e-01
1.176539805344261058e+00
8.589180297677789788e-01
8.463089473268847751e-01
9.613420687191710501e-01
9.307132085562141999e-01
1.018675051659346797e+00
9.058214165238197557e-01
1.062097297718907596e+00
9.937875137566078987e-01
1.068092188649152563e+00
9.415411692330182269e-01
8.947045616698985349e-01
9.816544307600871822e-01
1.176375402853550689e+00
9.862210079866171597e-01
9.790287992791792959e-01
9.471366906879752356e-01
1.112970844337603848e+00
1.073324792565453434e+00
1.127710212025001990e+00
1.025326807808535357e+00
8.302610531018923545e-01
1.097882913921301995e+00
9.922191818161067989e-01
1.013967410183422402e+00
1.046297725946449431e+00
8.897686905335668861e-01
1.108321406196378200e+00
9.230777273962806895e-01
1.102640776596478744e+00
8.883321364069787229e-01
1.093861561130927029e+00
8.433942923573155559e-01
1.032566834694492730e+00
9.831278661820213038e-01
1.156110672577251197e+00
8.301114452795866905e-01
9.609852199791742988e-01
1.025450932536860371e+00
1.015122133872413901e+00
1.200290457947831069e+00
1.096338520513580050e+00
8.650875522441294763e-01
1.128811702882789980e+00
1.103876798415996507e+00
1.069943076917336588e+00
8.716289687843896683e-01
7.588983056306455310e-01
8.593807992548746499e-01
1.156920068571241522e+00
1.184051021494746392e+00
1.106027672495393910e+00
1.059658141762099381e+00
9.954610540389813300e-01
8.701874250151160339e-01
9.697807092711530075e-01
1.118322528140260674e+00
8.387165199051467290e-01
1.134245505402065923e+00
1.174978586770309974e+00
9.912392536456855474e-01
9.851555129569367075e-01
1.067178705618784917e+00
1.077068259864513600e+00
8.659322383206837781e-01
1.150794692370592953e+00
9.910412930153015276e-01
1.082589015978209002e+00
1.047718455527773207e+00
9.198390244558256601e-01
1.145852291749714036e+00
9.962968027306149388e-01
8.842899111761926001e-01
1.128437832252422890e+00
9.383059376508660065e-01
1.010994036330017387e+00
9.720713804199071495e-01
9.125225666928403756e-01
1.086287383195986722e+00
1.013212655735975964e+00
9.375254993747642596e-01
9.385022159501155148e-01
8.127243287197456478e-01
1.034585475724115744e+00
9.288012675991428324e-01
9.740594331738734457e-01
1.102669187680976659e+00
9.644134869154804557e-01
8.974105093424938895e-01
1.091663672600576618e+00
9.281845878808187011e-01
1.111889566698157861e+00
1.097452235342453175e+00
1.000528862273803998e+00
1.081059479400203749e+00
1.181712906378910910e+00
9.100189206342719217e-01
1.136656315290110131e+00
1.005787819784516479e+00
1.031655978777826999e+00
1.174408257037722336e+00
9.734610494377013978e-01
1.053605158058960267e+00
1.047441645148609712e+00
1.109002509564925631e+00
1.052315366131708174e+00
1.138635063093463629e+00
8.710364558673002744e-01
8.329517215781065964e-01
1.058749822065745416e+00
8.334903004006046778e-01
9.282655203239409403e-01
1.097720044310660503e+00
9.718579909543320072e-01
9.123545871802294371e-01
8.734202102504429188e-01
1.049849702888943748e+00
8.965140523033883202e-01
1.000920902541856616e+00
1.123212348431344987e+00
1.055699425586952733e+00
9.830820324388074294e-01
8.452007416768321235e-01
9.852654486236736009e-01
1.035168058476972908e+00
1.005919475469286617e+00
9.336538388214092876e-01
8.990600270032167440e-01
8.425245090199269260e-01
1.130191653974191635e+00
1.122673075104807294e+00
1.060246278757934979e+00
8.470344118935593247e-01
1.147762270426110565e+00
1.049097612822959658e+00
9.473977959497994483e-01
1.177970711592476905e+00
1.201630450092443292e+00
1.126191882660532384e+00
9.619883185423290239e-01
1.024615615857029205e+00
8.803892137177418142e-01
8.631571990505223502e-01
8.228319321155980193e-01
9.334245581083360221e-01
8.889259457695668498e-01
8.106244139658507208e-01
1.028181121165678169e+00
1.151077475495780877e+00
9.981877867667863224e-01
1.139122226902725465e+00
9.677165068610391607e-01
1.081006013768030627e+00
9.315435056469119068e-01
1.088218669642435410e+00
1.015515576911991902e+00
1.071501967486375939e+00
1.088987346896992170e+00
8.952065777424742521e-01
1.058799405759424106e+00
9.073094008397784016e-01
1.098430619959557264e+00
8.284260374882994604e-01
1.089725189067636046e+00
1.134496393753127164e+00
1.022855058934351025e+00
9.985665071818351501e-01
1.119206963844849190e+00
9.565714958982005633e-01
8.528453517864895694e-01
8.393122353274072855e-01
1.133140933436483921e+00
9.966480615732236092e-01
9.568282189807960636e-01
9.678477433089798243e-01
1.059329580139813043e+00
8.689025578009603734e-01
9.855226450487815093e-01
9.711350693621669805e-01
9.411902611739666469e-01
9.556221305017051915e-01
8.370791842902804980e-01
1.073038707079238430e+00
1.006371315322488247e+00
9.923595653885928236e-01
9.897878102467791983e-01
1.073870731355791808e+00
1.020195925942600335e+00
9.259935699811048249e-01
9.390977174175662023e-01
8.222502851220929720e-01
8.141351748656735499e-01
1.119349556161284509e+00
1.034060732983292707e+00
1.105293388949961209e+00
9.489139545946339016e-01
1.029154441738807879e+00
1.056361204826328448e+00
1.119945965781265151e+00
1.027112195008071716e+00
8.196937458321378323e-01
1.077326991397844935e+00
9.313349252688412072e-01
1.239081433737995175e+00
8.936931759424653343e-01
9.430609330185102390e-01
9.607590307913596028e-01
9.031109880110792520e-01
1.123023637745906411e+00
1.102269406809599506e+00
1.020363321893411390e+00
9.299986541501070736e-01
1.150867897974456655e+00
8.642425260998664038e-01
1.198497030188114820e+00
1.006112102587491286e+00
1.192139816881185199e+00
9.157252321371412984e-01
9.235225477719579690e-01
9.229371385707163533e-01
1.066936884712444522e+00
9.644842403955710131e-01
1.144235610492476685e+00
8.942813572501001618e-01
9.388023784851988740e-01
9.392648781819673554e-01
8.698475715451905455e-01
1.150289632318768351e+00
8.549008589608828590e-01
1.093938114462704947e+00
9.983309348639148872e-01
1.078145051083504669e+00
1.083996630739173295e+00
1.080318720148628397e+00
1.134489436817512464e+00
1.120473815944494245e+00
9.625215754856606409e-01
8.214059250600959095e-01
1.068894856894019307e+00
8.984448646119136406e-01
1.049976597869196171e+00
1.087372221089210944e+00
1.052423218790679238e+00
1.019913089883588420e+00
8.901910269529865749e-01
9.346064106975897623e-01
1.176501536192230857e+00
9.451209409405512130e-01
9.759889965373429455e-01
1.046777578565750932e+00
1.131618936283936172e+00
1.202508838385300427e+00
1.195489328573447807e+00
1.029693161468122398e+00
1.119960090760199867e+00
8.826055174785640833e-01
9.564784473563230360e-01
8.543518625958913537e-01
9.601668439676669387e-01
1.006121593687022253e+00
8.896982431265478830e-01
9.414312049693829287e-01
1.146880884507971432e+00
8.552649239263381276e-01
9.515904420273564313e-01
8.164402317469667825e-01
1.198045965900523369e+00
8.695933536815892984e-01
1.041574967816531805e+00
9.615494111108749964e-01
1.141938443058984065e+00
9.776162533546228772e-01
1.010151639923887013e+00
9.410520129079467111e-01
1.106089648372887924e+00
9.054271103009680077e-01
1.178778154675838907e+00
1.103708682620811565e+00
1.008633110638214259e+00
1.042225333937205622e+00
8.688985458855070787e-01
1.185116309183195105e+00
9.342640200223318869e-01
1.044369429795498183e+00
7.826045343812285671e-01
1.181574898911847082e+00
1.078692864162241305e+00
1.155749065070672765e+00
8.146486675826766222e-01
1.122807733646967954e+00
1.013695917041538719e+00
8.812937722146998443e-01
9.420688242731726225e-01
1.086549298384055673e+00
1.036448156021892331e+00
1.052004586895816551e+00
1.041298824948926116e+00
1.112055277818112309e+00
1.048661701171299532e+00
1.078950323442705805e+00
1.112681738207243365e+00
9.577876185919795837e-01
1.196521395261468834e+00
1.070145435835006431e+00
1.106075430271249216e+00
8.142459829933179627e-01
8.852812324342581585e-01
8.272638682316593162e-01
7.665298466274292899e-01
1.084787599581340523e+00
9.532711971971883358e-01
9.119252905643724372e-01
1.118374755817701072e+00
9.405207762168472652e-01
9.966270921469184696e-01
1.030389505548618523e+00
9.629469409649016320e-01
7.775542567866113863e-01
8.690574609840743259e-01
9.542244542285105435e-01
1.161957400722730682e+00
8.695528813318427197e-01
1.138212575953911898e+00
1.064718123124434701e+00
8.661555713594257799e-01
8.215994056452613492e-01
9.907814569383395220e-01
9.293853482185441273e-01
1.090543730465726169e+00
9.713916295779420063e-01
8.515412927442691515e-01
8.723990338701939073e-01
1.110535814420412715e+00
9.248927791471296400e-01
1.065865779200113383e+00
7.845579369445718765e-01
9.291267171300902072e-01
7.934751075422870059e-01
1.043732465289149314e+00
1.161445468830402783e+00
9.192479549310852427e-01
1.166771417419129042e+00
9.573833483602727235e-01
8.358911524139839289e-01
9.174382164630994207e-01
9.921973195032007808e-01
7.855121558714031060e-01
9.720336317398869941e-01
1.158230261643641068e+00
9.539171782386399734e-01
8.807709762506370499e-01
1.070920168331865652e+00
1.097474342700325955e+00
1.129174690758163679e+00
1.125670656038802342e+00
9.435164512344191845e-01
9.469168725211341009e-01
1.060074590356559154e+00
8.668039033810543970e-01
1.135347853626653025e+00
9.586390323179796447e-01
8.744650736197410179e-01
1.156770548140201305e+00
9.932974033136465764e-01
8.576005748293452635e-01
1.046992991701019893e+00
9.439362772333790286e-01
1.015358887676615307e+00
1.140592833356226965e+00
9.630133666179545582e-01
9.340474153965208082e-01
1.011242256233583880e+00
9.307094342488066996e-01
1.089952840420956637e+00
1.037000467203359477e+00
9.219306554708723844e-01
1.047100417649382331e+00
9.431767629806786513e-01
9.445817846674116058e-01
9.995701272970582973e-01
1.158107803634763844e+00
9.505973696672036510e-01
8.472337772512570364e-01
9.374946285515397548e-01
9.152371263083414199e-01
8.693851506329043355e-01
1.073094568706250085e+00
1.030794776370697274e+00
1.096529343671499346e+00
9.318251285387159077e-01
1.141671328104545635e+00
9.856832513633485560e-01
1.128353790817733016e+00
1.025404430124330579e+00
8.795931354334076691e-01
1.068945510757868256e+00
1.080185838953843680e+00
1.068557750558096098e+00
1.013101752480251028e+00
9.778407649600198148e-01
9.770903357102981301e-01
1.033990941979731737e+00
9.813043893181289112e-01
1.049380489304567954e+00
8.486677873401513583e-01
1.109933893605194566e+00
9.432612289458169874e-01
9.630192232501503247e-01
1.035196014048721525e+00
1.184191139576378227e+00
1.153135778393581168e+00
1.058815801119093125e+00
9.366153455040155951e-01
8.421663144303466186e-01
1.061977390935207932e+00
1.026354257835719652e+00
1.180149645350239807e+00
9.923319152488194739e-01
8.985932001972287697e-01
9.201370909412694976e-01
1.143006655757188517e+00
1.112715520891808474e+00
1.105952547686988918e+00
9.628153717720968618e-01
9.760385581128485644e-01
1.041963465355223661e+00
1.005511208588199867e+00
9.743365700736336121e-01
1.115722016860731358e+00
9.913942267708235612e-01
1.093281498286539311e+00
1.005060774775637933e+00
1.027138656716300558e+00
9.428852313334890045e-01
1.066120157546967651e+00
1.145821387587036888e+00
1.214785548144809768e+00
9.051690696242447043e-01
8.534349418371074414e-01
9.401105295943112949e-01
9.955529795450881458e-01
9.810935306845293136e-01
8.933582845441445652e-01
1.080587059586655574e+00
1.045407821755278688e+00
1.062775451788191994e+00
9.840311448645084891e-01
9.766987048778059677e-01
1.191648066757004853e+00
9.683088349333740519e-01
8.988391564445084025e-01
8.843601903931830321e-01
1.000613410350836174e+00
1.061193963443178401e+00
1.095253381995613617e+00
1.006407850903241030e+00
1.205297130930024441e+00
1.012922171433684682e+00
1.120955555903288214e+00
8.450873275581001209e-01
9.041249280137337863e-01
8.494448556615709078e-01
1.074775370770388205e+00
9.470894164612713162e-01
9.173386362999127464e-01
1.122496569088433649e+00
9.805240857084405182e-01
8.666003063382208271e-01
9.559089280081918272e-01
9.535405152237517168e-01
1.041466434377557482e+00
9.957153575889672315e-01
8.764345291492501300e-01
9.024541604264094685e-01
1.045360823667882855e+00
1.055511211923094939e+00
9.118984873677384861e-01
8.846984270779072457e-01
8.701779653565534511e-01
1.151912705899667655e+00
7.698684299806420883e-01
9.590773899990381324e-01
1.145618861004042088e+00
9.259669057258210767e-01
8.813913606690042535e-01
9.439661420150862181e-01
1.093951891486469874e+00
9.475127803778591318e-01
1.017942386955976719e+00
1.097503648286216382e+00
8.803717412786318253e-01
1.032086552222993170e+00
1.045805363433619295e+00
1.117945782951468292e+00
9.293437145124197052e-01
9.772652703646071970e-01
1.069354855100476342e+00
7.941841591434176673e-01
